0056649006c7a250cb4174f1e924768ba2c9d599.flv,0056649006c7a250cb4174f1e924768ba2c9d599.flv	(0, 0)(1, 1)(2, 2)(3, 3)(4, 4)(5, 5)(6, 6)(7, 7)(8, 8)(9, 9)(10, 10)(11, 11)(12, 12)(13, 13)(14, 14)(15, 15)(16, 16)
0056649006c7a250cb4174f1e924768ba2c9d599.flv,1357538fd1fd2975a8b3f750d5f6b13695aa4e28.flv	(8, 2)(9, 3)
0056649006c7a250cb4174f1e924768ba2c9d599.flv,1357538fd1fd2975a8b3f750d5f6b13695aa4e28.flv	(10, 6)
0056649006c7a250cb4174f1e924768ba2c9d599.flv,1357538fd1fd2975a8b3f750d5f6b13695aa4e28.flv	(10, 4)
0056649006c7a250cb4174f1e924768ba2c9d599.flv,1357538fd1fd2975a8b3f750d5f6b13695aa4e28.flv	(13, 5)
0056649006c7a250cb4174f1e924768ba2c9d599.flv,1f4f6311bb4acc0bc72e4a915a32093a7a85741c.flv	(5, 1)(6, 3)(7, 4)(8, 5)(9, 5)
0056649006c7a250cb4174f1e924768ba2c9d599.flv,1f4f6311bb4acc0bc72e4a915a32093a7a85741c.flv	(10, 12)
0056649006c7a250cb4174f1e924768ba2c9d599.flv,1f4f6311bb4acc0bc72e4a915a32093a7a85741c.flv	(10, 6)(11, 7)
0056649006c7a250cb4174f1e924768ba2c9d599.flv,1f4f6311bb4acc0bc72e4a915a32093a7a85741c.flv	(13, 8)(14, 9)
1357538fd1fd2975a8b3f750d5f6b13695aa4e28.flv,1357538fd1fd2975a8b3f750d5f6b13695aa4e28.flv	(0, 0)(1, 1)(2, 2)(3, 3)(4, 4)(5, 5)(6, 6)
1357538fd1fd2975a8b3f750d5f6b13695aa4e28.flv,1f4f6311bb4acc0bc72e4a915a32093a7a85741c.flv	(0, 0)(3, 5)(4, 7)(6, 12)
1357538fd1fd2975a8b3f750d5f6b13695aa4e28.flv,37a935b4c21662e183a0dd632f40d5fd6900c42b.mp4	(1, 0)(5, 1)
1357538fd1fd2975a8b3f750d5f6b13695aa4e28.flv,3fe2e54fdb267849aa8aeb0b39ec0d1c7075b391.flv	(0, 1)(3, 5)(4, 7)(6, 13)
1357538fd1fd2975a8b3f750d5f6b13695aa4e28.flv,4ffe88b2da93f727952dc3104e70c0b0665d9e1a.flv	(3, 4)(4, 5)
1357538fd1fd2975a8b3f750d5f6b13695aa4e28.flv,52ac7a125ee96ff91ca49c197d3a79b6c0857e68.flv	(0, 0)(3, 6)(4, 8)(5, 11)(6, 13)
1357538fd1fd2975a8b3f750d5f6b13695aa4e28.flv,54f841cdb1b1a498c656bd541d23c690b70737bd.flv	(0, 0)(2, 6)
1357538fd1fd2975a8b3f750d5f6b13695aa4e28.flv,5d38467d3becf8273bd7ae9028a37fcb0cc3828b.flv	(0, 6)(2, 11)(3, 12)
1357538fd1fd2975a8b3f750d5f6b13695aa4e28.flv,5d38467d3becf8273bd7ae9028a37fcb0cc3828b.flv	(4, 13)
1357538fd1fd2975a8b3f750d5f6b13695aa4e28.flv,5d38467d3becf8273bd7ae9028a37fcb0cc3828b.flv	(5, 15)
1357538fd1fd2975a8b3f750d5f6b13695aa4e28.flv,5d38467d3becf8273bd7ae9028a37fcb0cc3828b.flv	(5, 22)(6, 26)
1357538fd1fd2975a8b3f750d5f6b13695aa4e28.flv,63407cc775874d569f82a2060c636b785c09a487.flv	(0, 0)(3, 5)(4, 7)(6, 12)
1357538fd1fd2975a8b3f750d5f6b13695aa4e28.flv,66e0225621e48946b7ab09027c18c83b69564002.flv	(0, 0)(1, 1)(4, 3)
1357538fd1fd2975a8b3f750d5f6b13695aa4e28.flv,72e97f43a27cdb56a82454758c383c1ac82e91b9.flv	(1, 4)(4, 6)(5, 8)(6, 9)
1357538fd1fd2975a8b3f750d5f6b13695aa4e28.flv,74018dcbf908a0a0319e889a70a920896b63ed99.flv	(0, 0)(3, 6)(4, 8)(6, 14)
1357538fd1fd2975a8b3f750d5f6b13695aa4e28.flv,9026d2a43d0e645901aa9138136bbc1491856ffb.flv	(0, 0)(1, 1)(3, 3)(4, 5)
1357538fd1fd2975a8b3f750d5f6b13695aa4e28.flv,97c71f57e83f6ab16906fdd7edc8e3f88d2ceee1.flv	(1, 0)
1357538fd1fd2975a8b3f750d5f6b13695aa4e28.flv,97c71f57e83f6ab16906fdd7edc8e3f88d2ceee1.flv	(4, 0)
1357538fd1fd2975a8b3f750d5f6b13695aa4e28.flv,97c71f57e83f6ab16906fdd7edc8e3f88d2ceee1.flv	(5, 0)
1357538fd1fd2975a8b3f750d5f6b13695aa4e28.flv,97c71f57e83f6ab16906fdd7edc8e3f88d2ceee1.flv	(5, 0)
1357538fd1fd2975a8b3f750d5f6b13695aa4e28.flv,a100d2d414f1faa59abdb409e8858d6a4ba96618.flv	(0, 0)(3, 4)
1357538fd1fd2975a8b3f750d5f6b13695aa4e28.flv,a100d2d414f1faa59abdb409e8858d6a4ba96618.flv	(4, 5)
1357538fd1fd2975a8b3f750d5f6b13695aa4e28.flv,a100d2d414f1faa59abdb409e8858d6a4ba96618.flv	(5, 7)
1357538fd1fd2975a8b3f750d5f6b13695aa4e28.flv,a100d2d414f1faa59abdb409e8858d6a4ba96618.flv	(5, 15)
1357538fd1fd2975a8b3f750d5f6b13695aa4e28.flv,ab12206048207553294916664d0ebf1cd9e81ef6.flv	(0, 0)(3, 5)(4, 7)
1357538fd1fd2975a8b3f750d5f6b13695aa4e28.flv,b34b81ce75ea0773ba04b3f1ddedf3f3fac823fa.flv	(0, 0)(3, 5)(4, 7)(6, 12)
1357538fd1fd2975a8b3f750d5f6b13695aa4e28.flv,c4384b8402362a0351d4e1dc9de0c01d7117322f.flv	(0, 0)(2, 5)(3, 6)(4, 8)(6, 14)
1357538fd1fd2975a8b3f750d5f6b13695aa4e28.flv,d28c7952b8a60139126446bc81bff5ecebcf5129.flv	(0, 0)(3, 5)(4, 7)(6, 13)
1357538fd1fd2975a8b3f750d5f6b13695aa4e28.flv,e4516162efaa2bb36d38fbf245bc41b6fd24f443.flv	(0, 1)(3, 5)(4, 7)(6, 13)
1357538fd1fd2975a8b3f750d5f6b13695aa4e28.flv,e6f1dd4881c0088d861763dadd83db04fb353500.flv	(0, 0)(3, 4)
1357538fd1fd2975a8b3f750d5f6b13695aa4e28.flv,e6f1dd4881c0088d861763dadd83db04fb353500.flv	(4, 5)
1357538fd1fd2975a8b3f750d5f6b13695aa4e28.flv,e6f1dd4881c0088d861763dadd83db04fb353500.flv	(5, 7)
1357538fd1fd2975a8b3f750d5f6b13695aa4e28.flv,e6f1dd4881c0088d861763dadd83db04fb353500.flv	(5, 15)
1357538fd1fd2975a8b3f750d5f6b13695aa4e28.flv,f9395fd63d7f59cae6103cfb00e116b4a1d0be5e.flv	(0, 6)(2, 11)(3, 12)
1357538fd1fd2975a8b3f750d5f6b13695aa4e28.flv,f9395fd63d7f59cae6103cfb00e116b4a1d0be5e.flv	(4, 13)
1357538fd1fd2975a8b3f750d5f6b13695aa4e28.flv,f9395fd63d7f59cae6103cfb00e116b4a1d0be5e.flv	(5, 15)
1357538fd1fd2975a8b3f750d5f6b13695aa4e28.flv,f9395fd63d7f59cae6103cfb00e116b4a1d0be5e.flv	(5, 22)(6, 26)
1357538fd1fd2975a8b3f750d5f6b13695aa4e28.flv,f98075fcebb2596c91cf6886b30a39521cc60855.flv	(0, 0)(1, 2)(3, 4)(4, 6)(5, 7)
1357538fd1fd2975a8b3f750d5f6b13695aa4e28.flv,fa0aa890db611cbe029b8c222663579ec7081bb6.flv	(0, 0)(3, 5)(4, 6)(6, 12)
1f4f6311bb4acc0bc72e4a915a32093a7a85741c.flv,1f4f6311bb4acc0bc72e4a915a32093a7a85741c.flv	(0, 0)(1, 1)(2, 2)(3, 3)(4, 4)(5, 5)(6, 6)(7, 7)(8, 8)(9, 9)(10, 10)(11, 11)(12, 12)
1f4f6311bb4acc0bc72e4a915a32093a7a85741c.flv,37a935b4c21662e183a0dd632f40d5fd6900c42b.mp4	
1f4f6311bb4acc0bc72e4a915a32093a7a85741c.flv,3fe2e54fdb267849aa8aeb0b39ec0d1c7075b391.flv	(0, 1)(1, 2)(3, 3)(4, 4)(5, 5)(6, 6)(7, 7)(8, 8)(9, 9)(10, 10)(11, 11)(11, 12)(12, 13)
1f4f6311bb4acc0bc72e4a915a32093a7a85741c.flv,4ffe88b2da93f727952dc3104e70c0b0665d9e1a.flv	(1, 1)(2, 2)(4, 3)
1f4f6311bb4acc0bc72e4a915a32093a7a85741c.flv,52ac7a125ee96ff91ca49c197d3a79b6c0857e68.flv	(0, 0)(1, 3)(3, 4)(4, 5)(5, 6)(6, 7)(7, 8)(8, 9)(9, 10)(10, 11)(12, 13)
1f4f6311bb4acc0bc72e4a915a32093a7a85741c.flv,54f841cdb1b1a498c656bd541d23c690b70737bd.flv	(0, 0)(2, 4)(4, 5)(5, 6)
1f4f6311bb4acc0bc72e4a915a32093a7a85741c.flv,5d38467d3becf8273bd7ae9028a37fcb0cc3828b.flv	(0, 6)(1, 7)(2, 8)(3, 9)(4, 10)(5, 11)(5, 12)
1f4f6311bb4acc0bc72e4a915a32093a7a85741c.flv,5d38467d3becf8273bd7ae9028a37fcb0cc3828b.flv	(7, 13)
1f4f6311bb4acc0bc72e4a915a32093a7a85741c.flv,5d38467d3becf8273bd7ae9028a37fcb0cc3828b.flv	(8, 15)(9, 16)
1f4f6311bb4acc0bc72e4a915a32093a7a85741c.flv,5d38467d3becf8273bd7ae9028a37fcb0cc3828b.flv	(10, 22)(11, 25)(12, 26)
1f4f6311bb4acc0bc72e4a915a32093a7a85741c.flv,63407cc775874d569f82a2060c636b785c09a487.flv	(0, 0)(1, 1)(2, 2)(3, 3)(4, 4)(5, 5)(6, 6)(7, 7)(8, 8)(9, 9)(10, 10)(11, 11)(12, 12)
1f4f6311bb4acc0bc72e4a915a32093a7a85741c.flv,66e0225621e48946b7ab09027c18c83b69564002.flv	(1, 1)(4, 2)(6, 3)
1f4f6311bb4acc0bc72e4a915a32093a7a85741c.flv,72e97f43a27cdb56a82454758c383c1ac82e91b9.flv	(1, 2)(2, 3)(4, 4)(6, 5)(7, 6)(10, 8)(12, 9)
1f4f6311bb4acc0bc72e4a915a32093a7a85741c.flv,74018dcbf908a0a0319e889a70a920896b63ed99.flv	(0, 0)(3, 4)(4, 5)(5, 6)(6, 7)(7, 8)(8, 9)(9, 10)(10, 11)(11, 12)(12, 14)
1f4f6311bb4acc0bc72e4a915a32093a7a85741c.flv,9026d2a43d0e645901aa9138136bbc1491856ffb.flv	(0, 0)(1, 1)(4, 2)(5, 3)(6, 4)(7, 5)(8, 6)(9, 7)(10, 8)(11, 9)(12, 10)
1f4f6311bb4acc0bc72e4a915a32093a7a85741c.flv,97c71f57e83f6ab16906fdd7edc8e3f88d2ceee1.flv	
1f4f6311bb4acc0bc72e4a915a32093a7a85741c.flv,97c71f57e83f6ab16906fdd7edc8e3f88d2ceee1.flv	(7, 0)
1f4f6311bb4acc0bc72e4a915a32093a7a85741c.flv,97c71f57e83f6ab16906fdd7edc8e3f88d2ceee1.flv	(8, 0)
1f4f6311bb4acc0bc72e4a915a32093a7a85741c.flv,97c71f57e83f6ab16906fdd7edc8e3f88d2ceee1.flv	(10, 0)
1f4f6311bb4acc0bc72e4a915a32093a7a85741c.flv,a100d2d414f1faa59abdb409e8858d6a4ba96618.flv	(0, 0)(1, 1)(2, 2)(4, 3)(5, 4)
1f4f6311bb4acc0bc72e4a915a32093a7a85741c.flv,a100d2d414f1faa59abdb409e8858d6a4ba96618.flv	(7, 5)
1f4f6311bb4acc0bc72e4a915a32093a7a85741c.flv,a100d2d414f1faa59abdb409e8858d6a4ba96618.flv	
1f4f6311bb4acc0bc72e4a915a32093a7a85741c.flv,a100d2d414f1faa59abdb409e8858d6a4ba96618.flv	(10, 15)
1f4f6311bb4acc0bc72e4a915a32093a7a85741c.flv,ab12206048207553294916664d0ebf1cd9e81ef6.flv	(0, 0)(1, 1)(2, 2)(3, 3)(4, 4)(5, 5)(6, 6)(7, 7)(8, 8)(9, 9)(10, 10)(12, 11)
1f4f6311bb4acc0bc72e4a915a32093a7a85741c.flv,b34b81ce75ea0773ba04b3f1ddedf3f3fac823fa.flv	(0, 0)(1, 2)(3, 3)(4, 4)(5, 5)(6, 6)(7, 7)(8, 8)(9, 9)(10, 10)(11, 11)(12, 12)
1f4f6311bb4acc0bc72e4a915a32093a7a85741c.flv,c4384b8402362a0351d4e1dc9de0c01d7117322f.flv	(0, 0)(1, 2)(3, 3)(4, 4)(5, 5)(5, 6)(6, 7)(7, 8)(8, 9)(9, 10)(10, 11)(11, 12)(12, 14)
1f4f6311bb4acc0bc72e4a915a32093a7a85741c.flv,d28c7952b8a60139126446bc81bff5ecebcf5129.flv	(0, 0)(1, 2)(3, 3)(4, 4)(5, 5)(6, 6)(7, 7)(8, 8)(9, 9)(10, 10)(11, 11)(12, 13)
1f4f6311bb4acc0bc72e4a915a32093a7a85741c.flv,e4516162efaa2bb36d38fbf245bc41b6fd24f443.flv	(0, 1)(1, 2)(2, 3)(3, 3)(4, 4)(5, 5)(6, 6)(7, 7)(8, 8)(9, 9)(10, 10)(11, 12)(12, 13)
1f4f6311bb4acc0bc72e4a915a32093a7a85741c.flv,e6f1dd4881c0088d861763dadd83db04fb353500.flv	(0, 0)(1, 1)(2, 2)(4, 3)(5, 4)
1f4f6311bb4acc0bc72e4a915a32093a7a85741c.flv,e6f1dd4881c0088d861763dadd83db04fb353500.flv	(7, 5)
1f4f6311bb4acc0bc72e4a915a32093a7a85741c.flv,e6f1dd4881c0088d861763dadd83db04fb353500.flv	(8, 7)(9, 8)
1f4f6311bb4acc0bc72e4a915a32093a7a85741c.flv,e6f1dd4881c0088d861763dadd83db04fb353500.flv	(10, 15)(11, 17)
1f4f6311bb4acc0bc72e4a915a32093a7a85741c.flv,f9395fd63d7f59cae6103cfb00e116b4a1d0be5e.flv	(1, 7)(2, 8)(3, 9)(4, 10)(5, 12)
1f4f6311bb4acc0bc72e4a915a32093a7a85741c.flv,f9395fd63d7f59cae6103cfb00e116b4a1d0be5e.flv	(7, 13)
1f4f6311bb4acc0bc72e4a915a32093a7a85741c.flv,f9395fd63d7f59cae6103cfb00e116b4a1d0be5e.flv	(8, 15)(9, 16)
1f4f6311bb4acc0bc72e4a915a32093a7a85741c.flv,f9395fd63d7f59cae6103cfb00e116b4a1d0be5e.flv	(10, 22)(11, 25)(12, 26)
1f4f6311bb4acc0bc72e4a915a32093a7a85741c.flv,f98075fcebb2596c91cf6886b30a39521cc60855.flv	(0, 0)(4, 3)(5, 4)(6, 5)(7, 6)(8, 7)(9, 8)
1f4f6311bb4acc0bc72e4a915a32093a7a85741c.flv,fa0aa890db611cbe029b8c222663579ec7081bb6.flv	(0, 0)(1, 2)(3, 3)(4, 4)(5, 5)(7, 6)(8, 7)(9, 8)(10, 9)(11, 11)(12, 12)
37a935b4c21662e183a0dd632f40d5fd6900c42b.mp4,37a935b4c21662e183a0dd632f40d5fd6900c42b.mp4	(0, 0)(1, 1)
37a935b4c21662e183a0dd632f40d5fd6900c42b.mp4,3fe2e54fdb267849aa8aeb0b39ec0d1c7075b391.flv	
37a935b4c21662e183a0dd632f40d5fd6900c42b.mp4,4ffe88b2da93f727952dc3104e70c0b0665d9e1a.flv	(1, 5)
37a935b4c21662e183a0dd632f40d5fd6900c42b.mp4,52ac7a125ee96ff91ca49c197d3a79b6c0857e68.flv	
37a935b4c21662e183a0dd632f40d5fd6900c42b.mp4,54f841cdb1b1a498c656bd541d23c690b70737bd.flv	
37a935b4c21662e183a0dd632f40d5fd6900c42b.mp4,5d38467d3becf8273bd7ae9028a37fcb0cc3828b.flv	
37a935b4c21662e183a0dd632f40d5fd6900c42b.mp4,5d38467d3becf8273bd7ae9028a37fcb0cc3828b.flv	(1, 13)
37a935b4c21662e183a0dd632f40d5fd6900c42b.mp4,5d38467d3becf8273bd7ae9028a37fcb0cc3828b.flv	(1, 15)
37a935b4c21662e183a0dd632f40d5fd6900c42b.mp4,5d38467d3becf8273bd7ae9028a37fcb0cc3828b.flv	
37a935b4c21662e183a0dd632f40d5fd6900c42b.mp4,63407cc775874d569f82a2060c636b785c09a487.flv	
37a935b4c21662e183a0dd632f40d5fd6900c42b.mp4,66e0225621e48946b7ab09027c18c83b69564002.flv	(1, 3)
37a935b4c21662e183a0dd632f40d5fd6900c42b.mp4,72e97f43a27cdb56a82454758c383c1ac82e91b9.flv	
37a935b4c21662e183a0dd632f40d5fd6900c42b.mp4,74018dcbf908a0a0319e889a70a920896b63ed99.flv	
37a935b4c21662e183a0dd632f40d5fd6900c42b.mp4,9026d2a43d0e645901aa9138136bbc1491856ffb.flv	(0, 1)
37a935b4c21662e183a0dd632f40d5fd6900c42b.mp4,97c71f57e83f6ab16906fdd7edc8e3f88d2ceee1.flv	(0, 0)
37a935b4c21662e183a0dd632f40d5fd6900c42b.mp4,97c71f57e83f6ab16906fdd7edc8e3f88d2ceee1.flv	(1, 0)
37a935b4c21662e183a0dd632f40d5fd6900c42b.mp4,97c71f57e83f6ab16906fdd7edc8e3f88d2ceee1.flv	(1, 0)
37a935b4c21662e183a0dd632f40d5fd6900c42b.mp4,97c71f57e83f6ab16906fdd7edc8e3f88d2ceee1.flv	(1, 0)
37a935b4c21662e183a0dd632f40d5fd6900c42b.mp4,a100d2d414f1faa59abdb409e8858d6a4ba96618.flv	
37a935b4c21662e183a0dd632f40d5fd6900c42b.mp4,a100d2d414f1faa59abdb409e8858d6a4ba96618.flv	(1, 5)
37a935b4c21662e183a0dd632f40d5fd6900c42b.mp4,a100d2d414f1faa59abdb409e8858d6a4ba96618.flv	(1, 7)
37a935b4c21662e183a0dd632f40d5fd6900c42b.mp4,a100d2d414f1faa59abdb409e8858d6a4ba96618.flv	(1, 15)
37a935b4c21662e183a0dd632f40d5fd6900c42b.mp4,ab12206048207553294916664d0ebf1cd9e81ef6.flv	
37a935b4c21662e183a0dd632f40d5fd6900c42b.mp4,b34b81ce75ea0773ba04b3f1ddedf3f3fac823fa.flv	
37a935b4c21662e183a0dd632f40d5fd6900c42b.mp4,c4384b8402362a0351d4e1dc9de0c01d7117322f.flv	
37a935b4c21662e183a0dd632f40d5fd6900c42b.mp4,d28c7952b8a60139126446bc81bff5ecebcf5129.flv	
37a935b4c21662e183a0dd632f40d5fd6900c42b.mp4,e4516162efaa2bb36d38fbf245bc41b6fd24f443.flv	
37a935b4c21662e183a0dd632f40d5fd6900c42b.mp4,e6f1dd4881c0088d861763dadd83db04fb353500.flv	
37a935b4c21662e183a0dd632f40d5fd6900c42b.mp4,e6f1dd4881c0088d861763dadd83db04fb353500.flv	(1, 5)
37a935b4c21662e183a0dd632f40d5fd6900c42b.mp4,e6f1dd4881c0088d861763dadd83db04fb353500.flv	(1, 7)
37a935b4c21662e183a0dd632f40d5fd6900c42b.mp4,e6f1dd4881c0088d861763dadd83db04fb353500.flv	(1, 15)
37a935b4c21662e183a0dd632f40d5fd6900c42b.mp4,f9395fd63d7f59cae6103cfb00e116b4a1d0be5e.flv	
37a935b4c21662e183a0dd632f40d5fd6900c42b.mp4,f9395fd63d7f59cae6103cfb00e116b4a1d0be5e.flv	(1, 13)
37a935b4c21662e183a0dd632f40d5fd6900c42b.mp4,f9395fd63d7f59cae6103cfb00e116b4a1d0be5e.flv	(1, 15)
37a935b4c21662e183a0dd632f40d5fd6900c42b.mp4,f9395fd63d7f59cae6103cfb00e116b4a1d0be5e.flv	
37a935b4c21662e183a0dd632f40d5fd6900c42b.mp4,f98075fcebb2596c91cf6886b30a39521cc60855.flv	
37a935b4c21662e183a0dd632f40d5fd6900c42b.mp4,fa0aa890db611cbe029b8c222663579ec7081bb6.flv	
3fe2e54fdb267849aa8aeb0b39ec0d1c7075b391.flv,3fe2e54fdb267849aa8aeb0b39ec0d1c7075b391.flv	(0, 0)(1, 1)(2, 2)(3, 3)(4, 4)(5, 5)(6, 6)(7, 7)(8, 8)(9, 9)(10, 10)(11, 11)(12, 12)(13, 13)(14, 14)(15, 15)(16, 16)
3fe2e54fdb267849aa8aeb0b39ec0d1c7075b391.flv,4ffe88b2da93f727952dc3104e70c0b0665d9e1a.flv	(2, 1)(3, 2)(4, 3)
3fe2e54fdb267849aa8aeb0b39ec0d1c7075b391.flv,52ac7a125ee96ff91ca49c197d3a79b6c0857e68.flv	(1, 0)(1, 1)(2, 3)(3, 4)(4, 5)(5, 6)(6, 7)(7, 8)(8, 9)(9, 10)(10, 11)(12, 12)(13, 13)
3fe2e54fdb267849aa8aeb0b39ec0d1c7075b391.flv,54f841cdb1b1a498c656bd541d23c690b70737bd.flv	(1, 0)(1, 1)(2, 3)(3, 4)(4, 5)(5, 6)
3fe2e54fdb267849aa8aeb0b39ec0d1c7075b391.flv,5d38467d3becf8273bd7ae9028a37fcb0cc3828b.flv	(1, 6)(2, 7)(4, 10)(5, 12)
3fe2e54fdb267849aa8aeb0b39ec0d1c7075b391.flv,5d38467d3becf8273bd7ae9028a37fcb0cc3828b.flv	(7, 13)
3fe2e54fdb267849aa8aeb0b39ec0d1c7075b391.flv,5d38467d3becf8273bd7ae9028a37fcb0cc3828b.flv	(8, 15)(9, 16)
3fe2e54fdb267849aa8aeb0b39ec0d1c7075b391.flv,5d38467d3becf8273bd7ae9028a37fcb0cc3828b.flv	(10, 22)(11, 24)(12, 25)(13, 26)
3fe2e54fdb267849aa8aeb0b39ec0d1c7075b391.flv,63407cc775874d569f82a2060c636b785c09a487.flv	(1, 0)(2, 1)(3, 3)(4, 4)(5, 5)(6, 6)(7, 7)(8, 8)(9, 9)(10, 10)(11, 11)(12, 11)(13, 12)
3fe2e54fdb267849aa8aeb0b39ec0d1c7075b391.flv,66e0225621e48946b7ab09027c18c83b69564002.flv	(1, 0)
3fe2e54fdb267849aa8aeb0b39ec0d1c7075b391.flv,72e97f43a27cdb56a82454758c383c1ac82e91b9.flv	(2, 2)(4, 4)(6, 5)(7, 6)(10, 8)(13, 9)
3fe2e54fdb267849aa8aeb0b39ec0d1c7075b391.flv,74018dcbf908a0a0319e889a70a920896b63ed99.flv	(1, 0)(1, 1)(3, 4)(4, 5)(5, 6)(6, 7)(7, 8)(8, 9)(9, 10)(10, 11)(11, 12)(12, 13)(13, 14)
3fe2e54fdb267849aa8aeb0b39ec0d1c7075b391.flv,9026d2a43d0e645901aa9138136bbc1491856ffb.flv	(1, 0)(2, 1)(4, 2)(5, 3)(6, 4)(7, 5)(8, 6)(9, 7)(10, 8)(12, 9)(13, 10)
3fe2e54fdb267849aa8aeb0b39ec0d1c7075b391.flv,97c71f57e83f6ab16906fdd7edc8e3f88d2ceee1.flv	
3fe2e54fdb267849aa8aeb0b39ec0d1c7075b391.flv,97c71f57e83f6ab16906fdd7edc8e3f88d2ceee1.flv	(7, 0)
3fe2e54fdb267849aa8aeb0b39ec0d1c7075b391.flv,97c71f57e83f6ab16906fdd7edc8e3f88d2ceee1.flv	(8, 0)
3fe2e54fdb267849aa8aeb0b39ec0d1c7075b391.flv,97c71f57e83f6ab16906fdd7edc8e3f88d2ceee1.flv	(10, 0)
3fe2e54fdb267849aa8aeb0b39ec0d1c7075b391.flv,a100d2d414f1faa59abdb409e8858d6a4ba96618.flv	(1, 0)(2, 1)(3, 2)(4, 3)(5, 4)
3fe2e54fdb267849aa8aeb0b39ec0d1c7075b391.flv,a100d2d414f1faa59abdb409e8858d6a4ba96618.flv	(7, 5)
3fe2e54fdb267849aa8aeb0b39ec0d1c7075b391.flv,a100d2d414f1faa59abdb409e8858d6a4ba96618.flv	(8, 7)(9, 8)
3fe2e54fdb267849aa8aeb0b39ec0d1c7075b391.flv,a100d2d414f1faa59abdb409e8858d6a4ba96618.flv	(10, 15)(11, 16)(13, 17)
3fe2e54fdb267849aa8aeb0b39ec0d1c7075b391.flv,ab12206048207553294916664d0ebf1cd9e81ef6.flv	(1, 0)(2, 1)(3, 3)(4, 4)(5, 5)(6, 6)(7, 7)(8, 8)(9, 9)(10, 10)(13, 11)
3fe2e54fdb267849aa8aeb0b39ec0d1c7075b391.flv,b34b81ce75ea0773ba04b3f1ddedf3f3fac823fa.flv	(1, 0)(2, 2)(3, 3)(4, 4)(5, 5)(6, 6)(7, 7)(8, 8)(9, 9)(10, 10)(11, 11)(12, 11)(13, 12)
3fe2e54fdb267849aa8aeb0b39ec0d1c7075b391.flv,c4384b8402362a0351d4e1dc9de0c01d7117322f.flv	(1, 0)(2, 2)(3, 3)(4, 4)(5, 6)(6, 7)(7, 8)(8, 9)(9, 10)(10, 11)(11, 12)(12, 13)(13, 14)
3fe2e54fdb267849aa8aeb0b39ec0d1c7075b391.flv,d28c7952b8a60139126446bc81bff5ecebcf5129.flv	(1, 0)(2, 2)(3, 3)(4, 4)(5, 5)(6, 6)(7, 7)(8, 8)(9, 9)(10, 10)(11, 11)(12, 12)(13, 13)
3fe2e54fdb267849aa8aeb0b39ec0d1c7075b391.flv,e4516162efaa2bb36d38fbf245bc41b6fd24f443.flv	(0, 0)(1, 1)(2, 2)(3, 3)(4, 4)(5, 5)(6, 6)(7, 7)(8, 8)(9, 9)(10, 10)(11, 11)(12, 12)(13, 13)(14, 14)(15, 15)(16, 16)
3fe2e54fdb267849aa8aeb0b39ec0d1c7075b391.flv,e6f1dd4881c0088d861763dadd83db04fb353500.flv	(1, 0)(2, 1)(3, 2)(4, 3)(5, 4)
3fe2e54fdb267849aa8aeb0b39ec0d1c7075b391.flv,e6f1dd4881c0088d861763dadd83db04fb353500.flv	(7, 5)
3fe2e54fdb267849aa8aeb0b39ec0d1c7075b391.flv,e6f1dd4881c0088d861763dadd83db04fb353500.flv	(8, 7)(9, 8)
3fe2e54fdb267849aa8aeb0b39ec0d1c7075b391.flv,e6f1dd4881c0088d861763dadd83db04fb353500.flv	(10, 15)(12, 17)
3fe2e54fdb267849aa8aeb0b39ec0d1c7075b391.flv,f9395fd63d7f59cae6103cfb00e116b4a1d0be5e.flv	(1, 6)(2, 7)(4, 10)(5, 12)
3fe2e54fdb267849aa8aeb0b39ec0d1c7075b391.flv,f9395fd63d7f59cae6103cfb00e116b4a1d0be5e.flv	(7, 13)
3fe2e54fdb267849aa8aeb0b39ec0d1c7075b391.flv,f9395fd63d7f59cae6103cfb00e116b4a1d0be5e.flv	(8, 15)(9, 16)
3fe2e54fdb267849aa8aeb0b39ec0d1c7075b391.flv,f9395fd63d7f59cae6103cfb00e116b4a1d0be5e.flv	(10, 22)(11, 24)(12, 25)(13, 26)
3fe2e54fdb267849aa8aeb0b39ec0d1c7075b391.flv,f98075fcebb2596c91cf6886b30a39521cc60855.flv	(1, 0)(3, 2)(4, 3)(5, 4)(6, 5)(7, 6)(8, 7)(9, 8)
3fe2e54fdb267849aa8aeb0b39ec0d1c7075b391.flv,fa0aa890db611cbe029b8c222663579ec7081bb6.flv	(1, 0)(1, 1)(2, 2)(3, 3)(4, 4)(5, 5)(7, 6)(8, 7)(9, 8)(10, 9)(11, 11)(12, 11)(13, 12)
4ffe88b2da93f727952dc3104e70c0b0665d9e1a.flv,4ffe88b2da93f727952dc3104e70c0b0665d9e1a.flv	(0, 0)(1, 1)(2, 2)(3, 3)(4, 4)(5, 5)(6, 6)
4ffe88b2da93f727952dc3104e70c0b0665d9e1a.flv,52ac7a125ee96ff91ca49c197d3a79b6c0857e68.flv	(0, 2)(1, 3)(2, 4)(3, 5)
4ffe88b2da93f727952dc3104e70c0b0665d9e1a.flv,54f841cdb1b1a498c656bd541d23c690b70737bd.flv	(0, 2)(1, 3)(2, 4)(3, 5)
4ffe88b2da93f727952dc3104e70c0b0665d9e1a.flv,5d38467d3becf8273bd7ae9028a37fcb0cc3828b.flv	(0, 6)(1, 7)(3, 10)(4, 12)
4ffe88b2da93f727952dc3104e70c0b0665d9e1a.flv,5d38467d3becf8273bd7ae9028a37fcb0cc3828b.flv	(5, 13)
4ffe88b2da93f727952dc3104e70c0b0665d9e1a.flv,63407cc775874d569f82a2060c636b785c09a487.flv	(1, 1)(2, 2)(3, 4)
4ffe88b2da93f727952dc3104e70c0b0665d9e1a.flv,66e0225621e48946b7ab09027c18c83b69564002.flv	(0, 0)(1, 1)(3, 2)(5, 3)
4ffe88b2da93f727952dc3104e70c0b0665d9e1a.flv,72e97f43a27cdb56a82454758c383c1ac82e91b9.flv	(1, 2)(5, 6)(6, 7)
4ffe88b2da93f727952dc3104e70c0b0665d9e1a.flv,74018dcbf908a0a0319e889a70a920896b63ed99.flv	(0, 2)(1, 3)(3, 5)
4ffe88b2da93f727952dc3104e70c0b0665d9e1a.flv,9026d2a43d0e645901aa9138136bbc1491856ffb.flv	(3, 2)(4, 3)
4ffe88b2da93f727952dc3104e70c0b0665d9e1a.flv,97c71f57e83f6ab16906fdd7edc8e3f88d2ceee1.flv	
4ffe88b2da93f727952dc3104e70c0b0665d9e1a.flv,97c71f57e83f6ab16906fdd7edc8e3f88d2ceee1.flv	(5, 0)
4ffe88b2da93f727952dc3104e70c0b0665d9e1a.flv,a100d2d414f1faa59abdb409e8858d6a4ba96618.flv	(1, 1)(2, 2)(3, 3)(4, 4)
4ffe88b2da93f727952dc3104e70c0b0665d9e1a.flv,a100d2d414f1faa59abdb409e8858d6a4ba96618.flv	(5, 5)
4ffe88b2da93f727952dc3104e70c0b0665d9e1a.flv,ab12206048207553294916664d0ebf1cd9e81ef6.flv	(1, 1)(2, 2)(3, 4)
4ffe88b2da93f727952dc3104e70c0b0665d9e1a.flv,b34b81ce75ea0773ba04b3f1ddedf3f3fac823fa.flv	(1, 2)(2, 3)(3, 4)
4ffe88b2da93f727952dc3104e70c0b0665d9e1a.flv,c4384b8402362a0351d4e1dc9de0c01d7117322f.flv	(1, 2)(2, 3)(3, 4)(4, 6)
4ffe88b2da93f727952dc3104e70c0b0665d9e1a.flv,d28c7952b8a60139126446bc81bff5ecebcf5129.flv	(1, 2)(2, 3)(3, 4)
4ffe88b2da93f727952dc3104e70c0b0665d9e1a.flv,e4516162efaa2bb36d38fbf245bc41b6fd24f443.flv	(1, 2)(2, 3)(3, 4)
4ffe88b2da93f727952dc3104e70c0b0665d9e1a.flv,e6f1dd4881c0088d861763dadd83db04fb353500.flv	(1, 1)(2, 2)(3, 3)(4, 4)
4ffe88b2da93f727952dc3104e70c0b0665d9e1a.flv,e6f1dd4881c0088d861763dadd83db04fb353500.flv	(5, 5)
4ffe88b2da93f727952dc3104e70c0b0665d9e1a.flv,f9395fd63d7f59cae6103cfb00e116b4a1d0be5e.flv	(0, 6)(1, 7)(3, 10)(4, 12)
4ffe88b2da93f727952dc3104e70c0b0665d9e1a.flv,f9395fd63d7f59cae6103cfb00e116b4a1d0be5e.flv	(5, 13)
4ffe88b2da93f727952dc3104e70c0b0665d9e1a.flv,f98075fcebb2596c91cf6886b30a39521cc60855.flv	
4ffe88b2da93f727952dc3104e70c0b0665d9e1a.flv,fa0aa890db611cbe029b8c222663579ec7081bb6.flv	
52ac7a125ee96ff91ca49c197d3a79b6c0857e68.flv,52ac7a125ee96ff91ca49c197d3a79b6c0857e68.flv	(0, 0)(1, 1)(2, 2)(3, 3)(4, 4)(5, 5)(6, 6)(7, 7)(8, 8)(9, 9)(10, 10)(11, 11)(12, 12)(13, 13)
52ac7a125ee96ff91ca49c197d3a79b6c0857e68.flv,54f841cdb1b1a498c656bd541d23c690b70737bd.flv	(0, 0)(1, 1)(2, 2)(3, 3)(4, 4)(5, 5)(6, 6)
52ac7a125ee96ff91ca49c197d3a79b6c0857e68.flv,5d38467d3becf8273bd7ae9028a37fcb0cc3828b.flv	(0, 6)(3, 7)(5, 10)(6, 11)(6, 12)
52ac7a125ee96ff91ca49c197d3a79b6c0857e68.flv,5d38467d3becf8273bd7ae9028a37fcb0cc3828b.flv	(8, 13)
52ac7a125ee96ff91ca49c197d3a79b6c0857e68.flv,5d38467d3becf8273bd7ae9028a37fcb0cc3828b.flv	(9, 15)(10, 16)
52ac7a125ee96ff91ca49c197d3a79b6c0857e68.flv,5d38467d3becf8273bd7ae9028a37fcb0cc3828b.flv	(11, 22)(12, 25)(13, 26)
52ac7a125ee96ff91ca49c197d3a79b6c0857e68.flv,63407cc775874d569f82a2060c636b785c09a487.flv	(0, 0)(3, 1)(4, 3)(5, 4)(6, 5)(7, 6)(8, 7)(9, 8)(10, 9)(11, 10)(13, 12)
52ac7a125ee96ff91ca49c197d3a79b6c0857e68.flv,66e0225621e48946b7ab09027c18c83b69564002.flv	(1, 0)(3, 1)(5, 2)(7, 3)
52ac7a125ee96ff91ca49c197d3a79b6c0857e68.flv,72e97f43a27cdb56a82454758c383c1ac82e91b9.flv	(3, 3)(4, 4)(8, 6)(9, 7)(11, 8)(13, 9)
52ac7a125ee96ff91ca49c197d3a79b6c0857e68.flv,74018dcbf908a0a0319e889a70a920896b63ed99.flv	(0, 0)(1, 1)(2, 2)(3, 3)(4, 4)(5, 5)(6, 6)(7, 7)(8, 8)(9, 9)(10, 10)(11, 11)(12, 13)(13, 14)
52ac7a125ee96ff91ca49c197d3a79b6c0857e68.flv,9026d2a43d0e645901aa9138136bbc1491856ffb.flv	(0, 0)(5, 2)(6, 3)(7, 4)(8, 5)(9, 6)(10, 7)(11, 8)(12, 9)(13, 10)
52ac7a125ee96ff91ca49c197d3a79b6c0857e68.flv,97c71f57e83f6ab16906fdd7edc8e3f88d2ceee1.flv	
52ac7a125ee96ff91ca49c197d3a79b6c0857e68.flv,97c71f57e83f6ab16906fdd7edc8e3f88d2ceee1.flv	(8, 0)
52ac7a125ee96ff91ca49c197d3a79b6c0857e68.flv,97c71f57e83f6ab16906fdd7edc8e3f88d2ceee1.flv	(9, 0)
52ac7a125ee96ff91ca49c197d3a79b6c0857e68.flv,97c71f57e83f6ab16906fdd7edc8e3f88d2ceee1.flv	(11, 0)
52ac7a125ee96ff91ca49c197d3a79b6c0857e68.flv,a100d2d414f1faa59abdb409e8858d6a4ba96618.flv	(0, 0)(3, 1)(4, 2)(5, 3)(6, 4)
52ac7a125ee96ff91ca49c197d3a79b6c0857e68.flv,a100d2d414f1faa59abdb409e8858d6a4ba96618.flv	(8, 5)
52ac7a125ee96ff91ca49c197d3a79b6c0857e68.flv,a100d2d414f1faa59abdb409e8858d6a4ba96618.flv	(9, 7)(10, 8)
52ac7a125ee96ff91ca49c197d3a79b6c0857e68.flv,a100d2d414f1faa59abdb409e8858d6a4ba96618.flv	(11, 15)(12, 16)(13, 17)
52ac7a125ee96ff91ca49c197d3a79b6c0857e68.flv,ab12206048207553294916664d0ebf1cd9e81ef6.flv	(0, 0)(3, 1)(4, 3)(5, 4)(6, 5)(7, 6)(8, 7)(9, 8)(10, 9)(11, 10)(13, 11)
52ac7a125ee96ff91ca49c197d3a79b6c0857e68.flv,b34b81ce75ea0773ba04b3f1ddedf3f3fac823fa.flv	(0, 0)(1, 1)(3, 2)(4, 3)(5, 4)(6, 5)(7, 6)(8, 7)(9, 8)(10, 9)(11, 10)(13, 12)
52ac7a125ee96ff91ca49c197d3a79b6c0857e68.flv,c4384b8402362a0351d4e1dc9de0c01d7117322f.flv	(0, 0)(1, 1)(3, 2)(4, 3)(5, 4)(6, 5)(6, 6)(7, 7)(8, 8)(9, 9)(10, 10)(11, 11)(12, 13)(13, 14)
52ac7a125ee96ff91ca49c197d3a79b6c0857e68.flv,d28c7952b8a60139126446bc81bff5ecebcf5129.flv	(0, 0)(1, 1)(3, 2)(4, 3)(5, 4)(6, 5)(7, 6)(8, 7)(9, 8)(10, 9)(11, 10)(12, 12)(13, 13)
52ac7a125ee96ff91ca49c197d3a79b6c0857e68.flv,e4516162efaa2bb36d38fbf245bc41b6fd24f443.flv	(0, 1)(1, 1)(3, 2)(4, 3)(5, 4)(6, 5)(7, 6)(8, 7)(9, 8)(10, 9)(11, 10)(12, 12)(13, 13)
52ac7a125ee96ff91ca49c197d3a79b6c0857e68.flv,e6f1dd4881c0088d861763dadd83db04fb353500.flv	(0, 0)(3, 1)(4, 2)(5, 3)(6, 4)
52ac7a125ee96ff91ca49c197d3a79b6c0857e68.flv,e6f1dd4881c0088d861763dadd83db04fb353500.flv	(8, 5)
52ac7a125ee96ff91ca49c197d3a79b6c0857e68.flv,e6f1dd4881c0088d861763dadd83db04fb353500.flv	(9, 7)(10, 8)
52ac7a125ee96ff91ca49c197d3a79b6c0857e68.flv,e6f1dd4881c0088d861763dadd83db04fb353500.flv	(11, 15)(12, 16)(13, 17)
52ac7a125ee96ff91ca49c197d3a79b6c0857e68.flv,f9395fd63d7f59cae6103cfb00e116b4a1d0be5e.flv	(3, 7)(5, 10)(6, 12)
52ac7a125ee96ff91ca49c197d3a79b6c0857e68.flv,f9395fd63d7f59cae6103cfb00e116b4a1d0be5e.flv	(8, 13)
52ac7a125ee96ff91ca49c197d3a79b6c0857e68.flv,f9395fd63d7f59cae6103cfb00e116b4a1d0be5e.flv	(9, 15)(10, 16)
52ac7a125ee96ff91ca49c197d3a79b6c0857e68.flv,f9395fd63d7f59cae6103cfb00e116b4a1d0be5e.flv	(11, 22)(12, 25)(13, 26)
52ac7a125ee96ff91ca49c197d3a79b6c0857e68.flv,f98075fcebb2596c91cf6886b30a39521cc60855.flv	(0, 0)(2, 1)(4, 2)(5, 3)(6, 4)(7, 5)(8, 6)(9, 7)(10, 8)
52ac7a125ee96ff91ca49c197d3a79b6c0857e68.flv,fa0aa890db611cbe029b8c222663579ec7081bb6.flv	(0, 0)(1, 1)(3, 2)(4, 3)(5, 4)(6, 5)(8, 6)(9, 7)(10, 8)(11, 9)(13, 12)
54f841cdb1b1a498c656bd541d23c690b70737bd.flv,54f841cdb1b1a498c656bd541d23c690b70737bd.flv	(0, 0)(1, 1)(2, 2)(3, 3)(4, 4)(5, 5)(6, 6)
54f841cdb1b1a498c656bd541d23c690b70737bd.flv,5d38467d3becf8273bd7ae9028a37fcb0cc3828b.flv	(3, 7)(4, 9)(5, 10)(6, 11)
54f841cdb1b1a498c656bd541d23c690b70737bd.flv,63407cc775874d569f82a2060c636b785c09a487.flv	(0, 0)(4, 2)(5, 4)(6, 5)
54f841cdb1b1a498c656bd541d23c690b70737bd.flv,66e0225621e48946b7ab09027c18c83b69564002.flv	(1, 0)(3, 1)(5, 2)
54f841cdb1b1a498c656bd541d23c690b70737bd.flv,72e97f43a27cdb56a82454758c383c1ac82e91b9.flv	(3, 3)(4, 4)(5, 5)
54f841cdb1b1a498c656bd541d23c690b70737bd.flv,74018dcbf908a0a0319e889a70a920896b63ed99.flv	(0, 0)(1, 1)(2, 2)(3, 3)(5, 5)(6, 6)
54f841cdb1b1a498c656bd541d23c690b70737bd.flv,9026d2a43d0e645901aa9138136bbc1491856ffb.flv	(0, 0)(5, 2)
54f841cdb1b1a498c656bd541d23c690b70737bd.flv,97c71f57e83f6ab16906fdd7edc8e3f88d2ceee1.flv	
54f841cdb1b1a498c656bd541d23c690b70737bd.flv,a100d2d414f1faa59abdb409e8858d6a4ba96618.flv	(1, 0)(3, 1)(4, 2)(5, 3)(6, 4)
54f841cdb1b1a498c656bd541d23c690b70737bd.flv,ab12206048207553294916664d0ebf1cd9e81ef6.flv	(0, 0)(4, 2)(5, 4)(6, 5)
54f841cdb1b1a498c656bd541d23c690b70737bd.flv,b34b81ce75ea0773ba04b3f1ddedf3f3fac823fa.flv	(0, 0)(1, 1)(3, 2)(4, 3)(5, 4)(6, 5)
54f841cdb1b1a498c656bd541d23c690b70737bd.flv,c4384b8402362a0351d4e1dc9de0c01d7117322f.flv	(0, 0)(1, 1)(3, 2)(4, 3)(5, 4)(6, 5)
54f841cdb1b1a498c656bd541d23c690b70737bd.flv,d28c7952b8a60139126446bc81bff5ecebcf5129.flv	(0, 0)(1, 1)(3, 2)(4, 3)(5, 4)(6, 5)
54f841cdb1b1a498c656bd541d23c690b70737bd.flv,e4516162efaa2bb36d38fbf245bc41b6fd24f443.flv	(0, 1)(1, 1)(3, 2)(4, 3)(5, 4)(6, 5)
54f841cdb1b1a498c656bd541d23c690b70737bd.flv,e6f1dd4881c0088d861763dadd83db04fb353500.flv	(1, 0)(3, 1)(4, 2)(5, 3)(6, 4)
54f841cdb1b1a498c656bd541d23c690b70737bd.flv,f9395fd63d7f59cae6103cfb00e116b4a1d0be5e.flv	(3, 7)(4, 9)(5, 10)(6, 11)
54f841cdb1b1a498c656bd541d23c690b70737bd.flv,f98075fcebb2596c91cf6886b30a39521cc60855.flv	(0, 0)(2, 1)(4, 2)(5, 3)(6, 4)
54f841cdb1b1a498c656bd541d23c690b70737bd.flv,fa0aa890db611cbe029b8c222663579ec7081bb6.flv	(0, 0)(1, 1)(3, 2)(4, 3)(5, 4)
5d38467d3becf8273bd7ae9028a37fcb0cc3828b.flv,5d38467d3becf8273bd7ae9028a37fcb0cc3828b.flv	(0, 0)(1, 1)(2, 2)(3, 3)(4, 4)(5, 5)(6, 6)(7, 7)(8, 8)(9, 9)(10, 10)(11, 11)(12, 12)(13, 13)(14, 14)(15, 15)(16, 16)(17, 17)(18, 18)(19, 19)(20, 20)(21, 21)(22, 22)(23, 23)(24, 24)(25, 25)(26, 26)(27, 27)(28, 28)(29, 29)(30, 30)(31, 31)(32, 32)(33, 33)(34, 34)(35, 35)(36, 36)(37, 37)(38, 38)(39, 39)(40, 40)(41, 41)(42, 42)
5d38467d3becf8273bd7ae9028a37fcb0cc3828b.flv,63407cc775874d569f82a2060c636b785c09a487.flv	(7, 1)(8, 2)(9, 3)(10, 4)(12, 5)
5d38467d3becf8273bd7ae9028a37fcb0cc3828b.flv,63407cc775874d569f82a2060c636b785c09a487.flv	(13, 7)
5d38467d3becf8273bd7ae9028a37fcb0cc3828b.flv,63407cc775874d569f82a2060c636b785c09a487.flv	(15, 8)(16, 9)
5d38467d3becf8273bd7ae9028a37fcb0cc3828b.flv,63407cc775874d569f82a2060c636b785c09a487.flv	(22, 10)(25, 11)(26, 12)
5d38467d3becf8273bd7ae9028a37fcb0cc3828b.flv,66e0225621e48946b7ab09027c18c83b69564002.flv	(6, 0)(7, 1)(10, 2)(12, 3)
5d38467d3becf8273bd7ae9028a37fcb0cc3828b.flv,66e0225621e48946b7ab09027c18c83b69564002.flv	(13, 3)
5d38467d3becf8273bd7ae9028a37fcb0cc3828b.flv,72e97f43a27cdb56a82454758c383c1ac82e91b9.flv	(6, 2)
5d38467d3becf8273bd7ae9028a37fcb0cc3828b.flv,72e97f43a27cdb56a82454758c383c1ac82e91b9.flv	(13, 6)
5d38467d3becf8273bd7ae9028a37fcb0cc3828b.flv,72e97f43a27cdb56a82454758c383c1ac82e91b9.flv	(15, 7)
5d38467d3becf8273bd7ae9028a37fcb0cc3828b.flv,72e97f43a27cdb56a82454758c383c1ac82e91b9.flv	(22, 8)(26, 9)
5d38467d3becf8273bd7ae9028a37fcb0cc3828b.flv,74018dcbf908a0a0319e889a70a920896b63ed99.flv	(7, 3)(9, 4)(10, 5)(12, 6)
5d38467d3becf8273bd7ae9028a37fcb0cc3828b.flv,74018dcbf908a0a0319e889a70a920896b63ed99.flv	(13, 8)
5d38467d3becf8273bd7ae9028a37fcb0cc3828b.flv,74018dcbf908a0a0319e889a70a920896b63ed99.flv	(15, 9)(16, 10)
5d38467d3becf8273bd7ae9028a37fcb0cc3828b.flv,74018dcbf908a0a0319e889a70a920896b63ed99.flv	(22, 11)(24, 12)(25, 13)(26, 14)
5d38467d3becf8273bd7ae9028a37fcb0cc3828b.flv,9026d2a43d0e645901aa9138136bbc1491856ffb.flv	(10, 2)(12, 3)
5d38467d3becf8273bd7ae9028a37fcb0cc3828b.flv,9026d2a43d0e645901aa9138136bbc1491856ffb.flv	(13, 5)
5d38467d3becf8273bd7ae9028a37fcb0cc3828b.flv,9026d2a43d0e645901aa9138136bbc1491856ffb.flv	(15, 6)(16, 7)
5d38467d3becf8273bd7ae9028a37fcb0cc3828b.flv,9026d2a43d0e645901aa9138136bbc1491856ffb.flv	(22, 8)(24, 9)(25, 9)(26, 10)
5d38467d3becf8273bd7ae9028a37fcb0cc3828b.flv,97c71f57e83f6ab16906fdd7edc8e3f88d2ceee1.flv	
5d38467d3becf8273bd7ae9028a37fcb0cc3828b.flv,a100d2d414f1faa59abdb409e8858d6a4ba96618.flv	(7, 1)(10, 3)(12, 4)(13, 5)(14, 6)(15, 7)(16, 8)(17, 9)(18, 10)(19, 11)
5d38467d3becf8273bd7ae9028a37fcb0cc3828b.flv,a100d2d414f1faa59abdb409e8858d6a4ba96618.flv	(20, 12)(21, 14)(22, 15)(23, 16)(24, 16)(25, 17)
5d38467d3becf8273bd7ae9028a37fcb0cc3828b.flv,ab12206048207553294916664d0ebf1cd9e81ef6.flv	(7, 1)(8, 2)(9, 3)(10, 4)(12, 5)
5d38467d3becf8273bd7ae9028a37fcb0cc3828b.flv,ab12206048207553294916664d0ebf1cd9e81ef6.flv	(13, 7)
5d38467d3becf8273bd7ae9028a37fcb0cc3828b.flv,ab12206048207553294916664d0ebf1cd9e81ef6.flv	(15, 8)(16, 9)
5d38467d3becf8273bd7ae9028a37fcb0cc3828b.flv,ab12206048207553294916664d0ebf1cd9e81ef6.flv	(22, 10)(26, 11)
5d38467d3becf8273bd7ae9028a37fcb0cc3828b.flv,b34b81ce75ea0773ba04b3f1ddedf3f3fac823fa.flv	(7, 2)(10, 4)(12, 5)
5d38467d3becf8273bd7ae9028a37fcb0cc3828b.flv,b34b81ce75ea0773ba04b3f1ddedf3f3fac823fa.flv	(13, 7)
5d38467d3becf8273bd7ae9028a37fcb0cc3828b.flv,b34b81ce75ea0773ba04b3f1ddedf3f3fac823fa.flv	(15, 8)(16, 9)
5d38467d3becf8273bd7ae9028a37fcb0cc3828b.flv,b34b81ce75ea0773ba04b3f1ddedf3f3fac823fa.flv	(22, 10)(24, 11)(25, 11)(26, 12)
5d38467d3becf8273bd7ae9028a37fcb0cc3828b.flv,c4384b8402362a0351d4e1dc9de0c01d7117322f.flv	(7, 2)(10, 4)(11, 5)(12, 6)
5d38467d3becf8273bd7ae9028a37fcb0cc3828b.flv,c4384b8402362a0351d4e1dc9de0c01d7117322f.flv	(13, 8)
5d38467d3becf8273bd7ae9028a37fcb0cc3828b.flv,c4384b8402362a0351d4e1dc9de0c01d7117322f.flv	(15, 9)(16, 10)
5d38467d3becf8273bd7ae9028a37fcb0cc3828b.flv,c4384b8402362a0351d4e1dc9de0c01d7117322f.flv	(22, 11)(24, 12)(25, 13)(26, 14)
5d38467d3becf8273bd7ae9028a37fcb0cc3828b.flv,d28c7952b8a60139126446bc81bff5ecebcf5129.flv	(7, 2)(10, 4)(12, 5)
5d38467d3becf8273bd7ae9028a37fcb0cc3828b.flv,d28c7952b8a60139126446bc81bff5ecebcf5129.flv	(13, 7)
5d38467d3becf8273bd7ae9028a37fcb0cc3828b.flv,d28c7952b8a60139126446bc81bff5ecebcf5129.flv	(15, 8)(16, 9)
5d38467d3becf8273bd7ae9028a37fcb0cc3828b.flv,d28c7952b8a60139126446bc81bff5ecebcf5129.flv	(22, 10)(24, 11)(25, 12)(26, 13)
5d38467d3becf8273bd7ae9028a37fcb0cc3828b.flv,e4516162efaa2bb36d38fbf245bc41b6fd24f443.flv	(6, 1)(7, 2)(10, 4)(12, 5)
5d38467d3becf8273bd7ae9028a37fcb0cc3828b.flv,e4516162efaa2bb36d38fbf245bc41b6fd24f443.flv	(13, 7)
5d38467d3becf8273bd7ae9028a37fcb0cc3828b.flv,e4516162efaa2bb36d38fbf245bc41b6fd24f443.flv	(15, 8)(16, 9)
5d38467d3becf8273bd7ae9028a37fcb0cc3828b.flv,e4516162efaa2bb36d38fbf245bc41b6fd24f443.flv	(22, 10)(24, 11)(25, 12)(26, 13)
5d38467d3becf8273bd7ae9028a37fcb0cc3828b.flv,e6f1dd4881c0088d861763dadd83db04fb353500.flv	(5, 0)(7, 1)(10, 3)(12, 4)(13, 5)(14, 6)(15, 7)(16, 8)(17, 9)(18, 10)(19, 11)
5d38467d3becf8273bd7ae9028a37fcb0cc3828b.flv,e6f1dd4881c0088d861763dadd83db04fb353500.flv	(20, 12)(21, 14)(22, 15)(23, 16)(24, 16)(25, 17)
5d38467d3becf8273bd7ae9028a37fcb0cc3828b.flv,f9395fd63d7f59cae6103cfb00e116b4a1d0be5e.flv	(0, 0)(1, 1)(2, 2)(3, 3)(4, 4)(5, 5)(6, 6)(7, 7)(8, 8)(9, 9)(10, 10)(11, 11)(12, 12)(13, 13)(14, 14)(15, 15)(16, 16)(17, 17)(18, 18)(19, 19)(20, 20)(21, 21)(22, 22)(23, 23)(24, 24)(25, 25)(26, 26)(27, 27)(28, 28)(29, 29)(30, 30)(31, 31)(32, 32)(33, 33)(34, 34)(35, 35)(36, 36)(37, 37)(38, 38)(39, 39)(40, 40)(41, 41)(42, 42)
5d38467d3becf8273bd7ae9028a37fcb0cc3828b.flv,f98075fcebb2596c91cf6886b30a39521cc60855.flv	(6, 0)(7, 2)(10, 3)(12, 4)
5d38467d3becf8273bd7ae9028a37fcb0cc3828b.flv,f98075fcebb2596c91cf6886b30a39521cc60855.flv	(13, 6)
5d38467d3becf8273bd7ae9028a37fcb0cc3828b.flv,f98075fcebb2596c91cf6886b30a39521cc60855.flv	(15, 7)(16, 8)
5d38467d3becf8273bd7ae9028a37fcb0cc3828b.flv,fa0aa890db611cbe029b8c222663579ec7081bb6.flv	(7, 2)(10, 4)(12, 5)
5d38467d3becf8273bd7ae9028a37fcb0cc3828b.flv,fa0aa890db611cbe029b8c222663579ec7081bb6.flv	(13, 6)
5d38467d3becf8273bd7ae9028a37fcb0cc3828b.flv,fa0aa890db611cbe029b8c222663579ec7081bb6.flv	(15, 7)(16, 8)
5d38467d3becf8273bd7ae9028a37fcb0cc3828b.flv,fa0aa890db611cbe029b8c222663579ec7081bb6.flv	(22, 9)(23, 10)(24, 11)(25, 11)(26, 12)
63407cc775874d569f82a2060c636b785c09a487.flv,63407cc775874d569f82a2060c636b785c09a487.flv	(0, 0)(1, 1)(2, 2)(3, 3)(4, 4)(5, 5)(6, 6)(7, 7)(8, 8)(9, 9)(10, 10)(11, 11)(12, 12)
63407cc775874d569f82a2060c636b785c09a487.flv,66e0225621e48946b7ab09027c18c83b69564002.flv	(1, 1)(4, 2)(6, 3)
63407cc775874d569f82a2060c636b785c09a487.flv,72e97f43a27cdb56a82454758c383c1ac82e91b9.flv	(1, 2)(7, 6)(8, 7)(10, 8)(12, 9)
63407cc775874d569f82a2060c636b785c09a487.flv,74018dcbf908a0a0319e889a70a920896b63ed99.flv	(0, 0)(3, 4)(4, 5)(5, 6)(6, 7)(7, 8)(8, 9)(9, 10)(10, 11)(11, 12)(12, 14)
63407cc775874d569f82a2060c636b785c09a487.flv,9026d2a43d0e645901aa9138136bbc1491856ffb.flv	(0, 0)(1, 1)(4, 2)(5, 3)(6, 4)(7, 5)(8, 6)(9, 7)(10, 8)(11, 9)(12, 10)
63407cc775874d569f82a2060c636b785c09a487.flv,97c71f57e83f6ab16906fdd7edc8e3f88d2ceee1.flv	
63407cc775874d569f82a2060c636b785c09a487.flv,97c71f57e83f6ab16906fdd7edc8e3f88d2ceee1.flv	(7, 0)
63407cc775874d569f82a2060c636b785c09a487.flv,97c71f57e83f6ab16906fdd7edc8e3f88d2ceee1.flv	(8, 0)
63407cc775874d569f82a2060c636b785c09a487.flv,97c71f57e83f6ab16906fdd7edc8e3f88d2ceee1.flv	(10, 0)
63407cc775874d569f82a2060c636b785c09a487.flv,a100d2d414f1faa59abdb409e8858d6a4ba96618.flv	(1, 1)(2, 2)(4, 3)(5, 4)
63407cc775874d569f82a2060c636b785c09a487.flv,a100d2d414f1faa59abdb409e8858d6a4ba96618.flv	(7, 5)
63407cc775874d569f82a2060c636b785c09a487.flv,a100d2d414f1faa59abdb409e8858d6a4ba96618.flv	(8, 7)(9, 8)
63407cc775874d569f82a2060c636b785c09a487.flv,a100d2d414f1faa59abdb409e8858d6a4ba96618.flv	(10, 15)
63407cc775874d569f82a2060c636b785c09a487.flv,ab12206048207553294916664d0ebf1cd9e81ef6.flv	(0, 0)(1, 1)(2, 2)(3, 3)(4, 4)(5, 5)(6, 6)(7, 7)(8, 8)(9, 9)(10, 10)(12, 11)
63407cc775874d569f82a2060c636b785c09a487.flv,b34b81ce75ea0773ba04b3f1ddedf3f3fac823fa.flv	(0, 0)(1, 2)(3, 3)(4, 4)(5, 5)(6, 6)(7, 7)(8, 8)(9, 9)(10, 10)(11, 11)(12, 12)
63407cc775874d569f82a2060c636b785c09a487.flv,c4384b8402362a0351d4e1dc9de0c01d7117322f.flv	(0, 0)(1, 2)(3, 3)(4, 4)(5, 5)(5, 6)(6, 7)(7, 8)(8, 9)(9, 10)(10, 11)(11, 12)(12, 14)
63407cc775874d569f82a2060c636b785c09a487.flv,d28c7952b8a60139126446bc81bff5ecebcf5129.flv	(0, 0)(1, 2)(3, 3)(4, 4)(5, 5)(6, 6)(7, 7)(8, 8)(9, 9)(10, 10)(11, 11)(12, 13)
63407cc775874d569f82a2060c636b785c09a487.flv,e4516162efaa2bb36d38fbf245bc41b6fd24f443.flv	(0, 1)(1, 2)(2, 3)(3, 3)(4, 4)(5, 5)(6, 6)(7, 7)(8, 8)(9, 9)(10, 10)(11, 11)(11, 12)(12, 13)
63407cc775874d569f82a2060c636b785c09a487.flv,e6f1dd4881c0088d861763dadd83db04fb353500.flv	(1, 1)(2, 2)(4, 3)(5, 4)
63407cc775874d569f82a2060c636b785c09a487.flv,e6f1dd4881c0088d861763dadd83db04fb353500.flv	(7, 5)
63407cc775874d569f82a2060c636b785c09a487.flv,e6f1dd4881c0088d861763dadd83db04fb353500.flv	(8, 7)(9, 8)
63407cc775874d569f82a2060c636b785c09a487.flv,e6f1dd4881c0088d861763dadd83db04fb353500.flv	(10, 15)(11, 16)(12, 17)
63407cc775874d569f82a2060c636b785c09a487.flv,f9395fd63d7f59cae6103cfb00e116b4a1d0be5e.flv	(1, 7)(2, 8)(3, 9)(4, 10)(5, 12)
63407cc775874d569f82a2060c636b785c09a487.flv,f9395fd63d7f59cae6103cfb00e116b4a1d0be5e.flv	(7, 13)
63407cc775874d569f82a2060c636b785c09a487.flv,f9395fd63d7f59cae6103cfb00e116b4a1d0be5e.flv	(8, 15)(9, 16)
63407cc775874d569f82a2060c636b785c09a487.flv,f9395fd63d7f59cae6103cfb00e116b4a1d0be5e.flv	(10, 22)(11, 25)(12, 26)
63407cc775874d569f82a2060c636b785c09a487.flv,f98075fcebb2596c91cf6886b30a39521cc60855.flv	(0, 0)(4, 3)(5, 4)(6, 5)(7, 6)(8, 7)(9, 8)
63407cc775874d569f82a2060c636b785c09a487.flv,fa0aa890db611cbe029b8c222663579ec7081bb6.flv	(0, 0)(1, 2)(3, 3)(4, 4)(5, 5)(7, 6)(8, 7)(9, 8)(10, 9)(11, 11)(12, 12)
66e0225621e48946b7ab09027c18c83b69564002.flv,66e0225621e48946b7ab09027c18c83b69564002.flv	(0, 0)(1, 1)(2, 2)(3, 3)
66e0225621e48946b7ab09027c18c83b69564002.flv,72e97f43a27cdb56a82454758c383c1ac82e91b9.flv	(0, 2)(2, 5)(3, 6)
66e0225621e48946b7ab09027c18c83b69564002.flv,74018dcbf908a0a0319e889a70a920896b63ed99.flv	(0, 1)(1, 3)(2, 5)(3, 7)
66e0225621e48946b7ab09027c18c83b69564002.flv,9026d2a43d0e645901aa9138136bbc1491856ffb.flv	(1, 1)(2, 2)(3, 4)
66e0225621e48946b7ab09027c18c83b69564002.flv,97c71f57e83f6ab16906fdd7edc8e3f88d2ceee1.flv	
66e0225621e48946b7ab09027c18c83b69564002.flv,97c71f57e83f6ab16906fdd7edc8e3f88d2ceee1.flv	(3, 0)
66e0225621e48946b7ab09027c18c83b69564002.flv,a100d2d414f1faa59abdb409e8858d6a4ba96618.flv	(0, 0)(1, 1)(2, 3)(3, 4)
66e0225621e48946b7ab09027c18c83b69564002.flv,a100d2d414f1faa59abdb409e8858d6a4ba96618.flv	(3, 5)
66e0225621e48946b7ab09027c18c83b69564002.flv,ab12206048207553294916664d0ebf1cd9e81ef6.flv	(1, 1)(2, 4)(3, 6)
66e0225621e48946b7ab09027c18c83b69564002.flv,b34b81ce75ea0773ba04b3f1ddedf3f3fac823fa.flv	(0, 1)(1, 2)(2, 4)(3, 6)
66e0225621e48946b7ab09027c18c83b69564002.flv,c4384b8402362a0351d4e1dc9de0c01d7117322f.flv	(0, 1)(1, 2)(2, 4)(3, 7)
66e0225621e48946b7ab09027c18c83b69564002.flv,d28c7952b8a60139126446bc81bff5ecebcf5129.flv	(0, 1)(1, 2)(2, 4)(3, 6)
66e0225621e48946b7ab09027c18c83b69564002.flv,e4516162efaa2bb36d38fbf245bc41b6fd24f443.flv	(0, 1)(1, 2)(2, 4)(3, 6)
66e0225621e48946b7ab09027c18c83b69564002.flv,e6f1dd4881c0088d861763dadd83db04fb353500.flv	(0, 0)(1, 1)(2, 3)(3, 4)
66e0225621e48946b7ab09027c18c83b69564002.flv,e6f1dd4881c0088d861763dadd83db04fb353500.flv	(3, 5)
66e0225621e48946b7ab09027c18c83b69564002.flv,f9395fd63d7f59cae6103cfb00e116b4a1d0be5e.flv	(0, 6)(1, 7)(2, 10)(3, 12)
66e0225621e48946b7ab09027c18c83b69564002.flv,f9395fd63d7f59cae6103cfb00e116b4a1d0be5e.flv	(3, 13)
66e0225621e48946b7ab09027c18c83b69564002.flv,f98075fcebb2596c91cf6886b30a39521cc60855.flv	(0, 0)(1, 2)(2, 3)(3, 5)
66e0225621e48946b7ab09027c18c83b69564002.flv,fa0aa890db611cbe029b8c222663579ec7081bb6.flv	(0, 1)(1, 2)(2, 4)(3, 6)
72e97f43a27cdb56a82454758c383c1ac82e91b9.flv,72e97f43a27cdb56a82454758c383c1ac82e91b9.flv	(0, 0)(1, 1)(2, 2)(3, 3)(4, 4)(5, 5)(6, 6)(7, 7)(8, 8)(9, 9)(10, 10)
72e97f43a27cdb56a82454758c383c1ac82e91b9.flv,74018dcbf908a0a0319e889a70a920896b63ed99.flv	(6, 8)(7, 9)(8, 11)(9, 14)
72e97f43a27cdb56a82454758c383c1ac82e91b9.flv,9026d2a43d0e645901aa9138136bbc1491856ffb.flv	(6, 5)(7, 6)(8, 8)(9, 10)
72e97f43a27cdb56a82454758c383c1ac82e91b9.flv,97c71f57e83f6ab16906fdd7edc8e3f88d2ceee1.flv	
72e97f43a27cdb56a82454758c383c1ac82e91b9.flv,97c71f57e83f6ab16906fdd7edc8e3f88d2ceee1.flv	(7, 0)
72e97f43a27cdb56a82454758c383c1ac82e91b9.flv,97c71f57e83f6ab16906fdd7edc8e3f88d2ceee1.flv	(8, 0)
72e97f43a27cdb56a82454758c383c1ac82e91b9.flv,a100d2d414f1faa59abdb409e8858d6a4ba96618.flv	(2, 0)(4, 2)
72e97f43a27cdb56a82454758c383c1ac82e91b9.flv,a100d2d414f1faa59abdb409e8858d6a4ba96618.flv	(6, 5)
72e97f43a27cdb56a82454758c383c1ac82e91b9.flv,a100d2d414f1faa59abdb409e8858d6a4ba96618.flv	(7, 7)
72e97f43a27cdb56a82454758c383c1ac82e91b9.flv,a100d2d414f1faa59abdb409e8858d6a4ba96618.flv	(8, 15)
72e97f43a27cdb56a82454758c383c1ac82e91b9.flv,ab12206048207553294916664d0ebf1cd9e81ef6.flv	(2, 1)(6, 7)(7, 8)(8, 10)(9, 11)
72e97f43a27cdb56a82454758c383c1ac82e91b9.flv,b34b81ce75ea0773ba04b3f1ddedf3f3fac823fa.flv	(4, 3)(6, 7)(7, 8)(8, 10)(9, 12)
72e97f43a27cdb56a82454758c383c1ac82e91b9.flv,c4384b8402362a0351d4e1dc9de0c01d7117322f.flv	(4, 3)(6, 8)(7, 9)(8, 11)(9, 14)
72e97f43a27cdb56a82454758c383c1ac82e91b9.flv,d28c7952b8a60139126446bc81bff5ecebcf5129.flv	(4, 3)(6, 7)(7, 8)(8, 10)(9, 13)
72e97f43a27cdb56a82454758c383c1ac82e91b9.flv,e4516162efaa2bb36d38fbf245bc41b6fd24f443.flv	(4, 3)(6, 7)(7, 8)(8, 10)(9, 13)
72e97f43a27cdb56a82454758c383c1ac82e91b9.flv,e6f1dd4881c0088d861763dadd83db04fb353500.flv	(2, 0)(4, 2)
72e97f43a27cdb56a82454758c383c1ac82e91b9.flv,e6f1dd4881c0088d861763dadd83db04fb353500.flv	(6, 5)
72e97f43a27cdb56a82454758c383c1ac82e91b9.flv,e6f1dd4881c0088d861763dadd83db04fb353500.flv	(7, 7)
72e97f43a27cdb56a82454758c383c1ac82e91b9.flv,e6f1dd4881c0088d861763dadd83db04fb353500.flv	(8, 15)
72e97f43a27cdb56a82454758c383c1ac82e91b9.flv,f9395fd63d7f59cae6103cfb00e116b4a1d0be5e.flv	(2, 6)(5, 12)(6, 13)
72e97f43a27cdb56a82454758c383c1ac82e91b9.flv,f9395fd63d7f59cae6103cfb00e116b4a1d0be5e.flv	(7, 15)
72e97f43a27cdb56a82454758c383c1ac82e91b9.flv,f9395fd63d7f59cae6103cfb00e116b4a1d0be5e.flv	(8, 22)(9, 26)
72e97f43a27cdb56a82454758c383c1ac82e91b9.flv,f98075fcebb2596c91cf6886b30a39521cc60855.flv	(6, 6)(7, 7)
72e97f43a27cdb56a82454758c383c1ac82e91b9.flv,fa0aa890db611cbe029b8c222663579ec7081bb6.flv	(4, 3)(6, 6)(7, 7)(8, 9)(9, 12)
74018dcbf908a0a0319e889a70a920896b63ed99.flv,74018dcbf908a0a0319e889a70a920896b63ed99.flv	(0, 0)(1, 1)(2, 2)(3, 3)(4, 4)(5, 5)(6, 6)(7, 7)(8, 8)(9, 9)(10, 10)(11, 11)(12, 12)(13, 13)(14, 14)
74018dcbf908a0a0319e889a70a920896b63ed99.flv,9026d2a43d0e645901aa9138136bbc1491856ffb.flv	(0, 0)(3, 1)(5, 2)(6, 3)(7, 4)(8, 5)(9, 6)(10, 7)(11, 8)(12, 9)(13, 9)(14, 10)
74018dcbf908a0a0319e889a70a920896b63ed99.flv,97c71f57e83f6ab16906fdd7edc8e3f88d2ceee1.flv	
74018dcbf908a0a0319e889a70a920896b63ed99.flv,97c71f57e83f6ab16906fdd7edc8e3f88d2ceee1.flv	(8, 0)
74018dcbf908a0a0319e889a70a920896b63ed99.flv,97c71f57e83f6ab16906fdd7edc8e3f88d2ceee1.flv	(9, 0)
74018dcbf908a0a0319e889a70a920896b63ed99.flv,97c71f57e83f6ab16906fdd7edc8e3f88d2ceee1.flv	(11, 0)
74018dcbf908a0a0319e889a70a920896b63ed99.flv,a100d2d414f1faa59abdb409e8858d6a4ba96618.flv	(0, 0)(5, 3)(6, 4)
74018dcbf908a0a0319e889a70a920896b63ed99.flv,a100d2d414f1faa59abdb409e8858d6a4ba96618.flv	(8, 5)
74018dcbf908a0a0319e889a70a920896b63ed99.flv,a100d2d414f1faa59abdb409e8858d6a4ba96618.flv	(9, 7)(10, 8)
74018dcbf908a0a0319e889a70a920896b63ed99.flv,a100d2d414f1faa59abdb409e8858d6a4ba96618.flv	(11, 15)(12, 16)(13, 17)
74018dcbf908a0a0319e889a70a920896b63ed99.flv,ab12206048207553294916664d0ebf1cd9e81ef6.flv	(0, 0)(4, 3)(5, 4)(6, 5)(7, 6)(8, 7)(9, 8)(10, 9)(11, 10)(14, 11)
74018dcbf908a0a0319e889a70a920896b63ed99.flv,b34b81ce75ea0773ba04b3f1ddedf3f3fac823fa.flv	(0, 0)(1, 1)(4, 3)(5, 4)(6, 5)(7, 6)(8, 7)(9, 8)(10, 9)(11, 10)(12, 11)(14, 12)
74018dcbf908a0a0319e889a70a920896b63ed99.flv,c4384b8402362a0351d4e1dc9de0c01d7117322f.flv	(0, 0)(1, 1)(4, 3)(5, 4)(6, 5)(6, 6)(7, 7)(8, 8)(9, 9)(10, 10)(11, 11)(12, 12)(13, 13)(14, 14)
74018dcbf908a0a0319e889a70a920896b63ed99.flv,d28c7952b8a60139126446bc81bff5ecebcf5129.flv	(0, 0)(1, 1)(4, 3)(5, 4)(6, 5)(7, 6)(8, 7)(9, 8)(10, 9)(11, 10)(12, 11)(13, 12)(14, 13)
74018dcbf908a0a0319e889a70a920896b63ed99.flv,e4516162efaa2bb36d38fbf245bc41b6fd24f443.flv	(0, 1)(4, 3)(5, 4)(6, 5)(7, 6)(8, 7)(9, 8)(10, 9)(11, 10)(12, 11)(13, 12)(14, 13)
74018dcbf908a0a0319e889a70a920896b63ed99.flv,e6f1dd4881c0088d861763dadd83db04fb353500.flv	(0, 0)(5, 3)(6, 4)
74018dcbf908a0a0319e889a70a920896b63ed99.flv,e6f1dd4881c0088d861763dadd83db04fb353500.flv	(8, 5)
74018dcbf908a0a0319e889a70a920896b63ed99.flv,e6f1dd4881c0088d861763dadd83db04fb353500.flv	(9, 7)(10, 8)
74018dcbf908a0a0319e889a70a920896b63ed99.flv,e6f1dd4881c0088d861763dadd83db04fb353500.flv	(11, 15)(12, 16)(13, 17)
74018dcbf908a0a0319e889a70a920896b63ed99.flv,f9395fd63d7f59cae6103cfb00e116b4a1d0be5e.flv	(0, 6)(3, 7)(4, 9)(5, 10)(6, 11)(6, 12)
74018dcbf908a0a0319e889a70a920896b63ed99.flv,f9395fd63d7f59cae6103cfb00e116b4a1d0be5e.flv	(8, 13)
74018dcbf908a0a0319e889a70a920896b63ed99.flv,f9395fd63d7f59cae6103cfb00e116b4a1d0be5e.flv	(9, 15)(10, 16)
74018dcbf908a0a0319e889a70a920896b63ed99.flv,f9395fd63d7f59cae6103cfb00e116b4a1d0be5e.flv	(11, 22)(12, 24)(13, 25)(14, 26)
74018dcbf908a0a0319e889a70a920896b63ed99.flv,f98075fcebb2596c91cf6886b30a39521cc60855.flv	(0, 0)(2, 1)(3, 2)(5, 3)(6, 4)(7, 5)(8, 6)(9, 7)(10, 8)
74018dcbf908a0a0319e889a70a920896b63ed99.flv,fa0aa890db611cbe029b8c222663579ec7081bb6.flv	(0, 0)(1, 1)(4, 3)(5, 4)(6, 5)(8, 6)(9, 7)(10, 8)(11, 9)(12, 11)(14, 12)
9026d2a43d0e645901aa9138136bbc1491856ffb.flv,9026d2a43d0e645901aa9138136bbc1491856ffb.flv	(0, 0)(1, 1)(2, 2)(3, 3)(4, 4)(5, 5)(6, 6)(7, 7)(8, 8)(9, 9)(10, 10)(11, 11)
9026d2a43d0e645901aa9138136bbc1491856ffb.flv,97c71f57e83f6ab16906fdd7edc8e3f88d2ceee1.flv	(1, 0)
9026d2a43d0e645901aa9138136bbc1491856ffb.flv,97c71f57e83f6ab16906fdd7edc8e3f88d2ceee1.flv	(5, 0)
9026d2a43d0e645901aa9138136bbc1491856ffb.flv,97c71f57e83f6ab16906fdd7edc8e3f88d2ceee1.flv	(6, 0)
9026d2a43d0e645901aa9138136bbc1491856ffb.flv,97c71f57e83f6ab16906fdd7edc8e3f88d2ceee1.flv	(8, 0)
9026d2a43d0e645901aa9138136bbc1491856ffb.flv,a100d2d414f1faa59abdb409e8858d6a4ba96618.flv	(0, 0)(1, 1)(2, 3)(3, 4)
9026d2a43d0e645901aa9138136bbc1491856ffb.flv,a100d2d414f1faa59abdb409e8858d6a4ba96618.flv	(5, 5)
9026d2a43d0e645901aa9138136bbc1491856ffb.flv,a100d2d414f1faa59abdb409e8858d6a4ba96618.flv	(6, 7)(7, 8)
9026d2a43d0e645901aa9138136bbc1491856ffb.flv,a100d2d414f1faa59abdb409e8858d6a4ba96618.flv	(8, 15)
9026d2a43d0e645901aa9138136bbc1491856ffb.flv,ab12206048207553294916664d0ebf1cd9e81ef6.flv	(0, 0)(1, 1)(2, 4)(3, 5)(4, 6)(5, 7)(6, 8)(7, 9)(8, 10)(9, 11)
9026d2a43d0e645901aa9138136bbc1491856ffb.flv,b34b81ce75ea0773ba04b3f1ddedf3f3fac823fa.flv	(0, 0)(1, 2)(2, 4)(3, 5)(4, 6)(5, 7)(6, 8)(7, 9)(8, 10)(9, 11)(10, 12)
9026d2a43d0e645901aa9138136bbc1491856ffb.flv,c4384b8402362a0351d4e1dc9de0c01d7117322f.flv	(0, 0)(1, 2)(2, 4)(3, 6)(4, 7)(5, 8)(6, 9)(7, 10)(8, 11)(9, 12)(9, 13)(10, 14)
9026d2a43d0e645901aa9138136bbc1491856ffb.flv,d28c7952b8a60139126446bc81bff5ecebcf5129.flv	(0, 0)(1, 2)(2, 4)(3, 5)(4, 6)(5, 7)(6, 8)(7, 9)(8, 10)(9, 11)(9, 12)(10, 13)
9026d2a43d0e645901aa9138136bbc1491856ffb.flv,e4516162efaa2bb36d38fbf245bc41b6fd24f443.flv	(0, 1)(1, 2)(2, 4)(4, 6)(5, 7)(6, 8)(8, 10)(9, 12)(10, 13)
9026d2a43d0e645901aa9138136bbc1491856ffb.flv,e6f1dd4881c0088d861763dadd83db04fb353500.flv	(0, 0)(1, 1)(2, 3)(3, 4)
9026d2a43d0e645901aa9138136bbc1491856ffb.flv,e6f1dd4881c0088d861763dadd83db04fb353500.flv	(5, 5)
9026d2a43d0e645901aa9138136bbc1491856ffb.flv,e6f1dd4881c0088d861763dadd83db04fb353500.flv	(6, 7)(7, 8)
9026d2a43d0e645901aa9138136bbc1491856ffb.flv,e6f1dd4881c0088d861763dadd83db04fb353500.flv	(8, 15)
9026d2a43d0e645901aa9138136bbc1491856ffb.flv,f9395fd63d7f59cae6103cfb00e116b4a1d0be5e.flv	(0, 6)(1, 7)(2, 10)(3, 12)
9026d2a43d0e645901aa9138136bbc1491856ffb.flv,f9395fd63d7f59cae6103cfb00e116b4a1d0be5e.flv	(5, 13)
9026d2a43d0e645901aa9138136bbc1491856ffb.flv,f9395fd63d7f59cae6103cfb00e116b4a1d0be5e.flv	(6, 15)(7, 16)
9026d2a43d0e645901aa9138136bbc1491856ffb.flv,f9395fd63d7f59cae6103cfb00e116b4a1d0be5e.flv	(8, 22)(9, 24)(10, 26)
9026d2a43d0e645901aa9138136bbc1491856ffb.flv,f98075fcebb2596c91cf6886b30a39521cc60855.flv	(0, 0)(1, 2)(2, 3)(3, 4)(4, 5)(5, 6)(6, 7)(7, 8)
9026d2a43d0e645901aa9138136bbc1491856ffb.flv,fa0aa890db611cbe029b8c222663579ec7081bb6.flv	(0, 0)(1, 2)(2, 4)(3, 5)(5, 6)(6, 7)(7, 8)(8, 9)(9, 11)(10, 12)
97c71f57e83f6ab16906fdd7edc8e3f88d2ceee1.flv,97c71f57e83f6ab16906fdd7edc8e3f88d2ceee1.flv	(0, 0)(1, 1)(2, 2)
97c71f57e83f6ab16906fdd7edc8e3f88d2ceee1.flv,a100d2d414f1faa59abdb409e8858d6a4ba96618.flv	
97c71f57e83f6ab16906fdd7edc8e3f88d2ceee1.flv,a100d2d414f1faa59abdb409e8858d6a4ba96618.flv	(0, 5)
97c71f57e83f6ab16906fdd7edc8e3f88d2ceee1.flv,a100d2d414f1faa59abdb409e8858d6a4ba96618.flv	(0, 7)
97c71f57e83f6ab16906fdd7edc8e3f88d2ceee1.flv,a100d2d414f1faa59abdb409e8858d6a4ba96618.flv	(0, 15)
97c71f57e83f6ab16906fdd7edc8e3f88d2ceee1.flv,ab12206048207553294916664d0ebf1cd9e81ef6.flv	
97c71f57e83f6ab16906fdd7edc8e3f88d2ceee1.flv,ab12206048207553294916664d0ebf1cd9e81ef6.flv	(0, 7)
97c71f57e83f6ab16906fdd7edc8e3f88d2ceee1.flv,ab12206048207553294916664d0ebf1cd9e81ef6.flv	(0, 8)
97c71f57e83f6ab16906fdd7edc8e3f88d2ceee1.flv,ab12206048207553294916664d0ebf1cd9e81ef6.flv	(0, 10)(0, 11)
97c71f57e83f6ab16906fdd7edc8e3f88d2ceee1.flv,b34b81ce75ea0773ba04b3f1ddedf3f3fac823fa.flv	
97c71f57e83f6ab16906fdd7edc8e3f88d2ceee1.flv,b34b81ce75ea0773ba04b3f1ddedf3f3fac823fa.flv	(0, 7)
97c71f57e83f6ab16906fdd7edc8e3f88d2ceee1.flv,b34b81ce75ea0773ba04b3f1ddedf3f3fac823fa.flv	(0, 8)
97c71f57e83f6ab16906fdd7edc8e3f88d2ceee1.flv,b34b81ce75ea0773ba04b3f1ddedf3f3fac823fa.flv	(0, 10)
97c71f57e83f6ab16906fdd7edc8e3f88d2ceee1.flv,c4384b8402362a0351d4e1dc9de0c01d7117322f.flv	
97c71f57e83f6ab16906fdd7edc8e3f88d2ceee1.flv,c4384b8402362a0351d4e1dc9de0c01d7117322f.flv	(0, 8)
97c71f57e83f6ab16906fdd7edc8e3f88d2ceee1.flv,c4384b8402362a0351d4e1dc9de0c01d7117322f.flv	(0, 9)
97c71f57e83f6ab16906fdd7edc8e3f88d2ceee1.flv,c4384b8402362a0351d4e1dc9de0c01d7117322f.flv	(0, 11)
97c71f57e83f6ab16906fdd7edc8e3f88d2ceee1.flv,d28c7952b8a60139126446bc81bff5ecebcf5129.flv	
97c71f57e83f6ab16906fdd7edc8e3f88d2ceee1.flv,d28c7952b8a60139126446bc81bff5ecebcf5129.flv	(0, 7)
97c71f57e83f6ab16906fdd7edc8e3f88d2ceee1.flv,d28c7952b8a60139126446bc81bff5ecebcf5129.flv	(0, 8)
97c71f57e83f6ab16906fdd7edc8e3f88d2ceee1.flv,d28c7952b8a60139126446bc81bff5ecebcf5129.flv	(0, 10)
97c71f57e83f6ab16906fdd7edc8e3f88d2ceee1.flv,e4516162efaa2bb36d38fbf245bc41b6fd24f443.flv	
97c71f57e83f6ab16906fdd7edc8e3f88d2ceee1.flv,e4516162efaa2bb36d38fbf245bc41b6fd24f443.flv	(0, 7)
97c71f57e83f6ab16906fdd7edc8e3f88d2ceee1.flv,e4516162efaa2bb36d38fbf245bc41b6fd24f443.flv	(0, 8)
97c71f57e83f6ab16906fdd7edc8e3f88d2ceee1.flv,e4516162efaa2bb36d38fbf245bc41b6fd24f443.flv	(0, 10)
97c71f57e83f6ab16906fdd7edc8e3f88d2ceee1.flv,e6f1dd4881c0088d861763dadd83db04fb353500.flv	
97c71f57e83f6ab16906fdd7edc8e3f88d2ceee1.flv,e6f1dd4881c0088d861763dadd83db04fb353500.flv	(0, 5)
97c71f57e83f6ab16906fdd7edc8e3f88d2ceee1.flv,e6f1dd4881c0088d861763dadd83db04fb353500.flv	(0, 7)
97c71f57e83f6ab16906fdd7edc8e3f88d2ceee1.flv,e6f1dd4881c0088d861763dadd83db04fb353500.flv	(0, 15)
97c71f57e83f6ab16906fdd7edc8e3f88d2ceee1.flv,f9395fd63d7f59cae6103cfb00e116b4a1d0be5e.flv	
97c71f57e83f6ab16906fdd7edc8e3f88d2ceee1.flv,f98075fcebb2596c91cf6886b30a39521cc60855.flv	
97c71f57e83f6ab16906fdd7edc8e3f88d2ceee1.flv,fa0aa890db611cbe029b8c222663579ec7081bb6.flv	
97c71f57e83f6ab16906fdd7edc8e3f88d2ceee1.flv,fa0aa890db611cbe029b8c222663579ec7081bb6.flv	(0, 6)
97c71f57e83f6ab16906fdd7edc8e3f88d2ceee1.flv,fa0aa890db611cbe029b8c222663579ec7081bb6.flv	(0, 7)
97c71f57e83f6ab16906fdd7edc8e3f88d2ceee1.flv,fa0aa890db611cbe029b8c222663579ec7081bb6.flv	
a100d2d414f1faa59abdb409e8858d6a4ba96618.flv,a100d2d414f1faa59abdb409e8858d6a4ba96618.flv	(0, 0)(1, 1)(2, 2)(3, 3)(4, 4)(5, 5)(6, 6)(7, 7)(8, 8)(9, 9)(10, 10)(11, 11)(12, 12)(13, 13)(14, 14)(15, 15)(16, 16)(17, 17)(18, 18)
a100d2d414f1faa59abdb409e8858d6a4ba96618.flv,ab12206048207553294916664d0ebf1cd9e81ef6.flv	(0, 0)(1, 1)(2, 2)(3, 4)(4, 5)
a100d2d414f1faa59abdb409e8858d6a4ba96618.flv,ab12206048207553294916664d0ebf1cd9e81ef6.flv	(5, 7)
a100d2d414f1faa59abdb409e8858d6a4ba96618.flv,ab12206048207553294916664d0ebf1cd9e81ef6.flv	(7, 8)(8, 9)
a100d2d414f1faa59abdb409e8858d6a4ba96618.flv,ab12206048207553294916664d0ebf1cd9e81ef6.flv	(15, 10)(17, 11)
a100d2d414f1faa59abdb409e8858d6a4ba96618.flv,b34b81ce75ea0773ba04b3f1ddedf3f3fac823fa.flv	(0, 0)(1, 2)(2, 3)(3, 4)(4, 5)
a100d2d414f1faa59abdb409e8858d6a4ba96618.flv,b34b81ce75ea0773ba04b3f1ddedf3f3fac823fa.flv	(5, 7)
a100d2d414f1faa59abdb409e8858d6a4ba96618.flv,b34b81ce75ea0773ba04b3f1ddedf3f3fac823fa.flv	(7, 8)(8, 9)
a100d2d414f1faa59abdb409e8858d6a4ba96618.flv,b34b81ce75ea0773ba04b3f1ddedf3f3fac823fa.flv	(15, 10)(17, 11)
a100d2d414f1faa59abdb409e8858d6a4ba96618.flv,c4384b8402362a0351d4e1dc9de0c01d7117322f.flv	(0, 0)(1, 2)(2, 3)(3, 4)(4, 5)(4, 6)
a100d2d414f1faa59abdb409e8858d6a4ba96618.flv,c4384b8402362a0351d4e1dc9de0c01d7117322f.flv	(5, 8)
a100d2d414f1faa59abdb409e8858d6a4ba96618.flv,c4384b8402362a0351d4e1dc9de0c01d7117322f.flv	(7, 9)(8, 10)
a100d2d414f1faa59abdb409e8858d6a4ba96618.flv,c4384b8402362a0351d4e1dc9de0c01d7117322f.flv	(15, 11)(16, 12)(17, 13)
a100d2d414f1faa59abdb409e8858d6a4ba96618.flv,d28c7952b8a60139126446bc81bff5ecebcf5129.flv	(0, 0)(1, 2)(2, 3)(3, 4)(4, 5)
a100d2d414f1faa59abdb409e8858d6a4ba96618.flv,d28c7952b8a60139126446bc81bff5ecebcf5129.flv	(5, 7)
a100d2d414f1faa59abdb409e8858d6a4ba96618.flv,d28c7952b8a60139126446bc81bff5ecebcf5129.flv	(7, 8)(8, 9)
a100d2d414f1faa59abdb409e8858d6a4ba96618.flv,d28c7952b8a60139126446bc81bff5ecebcf5129.flv	(15, 10)(16, 11)(17, 12)
a100d2d414f1faa59abdb409e8858d6a4ba96618.flv,e4516162efaa2bb36d38fbf245bc41b6fd24f443.flv	(0, 1)(1, 2)(2, 3)(3, 4)(4, 5)
a100d2d414f1faa59abdb409e8858d6a4ba96618.flv,e4516162efaa2bb36d38fbf245bc41b6fd24f443.flv	(5, 7)
a100d2d414f1faa59abdb409e8858d6a4ba96618.flv,e4516162efaa2bb36d38fbf245bc41b6fd24f443.flv	(7, 8)(8, 9)
a100d2d414f1faa59abdb409e8858d6a4ba96618.flv,e4516162efaa2bb36d38fbf245bc41b6fd24f443.flv	(15, 10)(16, 11)(17, 12)
a100d2d414f1faa59abdb409e8858d6a4ba96618.flv,e6f1dd4881c0088d861763dadd83db04fb353500.flv	(0, 0)(1, 1)(2, 2)(3, 3)(4, 4)(5, 5)(6, 6)(7, 7)(8, 8)(9, 9)(10, 10)(11, 11)(12, 12)(13, 13)(14, 14)(15, 15)(16, 16)(17, 17)(18, 18)
a100d2d414f1faa59abdb409e8858d6a4ba96618.flv,f9395fd63d7f59cae6103cfb00e116b4a1d0be5e.flv	(0, 6)(1, 7)(3, 10)(4, 11)(4, 12)
a100d2d414f1faa59abdb409e8858d6a4ba96618.flv,f9395fd63d7f59cae6103cfb00e116b4a1d0be5e.flv	(5, 13)
a100d2d414f1faa59abdb409e8858d6a4ba96618.flv,f9395fd63d7f59cae6103cfb00e116b4a1d0be5e.flv	(7, 15)(8, 16)
a100d2d414f1faa59abdb409e8858d6a4ba96618.flv,f9395fd63d7f59cae6103cfb00e116b4a1d0be5e.flv	(15, 22)(16, 24)(17, 26)
a100d2d414f1faa59abdb409e8858d6a4ba96618.flv,f98075fcebb2596c91cf6886b30a39521cc60855.flv	(0, 0)(3, 3)(4, 4)
a100d2d414f1faa59abdb409e8858d6a4ba96618.flv,f98075fcebb2596c91cf6886b30a39521cc60855.flv	(5, 6)
a100d2d414f1faa59abdb409e8858d6a4ba96618.flv,f98075fcebb2596c91cf6886b30a39521cc60855.flv	(7, 7)(8, 8)
a100d2d414f1faa59abdb409e8858d6a4ba96618.flv,fa0aa890db611cbe029b8c222663579ec7081bb6.flv	(0, 0)(1, 2)(2, 3)(3, 4)(4, 5)
a100d2d414f1faa59abdb409e8858d6a4ba96618.flv,fa0aa890db611cbe029b8c222663579ec7081bb6.flv	(5, 6)
a100d2d414f1faa59abdb409e8858d6a4ba96618.flv,fa0aa890db611cbe029b8c222663579ec7081bb6.flv	(7, 7)(8, 8)
a100d2d414f1faa59abdb409e8858d6a4ba96618.flv,fa0aa890db611cbe029b8c222663579ec7081bb6.flv	(15, 9)
ab12206048207553294916664d0ebf1cd9e81ef6.flv,ab12206048207553294916664d0ebf1cd9e81ef6.flv	(0, 0)(1, 1)(2, 2)(3, 3)(4, 4)(5, 5)(6, 6)(7, 7)(8, 8)(9, 9)(10, 10)(11, 11)
ab12206048207553294916664d0ebf1cd9e81ef6.flv,b34b81ce75ea0773ba04b3f1ddedf3f3fac823fa.flv	(0, 0)(1, 2)(3, 3)(4, 4)(5, 5)(6, 6)(7, 7)(8, 8)(9, 9)(10, 10)(11, 12)
ab12206048207553294916664d0ebf1cd9e81ef6.flv,c4384b8402362a0351d4e1dc9de0c01d7117322f.flv	(0, 0)(1, 2)(3, 3)(4, 4)(5, 5)(5, 6)(6, 7)(7, 8)(8, 9)(9, 10)(10, 11)(11, 14)
ab12206048207553294916664d0ebf1cd9e81ef6.flv,d28c7952b8a60139126446bc81bff5ecebcf5129.flv	(0, 0)(1, 2)(3, 3)(4, 4)(5, 5)(6, 6)(7, 7)(8, 8)(9, 9)(10, 10)(11, 13)
ab12206048207553294916664d0ebf1cd9e81ef6.flv,e4516162efaa2bb36d38fbf245bc41b6fd24f443.flv	(0, 1)(1, 2)(2, 3)(3, 3)(4, 4)(5, 5)(6, 6)(7, 7)(8, 8)(9, 9)(10, 10)(11, 13)
ab12206048207553294916664d0ebf1cd9e81ef6.flv,e6f1dd4881c0088d861763dadd83db04fb353500.flv	(0, 0)(1, 1)(2, 2)(4, 3)(5, 4)
ab12206048207553294916664d0ebf1cd9e81ef6.flv,e6f1dd4881c0088d861763dadd83db04fb353500.flv	(7, 5)
ab12206048207553294916664d0ebf1cd9e81ef6.flv,e6f1dd4881c0088d861763dadd83db04fb353500.flv	(8, 7)(9, 8)
ab12206048207553294916664d0ebf1cd9e81ef6.flv,e6f1dd4881c0088d861763dadd83db04fb353500.flv	(10, 15)(11, 16)
ab12206048207553294916664d0ebf1cd9e81ef6.flv,f9395fd63d7f59cae6103cfb00e116b4a1d0be5e.flv	(0, 6)(1, 7)(2, 8)(3, 9)(4, 10)(5, 11)(5, 12)
ab12206048207553294916664d0ebf1cd9e81ef6.flv,f9395fd63d7f59cae6103cfb00e116b4a1d0be5e.flv	(7, 13)
ab12206048207553294916664d0ebf1cd9e81ef6.flv,f9395fd63d7f59cae6103cfb00e116b4a1d0be5e.flv	(8, 15)(9, 16)
ab12206048207553294916664d0ebf1cd9e81ef6.flv,f9395fd63d7f59cae6103cfb00e116b4a1d0be5e.flv	(10, 22)(11, 26)
ab12206048207553294916664d0ebf1cd9e81ef6.flv,f98075fcebb2596c91cf6886b30a39521cc60855.flv	(0, 0)(4, 3)(5, 4)(6, 5)(7, 6)(8, 7)(9, 8)
ab12206048207553294916664d0ebf1cd9e81ef6.flv,fa0aa890db611cbe029b8c222663579ec7081bb6.flv	(0, 0)(1, 2)(3, 3)(4, 4)(5, 5)(7, 6)(8, 7)(9, 8)(10, 9)(11, 12)
b34b81ce75ea0773ba04b3f1ddedf3f3fac823fa.flv,b34b81ce75ea0773ba04b3f1ddedf3f3fac823fa.flv	(0, 0)(1, 1)(2, 2)(3, 3)(4, 4)(5, 5)(6, 6)(7, 7)(8, 8)(9, 9)(10, 10)(11, 11)(12, 12)
b34b81ce75ea0773ba04b3f1ddedf3f3fac823fa.flv,c4384b8402362a0351d4e1dc9de0c01d7117322f.flv	(0, 0)(1, 1)(2, 2)(3, 3)(4, 4)(5, 5)(5, 6)(6, 7)(7, 8)(8, 9)(9, 10)(10, 11)(11, 12)(12, 14)
b34b81ce75ea0773ba04b3f1ddedf3f3fac823fa.flv,d28c7952b8a60139126446bc81bff5ecebcf5129.flv	(0, 0)(1, 1)(2, 2)(3, 3)(4, 4)(5, 5)(6, 6)(7, 7)(8, 8)(9, 9)(10, 10)(11, 11)(12, 13)
b34b81ce75ea0773ba04b3f1ddedf3f3fac823fa.flv,e4516162efaa2bb36d38fbf245bc41b6fd24f443.flv	(0, 1)(1, 1)(2, 2)(3, 3)(4, 4)(5, 5)(6, 6)(7, 7)(8, 8)(9, 9)(10, 10)(11, 11)(11, 12)(12, 13)
b34b81ce75ea0773ba04b3f1ddedf3f3fac823fa.flv,e6f1dd4881c0088d861763dadd83db04fb353500.flv	(0, 0)(2, 1)(3, 2)(4, 3)(5, 4)
b34b81ce75ea0773ba04b3f1ddedf3f3fac823fa.flv,e6f1dd4881c0088d861763dadd83db04fb353500.flv	(7, 5)
b34b81ce75ea0773ba04b3f1ddedf3f3fac823fa.flv,e6f1dd4881c0088d861763dadd83db04fb353500.flv	(8, 7)(9, 8)
b34b81ce75ea0773ba04b3f1ddedf3f3fac823fa.flv,e6f1dd4881c0088d861763dadd83db04fb353500.flv	(10, 15)(11, 16)(12, 17)
b34b81ce75ea0773ba04b3f1ddedf3f3fac823fa.flv,f9395fd63d7f59cae6103cfb00e116b4a1d0be5e.flv	(0, 6)(2, 7)(4, 10)(5, 11)(5, 12)
b34b81ce75ea0773ba04b3f1ddedf3f3fac823fa.flv,f9395fd63d7f59cae6103cfb00e116b4a1d0be5e.flv	(7, 13)
b34b81ce75ea0773ba04b3f1ddedf3f3fac823fa.flv,f9395fd63d7f59cae6103cfb00e116b4a1d0be5e.flv	(8, 15)(9, 16)
b34b81ce75ea0773ba04b3f1ddedf3f3fac823fa.flv,f9395fd63d7f59cae6103cfb00e116b4a1d0be5e.flv	(10, 22)(11, 25)(12, 26)
b34b81ce75ea0773ba04b3f1ddedf3f3fac823fa.flv,f98075fcebb2596c91cf6886b30a39521cc60855.flv	(0, 0)(3, 2)(4, 3)(5, 4)(6, 5)(7, 6)(8, 7)(9, 8)
b34b81ce75ea0773ba04b3f1ddedf3f3fac823fa.flv,fa0aa890db611cbe029b8c222663579ec7081bb6.flv	(0, 0)(1, 1)(2, 2)(3, 3)(4, 4)(5, 5)(7, 6)(8, 7)(9, 8)(10, 9)(11, 11)(12, 12)
c4384b8402362a0351d4e1dc9de0c01d7117322f.flv,c4384b8402362a0351d4e1dc9de0c01d7117322f.flv	(0, 0)(1, 1)(2, 2)(3, 3)(4, 4)(5, 5)(6, 6)(7, 7)(8, 8)(9, 9)(10, 10)(11, 11)(12, 12)(13, 13)(14, 14)
c4384b8402362a0351d4e1dc9de0c01d7117322f.flv,d28c7952b8a60139126446bc81bff5ecebcf5129.flv	(0, 0)(1, 1)(2, 2)(3, 3)(4, 4)(5, 5)(6, 5)(7, 6)(8, 7)(9, 8)(10, 9)(11, 10)(12, 11)(13, 12)(14, 13)
c4384b8402362a0351d4e1dc9de0c01d7117322f.flv,e4516162efaa2bb36d38fbf245bc41b6fd24f443.flv	(0, 1)(1, 1)(2, 2)(3, 3)(4, 4)(5, 5)(6, 5)(7, 6)(8, 7)(9, 8)(10, 9)(11, 10)(12, 11)(13, 12)(14, 13)
c4384b8402362a0351d4e1dc9de0c01d7117322f.flv,e6f1dd4881c0088d861763dadd83db04fb353500.flv	(0, 0)(2, 1)(3, 2)(4, 3)(5, 4)(6, 4)
c4384b8402362a0351d4e1dc9de0c01d7117322f.flv,e6f1dd4881c0088d861763dadd83db04fb353500.flv	(8, 5)
c4384b8402362a0351d4e1dc9de0c01d7117322f.flv,e6f1dd4881c0088d861763dadd83db04fb353500.flv	(9, 7)(10, 8)
c4384b8402362a0351d4e1dc9de0c01d7117322f.flv,e6f1dd4881c0088d861763dadd83db04fb353500.flv	(11, 15)(12, 16)(14, 17)
c4384b8402362a0351d4e1dc9de0c01d7117322f.flv,f9395fd63d7f59cae6103cfb00e116b4a1d0be5e.flv	(0, 6)(2, 7)(4, 10)(5, 11)(6, 12)
c4384b8402362a0351d4e1dc9de0c01d7117322f.flv,f9395fd63d7f59cae6103cfb00e116b4a1d0be5e.flv	(8, 13)
c4384b8402362a0351d4e1dc9de0c01d7117322f.flv,f9395fd63d7f59cae6103cfb00e116b4a1d0be5e.flv	(9, 15)(10, 16)
c4384b8402362a0351d4e1dc9de0c01d7117322f.flv,f9395fd63d7f59cae6103cfb00e116b4a1d0be5e.flv	(11, 22)(12, 24)(13, 25)(14, 26)
c4384b8402362a0351d4e1dc9de0c01d7117322f.flv,f98075fcebb2596c91cf6886b30a39521cc60855.flv	(0, 0)(3, 2)(4, 3)(6, 4)(7, 5)(8, 6)(9, 7)(10, 8)
c4384b8402362a0351d4e1dc9de0c01d7117322f.flv,fa0aa890db611cbe029b8c222663579ec7081bb6.flv	(0, 0)(1, 1)(2, 2)(3, 3)(4, 4)(6, 5)(8, 6)(9, 7)(10, 8)(11, 9)(12, 11)(14, 12)
d28c7952b8a60139126446bc81bff5ecebcf5129.flv,d28c7952b8a60139126446bc81bff5ecebcf5129.flv	(0, 0)(1, 1)(2, 2)(3, 3)(4, 4)(5, 5)(6, 6)(7, 7)(8, 8)(9, 9)(10, 10)(11, 11)(12, 12)(13, 13)
d28c7952b8a60139126446bc81bff5ecebcf5129.flv,e4516162efaa2bb36d38fbf245bc41b6fd24f443.flv	(0, 1)(1, 1)(2, 2)(3, 3)(4, 4)(5, 5)(6, 6)(7, 7)(8, 8)(9, 9)(10, 10)(11, 11)(12, 12)(13, 13)
d28c7952b8a60139126446bc81bff5ecebcf5129.flv,e6f1dd4881c0088d861763dadd83db04fb353500.flv	(0, 0)(2, 1)(3, 2)(4, 3)(5, 4)
d28c7952b8a60139126446bc81bff5ecebcf5129.flv,e6f1dd4881c0088d861763dadd83db04fb353500.flv	(7, 5)
d28c7952b8a60139126446bc81bff5ecebcf5129.flv,e6f1dd4881c0088d861763dadd83db04fb353500.flv	(8, 7)(9, 8)
d28c7952b8a60139126446bc81bff5ecebcf5129.flv,e6f1dd4881c0088d861763dadd83db04fb353500.flv	(10, 15)(11, 16)(13, 17)
d28c7952b8a60139126446bc81bff5ecebcf5129.flv,f9395fd63d7f59cae6103cfb00e116b4a1d0be5e.flv	(0, 6)(2, 7)(4, 10)(5, 11)(5, 12)
d28c7952b8a60139126446bc81bff5ecebcf5129.flv,f9395fd63d7f59cae6103cfb00e116b4a1d0be5e.flv	(7, 13)
d28c7952b8a60139126446bc81bff5ecebcf5129.flv,f9395fd63d7f59cae6103cfb00e116b4a1d0be5e.flv	(8, 15)(9, 16)
d28c7952b8a60139126446bc81bff5ecebcf5129.flv,f9395fd63d7f59cae6103cfb00e116b4a1d0be5e.flv	(10, 22)(11, 24)(12, 25)(13, 26)
d28c7952b8a60139126446bc81bff5ecebcf5129.flv,f98075fcebb2596c91cf6886b30a39521cc60855.flv	(0, 0)(3, 2)(4, 3)(5, 4)(6, 5)(7, 6)(8, 7)(9, 8)
d28c7952b8a60139126446bc81bff5ecebcf5129.flv,fa0aa890db611cbe029b8c222663579ec7081bb6.flv	(0, 0)(1, 1)(2, 2)(3, 3)(4, 4)(5, 5)(7, 6)(8, 7)(9, 8)(10, 9)(11, 11)(13, 12)
e4516162efaa2bb36d38fbf245bc41b6fd24f443.flv,e4516162efaa2bb36d38fbf245bc41b6fd24f443.flv	(0, 0)(1, 1)(2, 2)(3, 3)(4, 4)(5, 5)(6, 6)(7, 7)(8, 8)(9, 9)(10, 10)(11, 11)(12, 12)(13, 13)(14, 14)(15, 15)(16, 16)
e4516162efaa2bb36d38fbf245bc41b6fd24f443.flv,e6f1dd4881c0088d861763dadd83db04fb353500.flv	(1, 0)(2, 1)(3, 2)(4, 3)(5, 4)
e4516162efaa2bb36d38fbf245bc41b6fd24f443.flv,e6f1dd4881c0088d861763dadd83db04fb353500.flv	(7, 5)
e4516162efaa2bb36d38fbf245bc41b6fd24f443.flv,e6f1dd4881c0088d861763dadd83db04fb353500.flv	(8, 7)(9, 8)
e4516162efaa2bb36d38fbf245bc41b6fd24f443.flv,e6f1dd4881c0088d861763dadd83db04fb353500.flv	(10, 15)(11, 16)(13, 17)
e4516162efaa2bb36d38fbf245bc41b6fd24f443.flv,f9395fd63d7f59cae6103cfb00e116b4a1d0be5e.flv	(1, 6)(2, 7)(4, 10)(5, 12)
e4516162efaa2bb36d38fbf245bc41b6fd24f443.flv,f9395fd63d7f59cae6103cfb00e116b4a1d0be5e.flv	(8, 15)(9, 16)
e4516162efaa2bb36d38fbf245bc41b6fd24f443.flv,f9395fd63d7f59cae6103cfb00e116b4a1d0be5e.flv	(10, 22)(11, 24)(12, 25)(13, 26)
e4516162efaa2bb36d38fbf245bc41b6fd24f443.flv,f98075fcebb2596c91cf6886b30a39521cc60855.flv	(1, 0)(3, 2)(4, 3)(5, 4)(6, 5)(7, 6)(8, 7)(9, 8)
e4516162efaa2bb36d38fbf245bc41b6fd24f443.flv,fa0aa890db611cbe029b8c222663579ec7081bb6.flv	(1, 0)(1, 1)(2, 2)(3, 3)(4, 4)(5, 5)(7, 6)(8, 7)(9, 8)(10, 9)(11, 11)(12, 11)(13, 12)
e6f1dd4881c0088d861763dadd83db04fb353500.flv,e6f1dd4881c0088d861763dadd83db04fb353500.flv	(0, 0)(1, 1)(2, 2)(3, 3)(4, 4)(5, 5)(6, 6)(7, 7)(8, 8)(9, 9)(10, 10)(11, 11)(12, 12)(13, 13)(14, 14)(15, 15)(16, 16)(17, 17)(18, 18)
e6f1dd4881c0088d861763dadd83db04fb353500.flv,f9395fd63d7f59cae6103cfb00e116b4a1d0be5e.flv	(0, 6)(1, 7)(3, 10)(4, 11)(4, 12)
e6f1dd4881c0088d861763dadd83db04fb353500.flv,f9395fd63d7f59cae6103cfb00e116b4a1d0be5e.flv	(5, 13)
e6f1dd4881c0088d861763dadd83db04fb353500.flv,f9395fd63d7f59cae6103cfb00e116b4a1d0be5e.flv	(7, 15)(8, 16)
e6f1dd4881c0088d861763dadd83db04fb353500.flv,f9395fd63d7f59cae6103cfb00e116b4a1d0be5e.flv	(15, 22)(16, 24)(17, 26)
e6f1dd4881c0088d861763dadd83db04fb353500.flv,f98075fcebb2596c91cf6886b30a39521cc60855.flv	(0, 0)(3, 3)(4, 4)
e6f1dd4881c0088d861763dadd83db04fb353500.flv,f98075fcebb2596c91cf6886b30a39521cc60855.flv	(5, 6)
e6f1dd4881c0088d861763dadd83db04fb353500.flv,f98075fcebb2596c91cf6886b30a39521cc60855.flv	(7, 7)(8, 8)
e6f1dd4881c0088d861763dadd83db04fb353500.flv,fa0aa890db611cbe029b8c222663579ec7081bb6.flv	(0, 0)(1, 2)(2, 3)(3, 4)(4, 5)
e6f1dd4881c0088d861763dadd83db04fb353500.flv,fa0aa890db611cbe029b8c222663579ec7081bb6.flv	(5, 6)
e6f1dd4881c0088d861763dadd83db04fb353500.flv,fa0aa890db611cbe029b8c222663579ec7081bb6.flv	(7, 7)(8, 8)
e6f1dd4881c0088d861763dadd83db04fb353500.flv,fa0aa890db611cbe029b8c222663579ec7081bb6.flv	(15, 9)(18, 11)
f9395fd63d7f59cae6103cfb00e116b4a1d0be5e.flv,f9395fd63d7f59cae6103cfb00e116b4a1d0be5e.flv	(0, 0)(1, 1)(2, 2)(3, 3)(4, 4)(5, 5)(6, 6)(7, 7)(8, 8)(9, 9)(10, 10)(11, 11)(12, 12)(13, 13)(14, 14)(15, 15)(16, 16)(17, 17)(18, 18)(19, 19)(20, 20)(21, 21)(22, 22)(23, 23)(24, 24)(25, 25)(26, 26)(27, 27)(28, 28)(29, 29)(30, 30)(31, 31)(32, 32)(33, 33)(34, 34)(35, 35)(36, 36)(37, 37)(38, 38)(39, 39)(40, 40)(41, 41)(42, 42)
f9395fd63d7f59cae6103cfb00e116b4a1d0be5e.flv,f98075fcebb2596c91cf6886b30a39521cc60855.flv	(6, 0)(7, 2)(10, 3)(11, 4)(12, 4)
f9395fd63d7f59cae6103cfb00e116b4a1d0be5e.flv,f98075fcebb2596c91cf6886b30a39521cc60855.flv	(13, 6)
f9395fd63d7f59cae6103cfb00e116b4a1d0be5e.flv,f98075fcebb2596c91cf6886b30a39521cc60855.flv	(15, 7)(16, 8)
f9395fd63d7f59cae6103cfb00e116b4a1d0be5e.flv,fa0aa890db611cbe029b8c222663579ec7081bb6.flv	(6, 0)(7, 2)(10, 4)(12, 5)
f9395fd63d7f59cae6103cfb00e116b4a1d0be5e.flv,fa0aa890db611cbe029b8c222663579ec7081bb6.flv	(13, 6)
f9395fd63d7f59cae6103cfb00e116b4a1d0be5e.flv,fa0aa890db611cbe029b8c222663579ec7081bb6.flv	(15, 7)(16, 8)
f9395fd63d7f59cae6103cfb00e116b4a1d0be5e.flv,fa0aa890db611cbe029b8c222663579ec7081bb6.flv	(22, 9)(23, 10)(25, 11)(26, 12)
f98075fcebb2596c91cf6886b30a39521cc60855.flv,f98075fcebb2596c91cf6886b30a39521cc60855.flv	(0, 0)(1, 1)(2, 2)(3, 3)(4, 4)(5, 5)(6, 6)(7, 7)(8, 8)
f98075fcebb2596c91cf6886b30a39521cc60855.flv,fa0aa890db611cbe029b8c222663579ec7081bb6.flv	(0, 0)(2, 3)(3, 4)(4, 5)(6, 6)(7, 7)(8, 8)
fa0aa890db611cbe029b8c222663579ec7081bb6.flv,fa0aa890db611cbe029b8c222663579ec7081bb6.flv	(0, 0)(1, 1)(2, 2)(3, 3)(4, 4)(5, 5)(6, 6)(7, 7)(8, 8)(9, 9)(10, 10)(11, 11)(12, 12)
