09b682c899b0727e9990d8e347cdce3df7c5550e.flv,09b682c899b0727e9990d8e347cdce3df7c5550e.flv	(0, 0)(1, 1)(2, 2)(3, 3)(4, 4)(5, 5)(6, 6)(7, 7)(8, 8)(9, 9)(10, 10)(11, 11)(12, 12)
09b682c899b0727e9990d8e347cdce3df7c5550e.flv,54c560a6b270647b28ea2746853c937885e2718b.flv	(6, 27)
09b682c899b0727e9990d8e347cdce3df7c5550e.flv,56adf39cc2f2f342b0a589038f6d11bac861028e.flv	(5, 20)(6, 21)
09b682c899b0727e9990d8e347cdce3df7c5550e.flv,5ac8651ce41781440c8595d174748f1a6cad1ff7.flv	(6, 7)
09b682c899b0727e9990d8e347cdce3df7c5550e.flv,874a7d3cbfc17a46040b2d657667520bde309ca4.flv	(3, 4)
09b682c899b0727e9990d8e347cdce3df7c5550e.flv,874a7d3cbfc17a46040b2d657667520bde309ca4.flv	(6, 9)
09b682c899b0727e9990d8e347cdce3df7c5550e.flv,8f8ecb70bd37b0c6fc468c2aab24d6d9b89fe28d.flv	(5, 20)(6, 21)
09b682c899b0727e9990d8e347cdce3df7c5550e.flv,c80dd6dfe271e4887c11bd76248411a8e7c853b0.flv	(6, 7)
09b682c899b0727e9990d8e347cdce3df7c5550e.flv,d2015b438b70f022967713d6f977ebc67a16839e.flv	(3, 38)
09b682c899b0727e9990d8e347cdce3df7c5550e.flv,d2015b438b70f022967713d6f977ebc67a16839e.flv	(4, 57)
09b682c899b0727e9990d8e347cdce3df7c5550e.flv,d2015b438b70f022967713d6f977ebc67a16839e.flv	(6, 94)
09b682c899b0727e9990d8e347cdce3df7c5550e.flv,d2015b438b70f022967713d6f977ebc67a16839e.flv	(7, 68)
54c560a6b270647b28ea2746853c937885e2718b.flv,54c560a6b270647b28ea2746853c937885e2718b.flv	(0, 0)(1, 1)(2, 2)(3, 3)(4, 4)(5, 5)(6, 6)(7, 7)(8, 8)(9, 9)(10, 10)(11, 11)(12, 12)(13, 13)(14, 14)(15, 15)(16, 16)(17, 17)(18, 18)(19, 19)(20, 20)(21, 21)(22, 22)(23, 23)(24, 24)(25, 25)(26, 26)(27, 27)(28, 28)(29, 29)(30, 30)(31, 31)(32, 32)(33, 33)(34, 34)(35, 35)(36, 36)(37, 37)
54c560a6b270647b28ea2746853c937885e2718b.flv,56adf39cc2f2f342b0a589038f6d11bac861028e.flv	(21, 16)(23, 17)(24, 18)(25, 19)(26, 20)
54c560a6b270647b28ea2746853c937885e2718b.flv,56adf39cc2f2f342b0a589038f6d11bac861028e.flv	(27, 21)(34, 26)
54c560a6b270647b28ea2746853c937885e2718b.flv,5ac8651ce41781440c8595d174748f1a6cad1ff7.flv	(20, 0)(21, 1)(23, 2)(24, 4)(25, 5)(26, 6)(27, 7)(28, 8)(30, 9)(32, 10)(34, 11)
54c560a6b270647b28ea2746853c937885e2718b.flv,874a7d3cbfc17a46040b2d657667520bde309ca4.flv	(23, 7)
54c560a6b270647b28ea2746853c937885e2718b.flv,874a7d3cbfc17a46040b2d657667520bde309ca4.flv	(27, 9)
54c560a6b270647b28ea2746853c937885e2718b.flv,8f8ecb70bd37b0c6fc468c2aab24d6d9b89fe28d.flv	(21, 16)(23, 17)(24, 18)(25, 19)(26, 20)
54c560a6b270647b28ea2746853c937885e2718b.flv,8f8ecb70bd37b0c6fc468c2aab24d6d9b89fe28d.flv	(27, 21)(34, 26)
54c560a6b270647b28ea2746853c937885e2718b.flv,c80dd6dfe271e4887c11bd76248411a8e7c853b0.flv	(20, 0)(21, 1)(23, 2)(24, 4)(25, 5)(26, 6)(27, 7)(28, 8)(30, 9)(32, 10)(34, 11)
54c560a6b270647b28ea2746853c937885e2718b.flv,d2015b438b70f022967713d6f977ebc67a16839e.flv	(0, 68)(6, 71)(8, 73)(10, 75)(12, 77)(14, 80)(17, 83)(21, 87)(24, 91)(25, 92)(26, 93)(27, 94)(30, 97)(32, 98)(34, 100)
56adf39cc2f2f342b0a589038f6d11bac861028e.flv,56adf39cc2f2f342b0a589038f6d11bac861028e.flv	(0, 0)(1, 1)(2, 2)(3, 3)(4, 4)(5, 5)(6, 6)(7, 7)(8, 8)(9, 9)(10, 10)(11, 11)(12, 12)(13, 13)(14, 14)(15, 15)(16, 16)(17, 17)(18, 18)(19, 19)(20, 20)(21, 21)(22, 22)(23, 23)(24, 24)(25, 25)(26, 26)(27, 27)(28, 28)(29, 29)(30, 30)
56adf39cc2f2f342b0a589038f6d11bac861028e.flv,5ac8651ce41781440c8595d174748f1a6cad1ff7.flv	(16, 1)(17, 2)(19, 5)(22, 7)(24, 9)(27, 11)
56adf39cc2f2f342b0a589038f6d11bac861028e.flv,874a7d3cbfc17a46040b2d657667520bde309ca4.flv	(17, 7)
56adf39cc2f2f342b0a589038f6d11bac861028e.flv,874a7d3cbfc17a46040b2d657667520bde309ca4.flv	(21, 9)
56adf39cc2f2f342b0a589038f6d11bac861028e.flv,8f8ecb70bd37b0c6fc468c2aab24d6d9b89fe28d.flv	(0, 0)(1, 1)(2, 2)(3, 3)(4, 4)(5, 5)(6, 6)(7, 7)(8, 8)(9, 9)(10, 10)(11, 11)(12, 12)(13, 13)(14, 14)(15, 15)(16, 16)(17, 17)(18, 18)(19, 19)(20, 20)(21, 21)(22, 22)(23, 23)(24, 24)(25, 25)(26, 26)(27, 27)(28, 28)(29, 29)(30, 30)
56adf39cc2f2f342b0a589038f6d11bac861028e.flv,c80dd6dfe271e4887c11bd76248411a8e7c853b0.flv	(16, 1)(17, 2)(19, 5)(20, 6)(22, 7)(23, 8)(24, 9)
56adf39cc2f2f342b0a589038f6d11bac861028e.flv,d2015b438b70f022967713d6f977ebc67a16839e.flv	(7, 18)(8, 20)
56adf39cc2f2f342b0a589038f6d11bac861028e.flv,d2015b438b70f022967713d6f977ebc67a16839e.flv	(9, 33)
56adf39cc2f2f342b0a589038f6d11bac861028e.flv,d2015b438b70f022967713d6f977ebc67a16839e.flv	(9, 34)(10, 35)
56adf39cc2f2f342b0a589038f6d11bac861028e.flv,d2015b438b70f022967713d6f977ebc67a16839e.flv	(11, 43)
56adf39cc2f2f342b0a589038f6d11bac861028e.flv,d2015b438b70f022967713d6f977ebc67a16839e.flv	(12, 45)
56adf39cc2f2f342b0a589038f6d11bac861028e.flv,d2015b438b70f022967713d6f977ebc67a16839e.flv	(16, 87)(18, 91)(19, 92)(20, 93)
56adf39cc2f2f342b0a589038f6d11bac861028e.flv,d2015b438b70f022967713d6f977ebc67a16839e.flv	(21, 94)(22, 95)
5ac8651ce41781440c8595d174748f1a6cad1ff7.flv,5ac8651ce41781440c8595d174748f1a6cad1ff7.flv	(0, 0)(1, 1)(2, 2)(3, 3)(4, 4)(5, 5)(6, 6)(7, 7)(8, 8)(9, 9)(10, 10)(11, 11)
5ac8651ce41781440c8595d174748f1a6cad1ff7.flv,874a7d3cbfc17a46040b2d657667520bde309ca4.flv	(2, 7)(4, 8)
5ac8651ce41781440c8595d174748f1a6cad1ff7.flv,874a7d3cbfc17a46040b2d657667520bde309ca4.flv	(7, 9)
5ac8651ce41781440c8595d174748f1a6cad1ff7.flv,8f8ecb70bd37b0c6fc468c2aab24d6d9b89fe28d.flv	(1, 16)(2, 17)(4, 18)(5, 19)(6, 20)
5ac8651ce41781440c8595d174748f1a6cad1ff7.flv,8f8ecb70bd37b0c6fc468c2aab24d6d9b89fe28d.flv	(7, 21)
5ac8651ce41781440c8595d174748f1a6cad1ff7.flv,c80dd6dfe271e4887c11bd76248411a8e7c853b0.flv	(0, 0)(1, 1)(2, 2)(3, 3)(4, 4)(5, 5)(6, 6)(7, 7)(8, 8)(9, 9)(10, 10)(11, 11)
5ac8651ce41781440c8595d174748f1a6cad1ff7.flv,d2015b438b70f022967713d6f977ebc67a16839e.flv	(0, 86)(1, 87)(4, 91)(5, 92)(6, 93)(7, 94)(9, 97)(10, 98)(11, 100)
874a7d3cbfc17a46040b2d657667520bde309ca4.flv,874a7d3cbfc17a46040b2d657667520bde309ca4.flv	(0, 0)(1, 1)(2, 2)(3, 3)(4, 4)(5, 5)(6, 6)(7, 7)(8, 8)(9, 9)
874a7d3cbfc17a46040b2d657667520bde309ca4.flv,8f8ecb70bd37b0c6fc468c2aab24d6d9b89fe28d.flv	(7, 17)
874a7d3cbfc17a46040b2d657667520bde309ca4.flv,8f8ecb70bd37b0c6fc468c2aab24d6d9b89fe28d.flv	
874a7d3cbfc17a46040b2d657667520bde309ca4.flv,c80dd6dfe271e4887c11bd76248411a8e7c853b0.flv	(7, 2)(8, 3)
874a7d3cbfc17a46040b2d657667520bde309ca4.flv,c80dd6dfe271e4887c11bd76248411a8e7c853b0.flv	(9, 7)
874a7d3cbfc17a46040b2d657667520bde309ca4.flv,d2015b438b70f022967713d6f977ebc67a16839e.flv	(4, 38)
874a7d3cbfc17a46040b2d657667520bde309ca4.flv,d2015b438b70f022967713d6f977ebc67a16839e.flv	(6, 89)(7, 90)
874a7d3cbfc17a46040b2d657667520bde309ca4.flv,d2015b438b70f022967713d6f977ebc67a16839e.flv	(9, 94)(9, 95)
8f8ecb70bd37b0c6fc468c2aab24d6d9b89fe28d.flv,8f8ecb70bd37b0c6fc468c2aab24d6d9b89fe28d.flv	(0, 0)(1, 1)(2, 2)(3, 3)(4, 4)(5, 5)(6, 6)(7, 7)(8, 8)(9, 9)(10, 10)(11, 11)(12, 12)(13, 13)(14, 14)(15, 15)(16, 16)(17, 17)(18, 18)(19, 19)(20, 20)(21, 21)(22, 22)(23, 23)(24, 24)(25, 25)(26, 26)(27, 27)(28, 28)(29, 29)(30, 30)
8f8ecb70bd37b0c6fc468c2aab24d6d9b89fe28d.flv,c80dd6dfe271e4887c11bd76248411a8e7c853b0.flv	(16, 1)(17, 2)(18, 4)(19, 5)(20, 6)
8f8ecb70bd37b0c6fc468c2aab24d6d9b89fe28d.flv,c80dd6dfe271e4887c11bd76248411a8e7c853b0.flv	(21, 7)
8f8ecb70bd37b0c6fc468c2aab24d6d9b89fe28d.flv,d2015b438b70f022967713d6f977ebc67a16839e.flv	(7, 18)(8, 20)
8f8ecb70bd37b0c6fc468c2aab24d6d9b89fe28d.flv,d2015b438b70f022967713d6f977ebc67a16839e.flv	(9, 33)
8f8ecb70bd37b0c6fc468c2aab24d6d9b89fe28d.flv,d2015b438b70f022967713d6f977ebc67a16839e.flv	(9, 34)(10, 35)
8f8ecb70bd37b0c6fc468c2aab24d6d9b89fe28d.flv,d2015b438b70f022967713d6f977ebc67a16839e.flv	(11, 43)
8f8ecb70bd37b0c6fc468c2aab24d6d9b89fe28d.flv,d2015b438b70f022967713d6f977ebc67a16839e.flv	(12, 45)
8f8ecb70bd37b0c6fc468c2aab24d6d9b89fe28d.flv,d2015b438b70f022967713d6f977ebc67a16839e.flv	(16, 87)(18, 91)(19, 92)(20, 93)
8f8ecb70bd37b0c6fc468c2aab24d6d9b89fe28d.flv,d2015b438b70f022967713d6f977ebc67a16839e.flv	(21, 94)(22, 95)(24, 97)
c80dd6dfe271e4887c11bd76248411a8e7c853b0.flv,c80dd6dfe271e4887c11bd76248411a8e7c853b0.flv	(0, 0)(1, 1)(2, 2)(3, 3)(4, 4)(5, 5)(6, 6)(7, 7)(8, 8)(9, 9)(10, 10)(11, 11)
c80dd6dfe271e4887c11bd76248411a8e7c853b0.flv,d2015b438b70f022967713d6f977ebc67a16839e.flv	(0, 86)(1, 87)(4, 91)(5, 92)(6, 93)(7, 94)(9, 97)(10, 98)(11, 100)
d2015b438b70f022967713d6f977ebc67a16839e.flv,d2015b438b70f022967713d6f977ebc67a16839e.flv	(0, 0)(1, 1)(2, 2)(3, 3)(4, 4)(5, 5)(6, 6)(7, 7)(8, 8)(9, 9)(10, 10)(11, 11)(12, 12)(13, 13)(14, 14)(15, 15)(16, 16)(17, 17)(18, 18)(19, 19)(20, 20)(21, 21)(22, 22)(23, 23)(24, 24)(25, 25)(26, 26)(27, 27)(28, 28)(29, 29)(30, 30)(31, 31)(32, 32)(33, 33)(34, 34)(35, 35)(36, 36)(37, 37)(38, 38)(39, 39)(40, 40)(41, 41)(42, 42)(43, 43)(44, 44)(45, 45)(46, 46)(47, 47)(48, 48)(49, 49)(50, 50)(51, 51)(52, 52)(53, 53)(54, 54)(55, 55)(56, 56)(57, 57)(58, 58)(59, 59)(60, 60)(61, 61)(62, 62)(63, 63)(64, 64)(65, 65)(66, 66)(67, 67)(68, 68)(69, 69)(70, 70)(71, 71)(72, 72)(73, 73)(74, 74)(75, 75)(76, 76)(77, 77)(78, 78)(79, 79)(80, 80)(81, 81)(82, 82)(83, 83)(84, 84)(85, 85)(86, 86)(87, 87)(88, 88)(89, 89)(90, 90)(91, 91)(92, 92)(93, 93)(94, 94)(95, 95)(96, 96)(97, 97)(98, 98)(99, 99)(100, 100)
