127dab55025984673f65d3a23b1fea99ecc79b15.mp4,127dab55025984673f65d3a23b1fea99ecc79b15.mp4	(0, 0)(1, 1)(2, 2)(3, 3)(4, 4)(5, 5)(6, 6)(7, 7)(8, 8)(9, 9)(10, 10)(11, 11)(12, 12)(13, 13)(14, 14)(15, 15)(16, 16)(17, 17)(18, 18)(19, 19)(20, 20)(21, 21)(22, 22)(23, 23)(24, 24)(25, 25)(26, 26)(27, 27)(28, 28)(29, 29)(30, 30)(31, 31)(32, 32)(33, 33)(34, 34)(35, 35)(36, 36)(37, 37)(38, 38)(39, 39)(40, 40)(41, 41)(42, 42)(43, 43)(44, 44)(45, 45)(46, 46)(47, 47)(48, 48)(49, 49)(50, 50)(51, 51)(52, 52)(53, 53)(54, 54)(55, 55)(56, 56)(57, 57)(58, 58)(59, 59)(60, 60)(61, 61)(62, 62)(63, 63)(64, 64)(65, 65)(66, 66)
127dab55025984673f65d3a23b1fea99ecc79b15.mp4,12e5b295f88e0c387a4326c73613b1c7a05f2eda.flv	(20, 5)(21, 6)(22, 7)(23, 8)(24, 10)(25, 11)
127dab55025984673f65d3a23b1fea99ecc79b15.mp4,3f551cfb6385305e37906ce36ba8adc47ebc4cb3.flv	(20, 6)(21, 7)(22, 8)(23, 9)(25, 10)
127dab55025984673f65d3a23b1fea99ecc79b15.mp4,46fa74f0aa8e67c49c64802317c4de3894f0e1b9.flv	(20, 5)(21, 6)(22, 7)(24, 9)(25, 10)
127dab55025984673f65d3a23b1fea99ecc79b15.mp4,487be7c83186caba89dc3004a1bd24350e35a099.flv	(20, 5)(22, 6)(23, 7)(24, 9)(25, 10)
127dab55025984673f65d3a23b1fea99ecc79b15.mp4,4cfa923904010814758c07c039b0388ed0be08ec.flv	(20, 6)(21, 9)(22, 10)(24, 11)(25, 12)
127dab55025984673f65d3a23b1fea99ecc79b15.mp4,4ebe32fc10f0594a6d6a54df8617d38c2806ec9e.flv	(22, 11)(25, 14)
127dab55025984673f65d3a23b1fea99ecc79b15.mp4,4fed5faaf981b1082089916f2ff52c844b260efa.mp4	(20, 3)(21, 4)(22, 6)(23, 8)
127dab55025984673f65d3a23b1fea99ecc79b15.mp4,705d504994af63494d0e6e3e42f64d6b165b9584.flv	(20, 6)(21, 7)(22, 8)(23, 9)(24, 10)(25, 11)
127dab55025984673f65d3a23b1fea99ecc79b15.mp4,707ffde910facfe859304ae491bc154ab33dd2de.flv	(22, 8)(23, 10)(24, 11)(25, 12)
127dab55025984673f65d3a23b1fea99ecc79b15.mp4,75ac32c788e5d5d2e058a24f6a2deffbab3288fc.flv	(22, 11)(25, 14)
127dab55025984673f65d3a23b1fea99ecc79b15.mp4,7b2158aad4ea2e6c8f149bb869801b96734c1b1c.flv	(21, 7)(22, 8)(23, 9)(24, 11)
127dab55025984673f65d3a23b1fea99ecc79b15.mp4,7c9d142bf1b1ede846c059117f422b1c8ea6bb9e.mp4	(20, 6)(22, 9)(23, 11)(24, 12)(25, 13)
127dab55025984673f65d3a23b1fea99ecc79b15.mp4,7dd1b7a83128fb78f018c557d918b0670989457e.mp4	(20, 5)(22, 7)(23, 8)(24, 10)(25, 11)
127dab55025984673f65d3a23b1fea99ecc79b15.mp4,8870293c58fbed9cc03a738577e5802164199d8b.flv	(20, 7)(21, 8)(22, 9)(24, 11)(25, 12)
127dab55025984673f65d3a23b1fea99ecc79b15.mp4,8c207ab5a07d12d37dcb666ee8b69c3357bc07fb.flv	(20, 23)
127dab55025984673f65d3a23b1fea99ecc79b15.mp4,8c207ab5a07d12d37dcb666ee8b69c3357bc07fb.flv	(20, 37)
127dab55025984673f65d3a23b1fea99ecc79b15.mp4,8c207ab5a07d12d37dcb666ee8b69c3357bc07fb.flv	(22, 28)
127dab55025984673f65d3a23b1fea99ecc79b15.mp4,8c207ab5a07d12d37dcb666ee8b69c3357bc07fb.flv	(22, 31)(25, 33)
127dab55025984673f65d3a23b1fea99ecc79b15.mp4,8c207ab5a07d12d37dcb666ee8b69c3357bc07fb.flv	(25, 62)
127dab55025984673f65d3a23b1fea99ecc79b15.mp4,8fb97b98e2f27c9f162d6c1d6c27806c84af8e8d.flv	(20, 6)(21, 7)(22, 8)(23, 9)(24, 10)(25, 11)
127dab55025984673f65d3a23b1fea99ecc79b15.mp4,97429f47c45ec4da9849b7f4df36e22939649158.mp4	(20, 4)
127dab55025984673f65d3a23b1fea99ecc79b15.mp4,9c1d7e91288e07083e4456f8fe6b771aba039ed1.flv	(20, 6)(21, 7)(22, 8)(23, 9)(24, 11)(25, 12)
127dab55025984673f65d3a23b1fea99ecc79b15.mp4,b3205b97de392174f3905831fc0dba5724fdabf1.flv	(20, 4)(21, 6)(22, 7)(23, 8)
127dab55025984673f65d3a23b1fea99ecc79b15.mp4,b581ea1130d0c4c9af02e98dcb887cb8d58350e8.flv	(20, 4)(21, 6)(22, 7)(24, 8)(25, 9)
127dab55025984673f65d3a23b1fea99ecc79b15.mp4,bbdbe357f408fb84d5f57c1522a90504f3162d6f.flv	(22, 7)
127dab55025984673f65d3a23b1fea99ecc79b15.mp4,bbdbe357f408fb84d5f57c1522a90504f3162d6f.flv	(25, 9)
127dab55025984673f65d3a23b1fea99ecc79b15.mp4,be51dbc2d72ae574934de1b972b18037dba73b8e.flv	(22, 9)(24, 11)
127dab55025984673f65d3a23b1fea99ecc79b15.mp4,bf9df08bb9164d1b971557a9b9f6140096c92b0c.mp4	(22, 41)
127dab55025984673f65d3a23b1fea99ecc79b15.mp4,cac9dff859597360de5a5f011139c845c0d08e6c.flv	(20, 5)(21, 6)(22, 7)(23, 8)(24, 10)(25, 11)
127dab55025984673f65d3a23b1fea99ecc79b15.mp4,caec7bae88f5b5d60a08487e9d9a8cd27251c64e.flv	(21, 12)(22, 13)(23, 14)(24, 16)(25, 17)
127dab55025984673f65d3a23b1fea99ecc79b15.mp4,f7ba4ea780e11256ed5439e33d169eb242a8a18f.flv	
12e5b295f88e0c387a4326c73613b1c7a05f2eda.flv,12e5b295f88e0c387a4326c73613b1c7a05f2eda.flv	(0, 0)(1, 1)(2, 2)(3, 3)(4, 4)(5, 5)(6, 6)(7, 7)(8, 8)(9, 9)(10, 10)(11, 11)(12, 12)(13, 13)(14, 14)(15, 15)(16, 16)
12e5b295f88e0c387a4326c73613b1c7a05f2eda.flv,3f551cfb6385305e37906ce36ba8adc47ebc4cb3.flv	(0, 2)(1, 3)(4, 5)(5, 6)(6, 7)(7, 8)(8, 9)(12, 11)(13, 12)(14, 13)(15, 14)(16, 15)
12e5b295f88e0c387a4326c73613b1c7a05f2eda.flv,46fa74f0aa8e67c49c64802317c4de3894f0e1b9.flv	(0, 0)(1, 1)(2, 2)(3, 3)(4, 4)(5, 5)(6, 6)(7, 7)(9, 8)(10, 9)(12, 10)(13, 12)(14, 13)(15, 14)(16, 15)
12e5b295f88e0c387a4326c73613b1c7a05f2eda.flv,487be7c83186caba89dc3004a1bd24350e35a099.flv	(0, 0)(1, 1)(2, 2)(3, 3)(4, 4)(5, 5)(7, 6)(8, 7)(9, 8)(10, 9)(12, 10)(13, 11)(14, 12)(15, 13)(16, 14)
12e5b295f88e0c387a4326c73613b1c7a05f2eda.flv,4cfa923904010814758c07c039b0388ed0be08ec.flv	(0, 0)(1, 1)(2, 2)(3, 3)(4, 5)(5, 6)(6, 9)(7, 10)(10, 11)(12, 12)(13, 13)(14, 14)(15, 15)(16, 16)
12e5b295f88e0c387a4326c73613b1c7a05f2eda.flv,4ebe32fc10f0594a6d6a54df8617d38c2806ec9e.flv	(1, 0)(2, 2)(3, 3)(4, 4)(8, 11)(11, 13)(12, 14)(13, 16)(16, 19)
12e5b295f88e0c387a4326c73613b1c7a05f2eda.flv,4fed5faaf981b1082089916f2ff52c844b260efa.mp4	(2, 0)(3, 1)(4, 2)(5, 3)(7, 6)(8, 8)(13, 11)
12e5b295f88e0c387a4326c73613b1c7a05f2eda.flv,705d504994af63494d0e6e3e42f64d6b165b9584.flv	(0, 2)(1, 3)(4, 5)(5, 6)(6, 7)(7, 8)(8, 9)(10, 10)(12, 11)(13, 12)(15, 13)(16, 14)
12e5b295f88e0c387a4326c73613b1c7a05f2eda.flv,707ffde910facfe859304ae491bc154ab33dd2de.flv	(0, 0)(1, 1)(2, 2)(3, 3)(4, 4)(7, 8)(8, 10)(10, 11)(12, 12)(13, 13)(14, 14)(15, 15)(16, 16)
12e5b295f88e0c387a4326c73613b1c7a05f2eda.flv,75ac32c788e5d5d2e058a24f6a2deffbab3288fc.flv	(1, 0)(2, 2)(3, 3)(4, 4)(8, 11)(11, 13)(12, 14)(13, 16)(16, 19)
12e5b295f88e0c387a4326c73613b1c7a05f2eda.flv,7b2158aad4ea2e6c8f149bb869801b96734c1b1c.flv	(0, 0)
12e5b295f88e0c387a4326c73613b1c7a05f2eda.flv,7b2158aad4ea2e6c8f149bb869801b96734c1b1c.flv	(2, 1)(3, 2)
12e5b295f88e0c387a4326c73613b1c7a05f2eda.flv,7b2158aad4ea2e6c8f149bb869801b96734c1b1c.flv	(4, 3)(7, 8)(8, 9)(9, 10)(12, 11)
12e5b295f88e0c387a4326c73613b1c7a05f2eda.flv,7c9d142bf1b1ede846c059117f422b1c8ea6bb9e.mp4	(0, 1)(1, 2)(2, 3)(3, 4)(4, 5)(5, 6)(7, 9)(8, 11)(10, 12)(12, 13)(13, 14)
12e5b295f88e0c387a4326c73613b1c7a05f2eda.flv,7dd1b7a83128fb78f018c557d918b0670989457e.mp4	(0, 0)
12e5b295f88e0c387a4326c73613b1c7a05f2eda.flv,7dd1b7a83128fb78f018c557d918b0670989457e.mp4	(4, 4)(5, 5)(7, 7)(8, 8)(9, 9)(10, 10)(11, 11)
12e5b295f88e0c387a4326c73613b1c7a05f2eda.flv,8870293c58fbed9cc03a738577e5802164199d8b.flv	(0, 0)(1, 1)(2, 2)(4, 4)(5, 7)(6, 8)(7, 9)(9, 10)(10, 11)(12, 12)(13, 13)(14, 14)(15, 15)(16, 16)
12e5b295f88e0c387a4326c73613b1c7a05f2eda.flv,8c207ab5a07d12d37dcb666ee8b69c3357bc07fb.flv	
12e5b295f88e0c387a4326c73613b1c7a05f2eda.flv,8c207ab5a07d12d37dcb666ee8b69c3357bc07fb.flv	(5, 23)
12e5b295f88e0c387a4326c73613b1c7a05f2eda.flv,8c207ab5a07d12d37dcb666ee8b69c3357bc07fb.flv	(5, 37)
12e5b295f88e0c387a4326c73613b1c7a05f2eda.flv,8c207ab5a07d12d37dcb666ee8b69c3357bc07fb.flv	(7, 28)
12e5b295f88e0c387a4326c73613b1c7a05f2eda.flv,8c207ab5a07d12d37dcb666ee8b69c3357bc07fb.flv	(9, 32)(11, 33)
12e5b295f88e0c387a4326c73613b1c7a05f2eda.flv,8c207ab5a07d12d37dcb666ee8b69c3357bc07fb.flv	(11, 62)(12, 63)(13, 64)
12e5b295f88e0c387a4326c73613b1c7a05f2eda.flv,8fb97b98e2f27c9f162d6c1d6c27806c84af8e8d.flv	(0, 2)(1, 3)(4, 5)(5, 6)(6, 7)(7, 8)(8, 9)(10, 10)(12, 11)(13, 12)(14, 13)(15, 14)(16, 15)
12e5b295f88e0c387a4326c73613b1c7a05f2eda.flv,97429f47c45ec4da9849b7f4df36e22939649158.mp4	(0, 0)(1, 0)(2, 1)(7, 7)(12, 10)(13, 12)(13, 13)
12e5b295f88e0c387a4326c73613b1c7a05f2eda.flv,9c1d7e91288e07083e4456f8fe6b771aba039ed1.flv	(0, 0)(1, 1)(2, 2)(3, 3)(4, 4)(5, 6)(6, 7)(7, 8)(8, 9)(9, 10)(10, 11)(11, 12)(12, 13)(13, 14)(14, 15)(15, 16)(16, 17)
12e5b295f88e0c387a4326c73613b1c7a05f2eda.flv,b3205b97de392174f3905831fc0dba5724fdabf1.flv	(1, 0)(2, 1)(4, 3)(5, 4)(7, 7)(8, 8)(13, 13)(15, 15)(16, 16)
12e5b295f88e0c387a4326c73613b1c7a05f2eda.flv,b581ea1130d0c4c9af02e98dcb887cb8d58350e8.flv	(0, 0)(1, 1)(4, 3)(5, 4)(6, 6)(7, 7)(9, 8)(13, 12)(14, 13)(15, 13)
12e5b295f88e0c387a4326c73613b1c7a05f2eda.flv,bbdbe357f408fb84d5f57c1522a90504f3162d6f.flv	(3, 2)
12e5b295f88e0c387a4326c73613b1c7a05f2eda.flv,bbdbe357f408fb84d5f57c1522a90504f3162d6f.flv	(6, 6)(7, 6)
12e5b295f88e0c387a4326c73613b1c7a05f2eda.flv,bbdbe357f408fb84d5f57c1522a90504f3162d6f.flv	(7, 7)
12e5b295f88e0c387a4326c73613b1c7a05f2eda.flv,bbdbe357f408fb84d5f57c1522a90504f3162d6f.flv	(11, 9)
12e5b295f88e0c387a4326c73613b1c7a05f2eda.flv,be51dbc2d72ae574934de1b972b18037dba73b8e.flv	(0, 0)(1, 1)(2, 2)(4, 4)(5, 5)(7, 9)(12, 11)
12e5b295f88e0c387a4326c73613b1c7a05f2eda.flv,bf9df08bb9164d1b971557a9b9f6140096c92b0c.mp4	(5, 40)(7, 41)
12e5b295f88e0c387a4326c73613b1c7a05f2eda.flv,cac9dff859597360de5a5f011139c845c0d08e6c.flv	(0, 0)(1, 1)(2, 2)(3, 3)(4, 4)(5, 5)(6, 6)(7, 7)(8, 8)(9, 9)(10, 10)(12, 11)(13, 12)(14, 13)(15, 14)(16, 15)
12e5b295f88e0c387a4326c73613b1c7a05f2eda.flv,caec7bae88f5b5d60a08487e9d9a8cd27251c64e.flv	(0, 4)(1, 5)(2, 6)(3, 7)(4, 8)(6, 12)(7, 13)(8, 14)(9, 15)(10, 16)(12, 17)(13, 18)(14, 19)(15, 20)(16, 22)
12e5b295f88e0c387a4326c73613b1c7a05f2eda.flv,f7ba4ea780e11256ed5439e33d169eb242a8a18f.flv	(12, 4)
3f551cfb6385305e37906ce36ba8adc47ebc4cb3.flv,3f551cfb6385305e37906ce36ba8adc47ebc4cb3.flv	(0, 0)(1, 1)(2, 2)(3, 3)(4, 4)(5, 5)(6, 6)(7, 7)(8, 8)(9, 9)(10, 10)(11, 11)(12, 12)(13, 13)(14, 14)(15, 15)(16, 16)
3f551cfb6385305e37906ce36ba8adc47ebc4cb3.flv,46fa74f0aa8e67c49c64802317c4de3894f0e1b9.flv	(2, 0)(3, 1)(5, 4)(6, 5)(7, 6)(8, 7)(11, 10)(12, 12)(14, 14)(15, 15)
3f551cfb6385305e37906ce36ba8adc47ebc4cb3.flv,487be7c83186caba89dc3004a1bd24350e35a099.flv	(2, 0)(3, 1)(5, 4)(6, 5)(8, 6)(9, 7)(11, 10)(12, 11)(14, 13)(15, 14)
3f551cfb6385305e37906ce36ba8adc47ebc4cb3.flv,4cfa923904010814758c07c039b0388ed0be08ec.flv	(2, 0)(3, 1)(5, 5)(6, 6)(7, 9)(8, 10)(11, 12)(12, 13)(13, 14)(14, 15)(15, 16)
3f551cfb6385305e37906ce36ba8adc47ebc4cb3.flv,4ebe32fc10f0594a6d6a54df8617d38c2806ec9e.flv	(3, 0)(5, 4)(14, 18)(15, 19)
3f551cfb6385305e37906ce36ba8adc47ebc4cb3.flv,4fed5faaf981b1082089916f2ff52c844b260efa.mp4	(4, 1)(5, 2)(6, 3)(8, 6)(11, 10)(12, 11)
3f551cfb6385305e37906ce36ba8adc47ebc4cb3.flv,705d504994af63494d0e6e3e42f64d6b165b9584.flv	(0, 0)(1, 1)(2, 2)(3, 3)(4, 4)(5, 5)(6, 6)(7, 7)(8, 8)(9, 9)(11, 11)(12, 12)(14, 13)(15, 14)(16, 15)
3f551cfb6385305e37906ce36ba8adc47ebc4cb3.flv,707ffde910facfe859304ae491bc154ab33dd2de.flv	(2, 0)(3, 1)(5, 4)(8, 8)(9, 10)(11, 12)(12, 13)(14, 15)(15, 16)
3f551cfb6385305e37906ce36ba8adc47ebc4cb3.flv,75ac32c788e5d5d2e058a24f6a2deffbab3288fc.flv	(3, 0)(5, 4)(14, 18)(15, 19)
3f551cfb6385305e37906ce36ba8adc47ebc4cb3.flv,7b2158aad4ea2e6c8f149bb869801b96734c1b1c.flv	(2, 0)
3f551cfb6385305e37906ce36ba8adc47ebc4cb3.flv,7b2158aad4ea2e6c8f149bb869801b96734c1b1c.flv	(4, 1)(4, 2)
3f551cfb6385305e37906ce36ba8adc47ebc4cb3.flv,7b2158aad4ea2e6c8f149bb869801b96734c1b1c.flv	(5, 3)(8, 8)(11, 11)
3f551cfb6385305e37906ce36ba8adc47ebc4cb3.flv,7c9d142bf1b1ede846c059117f422b1c8ea6bb9e.mp4	(2, 1)(3, 2)(4, 4)(5, 5)(6, 6)(8, 9)(9, 11)(11, 13)(12, 14)
3f551cfb6385305e37906ce36ba8adc47ebc4cb3.flv,7dd1b7a83128fb78f018c557d918b0670989457e.mp4	(2, 0)
3f551cfb6385305e37906ce36ba8adc47ebc4cb3.flv,7dd1b7a83128fb78f018c557d918b0670989457e.mp4	(4, 2)(5, 4)(6, 5)(8, 7)(9, 8)(10, 11)
3f551cfb6385305e37906ce36ba8adc47ebc4cb3.flv,7dd1b7a83128fb78f018c557d918b0670989457e.mp4	(5, 4)(6, 5)(8, 7)(9, 8)(10, 11)(11, 11)
3f551cfb6385305e37906ce36ba8adc47ebc4cb3.flv,8870293c58fbed9cc03a738577e5802164199d8b.flv	(2, 0)(3, 1)(4, 2)(5, 4)(6, 7)(7, 8)(8, 9)(11, 12)(12, 13)(13, 14)(14, 15)(15, 16)
3f551cfb6385305e37906ce36ba8adc47ebc4cb3.flv,8c207ab5a07d12d37dcb666ee8b69c3357bc07fb.flv	
3f551cfb6385305e37906ce36ba8adc47ebc4cb3.flv,8c207ab5a07d12d37dcb666ee8b69c3357bc07fb.flv	(6, 23)
3f551cfb6385305e37906ce36ba8adc47ebc4cb3.flv,8c207ab5a07d12d37dcb666ee8b69c3357bc07fb.flv	(6, 37)
3f551cfb6385305e37906ce36ba8adc47ebc4cb3.flv,8c207ab5a07d12d37dcb666ee8b69c3357bc07fb.flv	(8, 28)
3f551cfb6385305e37906ce36ba8adc47ebc4cb3.flv,8c207ab5a07d12d37dcb666ee8b69c3357bc07fb.flv	(8, 31)(11, 33)
3f551cfb6385305e37906ce36ba8adc47ebc4cb3.flv,8c207ab5a07d12d37dcb666ee8b69c3357bc07fb.flv	(10, 62)
3f551cfb6385305e37906ce36ba8adc47ebc4cb3.flv,8c207ab5a07d12d37dcb666ee8b69c3357bc07fb.flv	(11, 62)
3f551cfb6385305e37906ce36ba8adc47ebc4cb3.flv,8c207ab5a07d12d37dcb666ee8b69c3357bc07fb.flv	(11, 62)
3f551cfb6385305e37906ce36ba8adc47ebc4cb3.flv,8c207ab5a07d12d37dcb666ee8b69c3357bc07fb.flv	(11, 63)(12, 64)
3f551cfb6385305e37906ce36ba8adc47ebc4cb3.flv,8fb97b98e2f27c9f162d6c1d6c27806c84af8e8d.flv	(0, 0)(1, 1)(2, 2)(3, 3)(4, 4)(5, 5)(6, 6)(7, 7)(8, 8)(9, 9)(11, 11)(12, 12)(13, 13)(14, 14)(15, 15)(16, 16)
3f551cfb6385305e37906ce36ba8adc47ebc4cb3.flv,97429f47c45ec4da9849b7f4df36e22939649158.mp4	(2, 0)(3, 0)(4, 1)(8, 7)(9, 9)(11, 10)(12, 13)
3f551cfb6385305e37906ce36ba8adc47ebc4cb3.flv,9c1d7e91288e07083e4456f8fe6b771aba039ed1.flv	(2, 0)(3, 1)(5, 4)(6, 6)(7, 7)(8, 8)(9, 9)(11, 13)(12, 14)(13, 15)(14, 16)(15, 17)
3f551cfb6385305e37906ce36ba8adc47ebc4cb3.flv,b3205b97de392174f3905831fc0dba5724fdabf1.flv	(3, 0)(4, 1)(5, 3)(6, 4)(8, 7)(9, 8)(11, 10)(12, 13)(13, 14)(14, 15)(15, 16)
3f551cfb6385305e37906ce36ba8adc47ebc4cb3.flv,b581ea1130d0c4c9af02e98dcb887cb8d58350e8.flv	(2, 0)(3, 1)(4, 2)(5, 3)(6, 4)(7, 6)(8, 7)(10, 9)(11, 10)(12, 12)(13, 13)
3f551cfb6385305e37906ce36ba8adc47ebc4cb3.flv,bbdbe357f408fb84d5f57c1522a90504f3162d6f.flv	(4, 2)
3f551cfb6385305e37906ce36ba8adc47ebc4cb3.flv,bbdbe357f408fb84d5f57c1522a90504f3162d6f.flv	(7, 6)(8, 6)
3f551cfb6385305e37906ce36ba8adc47ebc4cb3.flv,bbdbe357f408fb84d5f57c1522a90504f3162d6f.flv	(8, 7)
3f551cfb6385305e37906ce36ba8adc47ebc4cb3.flv,bbdbe357f408fb84d5f57c1522a90504f3162d6f.flv	(11, 9)
3f551cfb6385305e37906ce36ba8adc47ebc4cb3.flv,be51dbc2d72ae574934de1b972b18037dba73b8e.flv	(2, 0)(3, 1)(4, 2)(5, 4)(6, 5)(8, 9)(11, 11)(12, 12)(14, 14)(15, 16)
3f551cfb6385305e37906ce36ba8adc47ebc4cb3.flv,bf9df08bb9164d1b971557a9b9f6140096c92b0c.mp4	(6, 40)(8, 41)
3f551cfb6385305e37906ce36ba8adc47ebc4cb3.flv,cac9dff859597360de5a5f011139c845c0d08e6c.flv	(2, 0)(3, 1)(5, 4)(6, 5)(7, 6)(8, 7)(9, 8)(11, 11)(12, 12)(13, 13)(14, 14)(15, 15)
3f551cfb6385305e37906ce36ba8adc47ebc4cb3.flv,caec7bae88f5b5d60a08487e9d9a8cd27251c64e.flv	(2, 4)(3, 5)(5, 8)(7, 12)(8, 13)(9, 14)(11, 17)(12, 18)(15, 22)
3f551cfb6385305e37906ce36ba8adc47ebc4cb3.flv,f7ba4ea780e11256ed5439e33d169eb242a8a18f.flv	(6, 3)
46fa74f0aa8e67c49c64802317c4de3894f0e1b9.flv,46fa74f0aa8e67c49c64802317c4de3894f0e1b9.flv	(0, 0)(1, 1)(2, 2)(3, 3)(4, 4)(5, 5)(6, 6)(7, 7)(8, 8)(9, 9)(10, 10)(11, 11)(12, 12)(13, 13)(14, 14)(15, 15)
46fa74f0aa8e67c49c64802317c4de3894f0e1b9.flv,487be7c83186caba89dc3004a1bd24350e35a099.flv	(0, 0)(1, 1)(2, 2)(3, 3)(4, 4)(5, 5)(7, 6)(8, 8)(9, 9)(10, 10)(12, 11)(13, 12)(14, 13)(15, 14)
46fa74f0aa8e67c49c64802317c4de3894f0e1b9.flv,4cfa923904010814758c07c039b0388ed0be08ec.flv	(0, 0)(1, 1)(2, 2)(3, 3)(4, 5)(5, 6)(6, 9)(7, 10)(9, 11)(10, 12)(12, 13)(13, 14)(14, 15)(15, 16)
46fa74f0aa8e67c49c64802317c4de3894f0e1b9.flv,4ebe32fc10f0594a6d6a54df8617d38c2806ec9e.flv	(1, 0)(2, 2)(3, 3)(4, 4)(7, 11)(11, 15)(12, 16)(15, 19)
46fa74f0aa8e67c49c64802317c4de3894f0e1b9.flv,4fed5faaf981b1082089916f2ff52c844b260efa.mp4	(2, 0)(3, 1)(4, 2)(5, 3)(10, 10)(12, 11)
46fa74f0aa8e67c49c64802317c4de3894f0e1b9.flv,705d504994af63494d0e6e3e42f64d6b165b9584.flv	(0, 2)(1, 3)(4, 5)(5, 6)(6, 7)(7, 8)(9, 10)(10, 11)(12, 12)(14, 13)(15, 14)
46fa74f0aa8e67c49c64802317c4de3894f0e1b9.flv,707ffde910facfe859304ae491bc154ab33dd2de.flv	(0, 0)(1, 1)(2, 2)(3, 3)(4, 4)(9, 11)(10, 12)(12, 13)(13, 14)(14, 15)(15, 16)
46fa74f0aa8e67c49c64802317c4de3894f0e1b9.flv,75ac32c788e5d5d2e058a24f6a2deffbab3288fc.flv	(1, 0)(2, 2)(3, 3)(4, 4)(7, 11)(11, 15)(12, 16)(15, 19)
46fa74f0aa8e67c49c64802317c4de3894f0e1b9.flv,7b2158aad4ea2e6c8f149bb869801b96734c1b1c.flv	(0, 0)
46fa74f0aa8e67c49c64802317c4de3894f0e1b9.flv,7b2158aad4ea2e6c8f149bb869801b96734c1b1c.flv	(2, 1)(3, 2)
46fa74f0aa8e67c49c64802317c4de3894f0e1b9.flv,7b2158aad4ea2e6c8f149bb869801b96734c1b1c.flv	(4, 3)(7, 8)(8, 10)(10, 11)
46fa74f0aa8e67c49c64802317c4de3894f0e1b9.flv,7c9d142bf1b1ede846c059117f422b1c8ea6bb9e.mp4	(0, 1)(1, 2)(2, 3)(3, 4)(4, 5)(5, 6)(7, 9)(9, 12)(10, 13)(12, 14)
46fa74f0aa8e67c49c64802317c4de3894f0e1b9.flv,7dd1b7a83128fb78f018c557d918b0670989457e.mp4	(0, 0)
46fa74f0aa8e67c49c64802317c4de3894f0e1b9.flv,7dd1b7a83128fb78f018c557d918b0670989457e.mp4	(4, 4)(5, 5)(7, 7)(8, 9)(9, 10)(10, 11)
46fa74f0aa8e67c49c64802317c4de3894f0e1b9.flv,8870293c58fbed9cc03a738577e5802164199d8b.flv	(0, 0)(1, 1)(2, 2)(4, 4)(5, 7)(6, 8)(7, 9)(8, 10)(9, 11)(10, 12)(12, 13)(13, 14)(14, 15)(15, 16)
46fa74f0aa8e67c49c64802317c4de3894f0e1b9.flv,8c207ab5a07d12d37dcb666ee8b69c3357bc07fb.flv	
46fa74f0aa8e67c49c64802317c4de3894f0e1b9.flv,8c207ab5a07d12d37dcb666ee8b69c3357bc07fb.flv	(5, 23)
46fa74f0aa8e67c49c64802317c4de3894f0e1b9.flv,8c207ab5a07d12d37dcb666ee8b69c3357bc07fb.flv	(5, 37)
46fa74f0aa8e67c49c64802317c4de3894f0e1b9.flv,8c207ab5a07d12d37dcb666ee8b69c3357bc07fb.flv	(7, 28)
46fa74f0aa8e67c49c64802317c4de3894f0e1b9.flv,8c207ab5a07d12d37dcb666ee8b69c3357bc07fb.flv	(7, 31)(8, 32)(10, 33)
46fa74f0aa8e67c49c64802317c4de3894f0e1b9.flv,8c207ab5a07d12d37dcb666ee8b69c3357bc07fb.flv	(10, 62)(12, 64)
46fa74f0aa8e67c49c64802317c4de3894f0e1b9.flv,8fb97b98e2f27c9f162d6c1d6c27806c84af8e8d.flv	(0, 2)(1, 3)(4, 5)(5, 6)(6, 7)(7, 8)(9, 10)(10, 11)(12, 12)(14, 14)(15, 15)
46fa74f0aa8e67c49c64802317c4de3894f0e1b9.flv,97429f47c45ec4da9849b7f4df36e22939649158.mp4	(0, 0)(1, 0)(2, 1)(10, 10)(11, 11)(12, 12)
46fa74f0aa8e67c49c64802317c4de3894f0e1b9.flv,9c1d7e91288e07083e4456f8fe6b771aba039ed1.flv	(0, 0)(1, 1)(2, 2)(3, 3)(4, 4)(5, 6)(6, 7)(7, 8)(8, 10)(9, 11)(10, 13)(12, 14)(13, 15)(14, 16)(15, 17)
46fa74f0aa8e67c49c64802317c4de3894f0e1b9.flv,b3205b97de392174f3905831fc0dba5724fdabf1.flv	(1, 0)(2, 1)(4, 3)(5, 4)(7, 7)(10, 10)(14, 15)(15, 16)
46fa74f0aa8e67c49c64802317c4de3894f0e1b9.flv,b581ea1130d0c4c9af02e98dcb887cb8d58350e8.flv	(0, 0)(1, 1)(4, 3)(5, 4)(6, 6)(7, 7)(8, 8)(10, 10)(12, 12)(14, 13)
46fa74f0aa8e67c49c64802317c4de3894f0e1b9.flv,bbdbe357f408fb84d5f57c1522a90504f3162d6f.flv	(3, 2)
46fa74f0aa8e67c49c64802317c4de3894f0e1b9.flv,bbdbe357f408fb84d5f57c1522a90504f3162d6f.flv	(6, 6)(7, 6)
46fa74f0aa8e67c49c64802317c4de3894f0e1b9.flv,bbdbe357f408fb84d5f57c1522a90504f3162d6f.flv	(7, 7)
46fa74f0aa8e67c49c64802317c4de3894f0e1b9.flv,bbdbe357f408fb84d5f57c1522a90504f3162d6f.flv	(10, 9)
46fa74f0aa8e67c49c64802317c4de3894f0e1b9.flv,be51dbc2d72ae574934de1b972b18037dba73b8e.flv	(0, 0)(1, 1)(2, 2)(4, 4)(5, 5)(7, 9)(10, 11)
46fa74f0aa8e67c49c64802317c4de3894f0e1b9.flv,bf9df08bb9164d1b971557a9b9f6140096c92b0c.mp4	(5, 40)(7, 41)
46fa74f0aa8e67c49c64802317c4de3894f0e1b9.flv,cac9dff859597360de5a5f011139c845c0d08e6c.flv	(0, 0)(1, 1)(2, 2)(3, 3)(4, 4)(5, 5)(6, 6)(7, 7)(8, 9)(9, 10)(10, 11)(12, 12)(13, 13)(14, 14)(15, 15)
46fa74f0aa8e67c49c64802317c4de3894f0e1b9.flv,caec7bae88f5b5d60a08487e9d9a8cd27251c64e.flv	(0, 4)(1, 5)(2, 6)(3, 7)(4, 8)(6, 12)(7, 13)(8, 15)(9, 16)(10, 17)(12, 18)(13, 19)(14, 20)(15, 22)
46fa74f0aa8e67c49c64802317c4de3894f0e1b9.flv,f7ba4ea780e11256ed5439e33d169eb242a8a18f.flv	(10, 4)
487be7c83186caba89dc3004a1bd24350e35a099.flv,487be7c83186caba89dc3004a1bd24350e35a099.flv	(0, 0)(1, 1)(2, 2)(3, 3)(4, 4)(5, 5)(6, 6)(7, 7)(8, 8)(9, 9)(10, 10)(11, 11)(12, 12)(13, 13)(14, 14)
487be7c83186caba89dc3004a1bd24350e35a099.flv,4cfa923904010814758c07c039b0388ed0be08ec.flv	(0, 0)(1, 1)(2, 2)(3, 3)(4, 5)(6, 10)(9, 11)(10, 12)(11, 13)(12, 14)(13, 15)(14, 16)
487be7c83186caba89dc3004a1bd24350e35a099.flv,4ebe32fc10f0594a6d6a54df8617d38c2806ec9e.flv	(1, 0)(2, 2)(3, 3)(4, 4)(7, 11)(11, 16)(14, 19)
487be7c83186caba89dc3004a1bd24350e35a099.flv,4fed5faaf981b1082089916f2ff52c844b260efa.mp4	(2, 0)(3, 1)(4, 2)(5, 3)(6, 6)(7, 8)(10, 10)(11, 11)
487be7c83186caba89dc3004a1bd24350e35a099.flv,705d504994af63494d0e6e3e42f64d6b165b9584.flv	(0, 2)(1, 3)(4, 5)(5, 6)(6, 8)(7, 9)(9, 10)(10, 11)(11, 12)(13, 13)(14, 14)
487be7c83186caba89dc3004a1bd24350e35a099.flv,707ffde910facfe859304ae491bc154ab33dd2de.flv	(0, 0)(1, 1)(2, 2)(3, 3)(4, 4)(6, 8)(7, 10)(9, 11)(10, 12)(11, 13)(12, 14)(13, 15)(14, 16)
487be7c83186caba89dc3004a1bd24350e35a099.flv,75ac32c788e5d5d2e058a24f6a2deffbab3288fc.flv	(1, 0)(2, 2)(3, 3)(4, 4)(7, 11)(11, 16)(14, 19)
487be7c83186caba89dc3004a1bd24350e35a099.flv,7b2158aad4ea2e6c8f149bb869801b96734c1b1c.flv	(0, 0)
487be7c83186caba89dc3004a1bd24350e35a099.flv,7b2158aad4ea2e6c8f149bb869801b96734c1b1c.flv	(2, 1)(3, 2)
487be7c83186caba89dc3004a1bd24350e35a099.flv,7b2158aad4ea2e6c8f149bb869801b96734c1b1c.flv	(4, 3)(6, 8)(7, 9)(8, 10)(10, 11)
487be7c83186caba89dc3004a1bd24350e35a099.flv,7c9d142bf1b1ede846c059117f422b1c8ea6bb9e.mp4	(0, 1)(1, 2)(2, 3)(3, 4)(4, 5)(5, 6)(6, 9)(7, 11)(9, 12)(10, 13)(11, 14)
487be7c83186caba89dc3004a1bd24350e35a099.flv,7dd1b7a83128fb78f018c557d918b0670989457e.mp4	(0, 0)
487be7c83186caba89dc3004a1bd24350e35a099.flv,7dd1b7a83128fb78f018c557d918b0670989457e.mp4	(4, 4)(5, 5)(5, 6)(6, 7)(7, 8)(8, 9)(9, 10)(10, 11)
487be7c83186caba89dc3004a1bd24350e35a099.flv,8870293c58fbed9cc03a738577e5802164199d8b.flv	(0, 0)(1, 1)(2, 2)(4, 4)(5, 7)(6, 9)(8, 10)(9, 11)(10, 12)(11, 13)(12, 14)(13, 15)(14, 16)
487be7c83186caba89dc3004a1bd24350e35a099.flv,8c207ab5a07d12d37dcb666ee8b69c3357bc07fb.flv	
487be7c83186caba89dc3004a1bd24350e35a099.flv,8c207ab5a07d12d37dcb666ee8b69c3357bc07fb.flv	(5, 23)
487be7c83186caba89dc3004a1bd24350e35a099.flv,8c207ab5a07d12d37dcb666ee8b69c3357bc07fb.flv	(6, 28)
487be7c83186caba89dc3004a1bd24350e35a099.flv,8c207ab5a07d12d37dcb666ee8b69c3357bc07fb.flv	(8, 32)(10, 33)
487be7c83186caba89dc3004a1bd24350e35a099.flv,8c207ab5a07d12d37dcb666ee8b69c3357bc07fb.flv	(10, 62)(11, 64)
487be7c83186caba89dc3004a1bd24350e35a099.flv,8fb97b98e2f27c9f162d6c1d6c27806c84af8e8d.flv	(0, 2)(1, 3)(4, 5)(5, 6)(6, 8)(7, 9)(9, 10)(10, 11)(11, 12)(13, 14)(14, 15)
487be7c83186caba89dc3004a1bd24350e35a099.flv,97429f47c45ec4da9849b7f4df36e22939649158.mp4	(0, 0)(1, 0)(2, 1)(6, 7)(10, 10)(11, 12)
487be7c83186caba89dc3004a1bd24350e35a099.flv,9c1d7e91288e07083e4456f8fe6b771aba039ed1.flv	(0, 0)(1, 1)(2, 2)(3, 3)(4, 4)(5, 6)(6, 8)(7, 9)(8, 10)(9, 11)(10, 13)(11, 14)(12, 15)(13, 16)(14, 17)
487be7c83186caba89dc3004a1bd24350e35a099.flv,b3205b97de392174f3905831fc0dba5724fdabf1.flv	(1, 0)(2, 1)(4, 3)(5, 4)(6, 7)(7, 8)(10, 10)(13, 15)(14, 16)
487be7c83186caba89dc3004a1bd24350e35a099.flv,b581ea1130d0c4c9af02e98dcb887cb8d58350e8.flv	(0, 0)(1, 1)(4, 3)(5, 4)(6, 7)(8, 8)(10, 10)(11, 12)(13, 13)
487be7c83186caba89dc3004a1bd24350e35a099.flv,bbdbe357f408fb84d5f57c1522a90504f3162d6f.flv	(3, 2)
487be7c83186caba89dc3004a1bd24350e35a099.flv,bbdbe357f408fb84d5f57c1522a90504f3162d6f.flv	(5, 6)(6, 6)
487be7c83186caba89dc3004a1bd24350e35a099.flv,bbdbe357f408fb84d5f57c1522a90504f3162d6f.flv	(6, 7)
487be7c83186caba89dc3004a1bd24350e35a099.flv,bbdbe357f408fb84d5f57c1522a90504f3162d6f.flv	(10, 9)
487be7c83186caba89dc3004a1bd24350e35a099.flv,be51dbc2d72ae574934de1b972b18037dba73b8e.flv	(0, 0)(1, 1)(2, 2)(4, 4)(6, 9)(10, 11)
487be7c83186caba89dc3004a1bd24350e35a099.flv,bf9df08bb9164d1b971557a9b9f6140096c92b0c.mp4	(5, 40)(6, 41)
487be7c83186caba89dc3004a1bd24350e35a099.flv,cac9dff859597360de5a5f011139c845c0d08e6c.flv	(0, 0)(1, 1)(2, 2)(3, 3)(4, 4)(5, 5)(6, 7)(7, 8)(8, 9)(9, 10)(10, 11)(11, 12)(12, 13)(13, 14)(14, 15)
487be7c83186caba89dc3004a1bd24350e35a099.flv,caec7bae88f5b5d60a08487e9d9a8cd27251c64e.flv	(0, 4)(1, 5)(2, 6)(3, 7)(4, 8)(6, 13)(7, 14)(8, 15)(9, 16)(10, 17)(11, 18)(12, 19)(13, 20)(14, 22)
487be7c83186caba89dc3004a1bd24350e35a099.flv,f7ba4ea780e11256ed5439e33d169eb242a8a18f.flv	(5, 3)(10, 4)
4cfa923904010814758c07c039b0388ed0be08ec.flv,4cfa923904010814758c07c039b0388ed0be08ec.flv	(0, 0)(1, 1)(2, 2)(3, 3)(4, 4)(5, 5)(6, 6)(7, 7)(8, 8)(9, 9)(10, 10)(11, 11)(12, 12)(13, 13)(14, 14)(15, 15)(16, 16)
4cfa923904010814758c07c039b0388ed0be08ec.flv,4ebe32fc10f0594a6d6a54df8617d38c2806ec9e.flv	(1, 0)(2, 2)(3, 3)(4, 4)(6, 7)(7, 8)(8, 9)(10, 11)(13, 16)(16, 19)
4cfa923904010814758c07c039b0388ed0be08ec.flv,4fed5faaf981b1082089916f2ff52c844b260efa.mp4	(2, 0)(3, 1)(5, 2)(6, 3)(12, 10)(13, 11)
4cfa923904010814758c07c039b0388ed0be08ec.flv,705d504994af63494d0e6e3e42f64d6b165b9584.flv	(0, 2)(1, 3)(5, 5)(6, 6)(9, 7)(10, 8)(11, 10)(12, 11)(13, 12)(15, 13)(16, 14)
4cfa923904010814758c07c039b0388ed0be08ec.flv,707ffde910facfe859304ae491bc154ab33dd2de.flv	(0, 0)(1, 1)(2, 2)(3, 3)(5, 4)(6, 5)(11, 11)(12, 12)(13, 13)(14, 14)(15, 15)(16, 16)
4cfa923904010814758c07c039b0388ed0be08ec.flv,75ac32c788e5d5d2e058a24f6a2deffbab3288fc.flv	(1, 0)(2, 2)(3, 3)(4, 4)(6, 7)(7, 8)(8, 9)(10, 11)(13, 16)(16, 19)
4cfa923904010814758c07c039b0388ed0be08ec.flv,7b2158aad4ea2e6c8f149bb869801b96734c1b1c.flv	(0, 0)
4cfa923904010814758c07c039b0388ed0be08ec.flv,7b2158aad4ea2e6c8f149bb869801b96734c1b1c.flv	(2, 1)(3, 2)
4cfa923904010814758c07c039b0388ed0be08ec.flv,7b2158aad4ea2e6c8f149bb869801b96734c1b1c.flv	(5, 3)(6, 4)(7, 6)(8, 7)(10, 8)(12, 11)
4cfa923904010814758c07c039b0388ed0be08ec.flv,7c9d142bf1b1ede846c059117f422b1c8ea6bb9e.mp4	(0, 1)(1, 2)(2, 3)(3, 4)(5, 5)(6, 6)(11, 12)(12, 13)(13, 14)
4cfa923904010814758c07c039b0388ed0be08ec.flv,7dd1b7a83128fb78f018c557d918b0670989457e.mp4	(0, 0)
4cfa923904010814758c07c039b0388ed0be08ec.flv,7dd1b7a83128fb78f018c557d918b0670989457e.mp4	(4, 3)(5, 4)(6, 5)(7, 6)(10, 7)(11, 10)(12, 11)
4cfa923904010814758c07c039b0388ed0be08ec.flv,8870293c58fbed9cc03a738577e5802164199d8b.flv	(0, 0)(1, 1)(2, 2)(5, 4)(6, 5)(7, 7)(9, 8)(10, 9)(11, 11)(12, 12)(13, 13)(14, 14)(15, 15)(16, 16)
4cfa923904010814758c07c039b0388ed0be08ec.flv,8c207ab5a07d12d37dcb666ee8b69c3357bc07fb.flv	
4cfa923904010814758c07c039b0388ed0be08ec.flv,8c207ab5a07d12d37dcb666ee8b69c3357bc07fb.flv	(6, 23)(7, 24)
4cfa923904010814758c07c039b0388ed0be08ec.flv,8c207ab5a07d12d37dcb666ee8b69c3357bc07fb.flv	(10, 31)(12, 33)
4cfa923904010814758c07c039b0388ed0be08ec.flv,8c207ab5a07d12d37dcb666ee8b69c3357bc07fb.flv	(12, 62)(13, 64)
4cfa923904010814758c07c039b0388ed0be08ec.flv,8fb97b98e2f27c9f162d6c1d6c27806c84af8e8d.flv	(0, 2)(1, 3)(5, 5)(6, 6)(9, 7)(10, 8)(11, 10)(12, 11)(13, 12)(14, 13)(15, 14)(16, 15)
4cfa923904010814758c07c039b0388ed0be08ec.flv,97429f47c45ec4da9849b7f4df36e22939649158.mp4	(0, 0)(1, 0)(2, 1)(4, 2)(12, 10)(13, 13)
4cfa923904010814758c07c039b0388ed0be08ec.flv,9c1d7e91288e07083e4456f8fe6b771aba039ed1.flv	(0, 0)(1, 1)(2, 2)(3, 3)(5, 4)(6, 5)(9, 7)(10, 8)(11, 11)(12, 13)(13, 14)(14, 15)(15, 16)(16, 17)
4cfa923904010814758c07c039b0388ed0be08ec.flv,b3205b97de392174f3905831fc0dba5724fdabf1.flv	(1, 0)(2, 1)(4, 2)(5, 3)(6, 4)(7, 5)(10, 7)(12, 10)(13, 13)(15, 15)(16, 16)
4cfa923904010814758c07c039b0388ed0be08ec.flv,b581ea1130d0c4c9af02e98dcb887cb8d58350e8.flv	(0, 0)(1, 1)(5, 3)(6, 4)(7, 5)(9, 6)(10, 7)(13, 12)(14, 13)(15, 13)
4cfa923904010814758c07c039b0388ed0be08ec.flv,bbdbe357f408fb84d5f57c1522a90504f3162d6f.flv	(3, 2)(4, 2)
4cfa923904010814758c07c039b0388ed0be08ec.flv,bbdbe357f408fb84d5f57c1522a90504f3162d6f.flv	(9, 6)(10, 6)
4cfa923904010814758c07c039b0388ed0be08ec.flv,bbdbe357f408fb84d5f57c1522a90504f3162d6f.flv	(10, 7)
4cfa923904010814758c07c039b0388ed0be08ec.flv,bbdbe357f408fb84d5f57c1522a90504f3162d6f.flv	(12, 9)
4cfa923904010814758c07c039b0388ed0be08ec.flv,be51dbc2d72ae574934de1b972b18037dba73b8e.flv	(0, 0)(1, 1)(2, 2)(5, 4)(6, 5)(7, 6)(10, 9)(12, 11)(13, 12)
4cfa923904010814758c07c039b0388ed0be08ec.flv,bf9df08bb9164d1b971557a9b9f6140096c92b0c.mp4	(10, 41)
4cfa923904010814758c07c039b0388ed0be08ec.flv,cac9dff859597360de5a5f011139c845c0d08e6c.flv	(0, 0)(1, 1)(2, 2)(3, 3)(5, 4)(6, 5)(9, 6)(10, 7)(11, 10)(12, 11)(13, 12)(14, 13)(15, 14)(16, 15)
4cfa923904010814758c07c039b0388ed0be08ec.flv,caec7bae88f5b5d60a08487e9d9a8cd27251c64e.flv	(0, 4)(1, 5)(2, 6)(3, 7)(5, 8)(6, 9)(8, 11)(9, 12)(10, 13)(11, 16)(12, 17)(13, 18)(14, 19)(15, 20)(16, 22)
4cfa923904010814758c07c039b0388ed0be08ec.flv,f7ba4ea780e11256ed5439e33d169eb242a8a18f.flv	(12, 4)
4ebe32fc10f0594a6d6a54df8617d38c2806ec9e.flv,4ebe32fc10f0594a6d6a54df8617d38c2806ec9e.flv	(0, 0)(1, 1)(2, 2)(3, 3)(4, 4)(5, 5)(6, 6)(7, 7)(8, 8)(9, 9)(10, 10)(11, 11)(12, 12)(13, 13)(14, 14)(15, 15)(16, 16)(17, 17)(18, 18)(19, 19)
4ebe32fc10f0594a6d6a54df8617d38c2806ec9e.flv,4fed5faaf981b1082089916f2ff52c844b260efa.mp4	(4, 0)(6, 1)(7, 2)(11, 6)(12, 7)(13, 8)(19, 12)
4ebe32fc10f0594a6d6a54df8617d38c2806ec9e.flv,705d504994af63494d0e6e3e42f64d6b165b9584.flv	(0, 3)(4, 5)(9, 7)(10, 8)(11, 9)(16, 12)(17, 13)(19, 14)
4ebe32fc10f0594a6d6a54df8617d38c2806ec9e.flv,707ffde910facfe859304ae491bc154ab33dd2de.flv	(0, 1)(2, 2)(3, 3)(4, 4)(6, 5)(10, 8)(11, 10)(12, 11)(16, 13)(19, 16)
4ebe32fc10f0594a6d6a54df8617d38c2806ec9e.flv,75ac32c788e5d5d2e058a24f6a2deffbab3288fc.flv	(0, 0)(1, 1)(2, 2)(3, 3)(4, 4)(5, 5)(6, 6)(7, 7)(8, 8)(9, 9)(10, 10)(11, 11)(12, 12)(13, 13)(14, 14)(15, 15)(16, 16)(17, 17)(18, 18)(19, 19)
4ebe32fc10f0594a6d6a54df8617d38c2806ec9e.flv,7b2158aad4ea2e6c8f149bb869801b96734c1b1c.flv	(6, 1)(7, 2)(11, 6)(16, 10)(17, 11)
4ebe32fc10f0594a6d6a54df8617d38c2806ec9e.flv,7c9d142bf1b1ede846c059117f422b1c8ea6bb9e.mp4	(11, 7)(14, 11)(17, 13)(19, 14)
4ebe32fc10f0594a6d6a54df8617d38c2806ec9e.flv,7dd1b7a83128fb78f018c557d918b0670989457e.mp4	
4ebe32fc10f0594a6d6a54df8617d38c2806ec9e.flv,8870293c58fbed9cc03a738577e5802164199d8b.flv	(0, 1)(2, 2)(4, 4)(6, 5)(8, 7)(11, 9)(16, 13)(19, 16)
4ebe32fc10f0594a6d6a54df8617d38c2806ec9e.flv,8c207ab5a07d12d37dcb666ee8b69c3357bc07fb.flv	(10, 33)
4ebe32fc10f0594a6d6a54df8617d38c2806ec9e.flv,8fb97b98e2f27c9f162d6c1d6c27806c84af8e8d.flv	(0, 3)(4, 5)(9, 7)(10, 8)(11, 9)(16, 12)(19, 15)
4ebe32fc10f0594a6d6a54df8617d38c2806ec9e.flv,97429f47c45ec4da9849b7f4df36e22939649158.mp4	(0, 0)(6, 3)(8, 4)(17, 10)(18, 12)(19, 13)
4ebe32fc10f0594a6d6a54df8617d38c2806ec9e.flv,9c1d7e91288e07083e4456f8fe6b771aba039ed1.flv	(0, 1)(2, 2)(3, 3)(4, 4)(6, 5)(8, 6)(11, 9)(13, 12)(14, 13)(16, 14)(19, 17)
4ebe32fc10f0594a6d6a54df8617d38c2806ec9e.flv,b3205b97de392174f3905831fc0dba5724fdabf1.flv	(0, 0)(2, 1)(4, 3)(8, 5)(12, 9)(13, 10)(15, 12)(18, 15)(19, 16)
4ebe32fc10f0594a6d6a54df8617d38c2806ec9e.flv,b581ea1130d0c4c9af02e98dcb887cb8d58350e8.flv	(0, 1)(4, 3)(6, 4)(8, 5)(12, 10)
4ebe32fc10f0594a6d6a54df8617d38c2806ec9e.flv,bbdbe357f408fb84d5f57c1522a90504f3162d6f.flv	(18, 0)
4ebe32fc10f0594a6d6a54df8617d38c2806ec9e.flv,be51dbc2d72ae574934de1b972b18037dba73b8e.flv	(0, 1)(2, 2)(7, 5)(8, 6)(11, 9)(12, 10)(18, 14)(19, 16)
4ebe32fc10f0594a6d6a54df8617d38c2806ec9e.flv,bf9df08bb9164d1b971557a9b9f6140096c92b0c.mp4	(7, 40)(11, 42)
4ebe32fc10f0594a6d6a54df8617d38c2806ec9e.flv,cac9dff859597360de5a5f011139c845c0d08e6c.flv	(0, 1)(2, 2)(3, 3)(4, 4)(11, 8)(16, 12)(19, 15)
4ebe32fc10f0594a6d6a54df8617d38c2806ec9e.flv,caec7bae88f5b5d60a08487e9d9a8cd27251c64e.flv	(0, 5)(2, 6)(3, 7)(4, 8)(6, 9)(11, 14)(16, 18)(19, 22)
4ebe32fc10f0594a6d6a54df8617d38c2806ec9e.flv,f7ba4ea780e11256ed5439e33d169eb242a8a18f.flv	
4fed5faaf981b1082089916f2ff52c844b260efa.mp4,4fed5faaf981b1082089916f2ff52c844b260efa.mp4	(0, 0)(1, 1)(2, 2)(3, 3)(4, 4)(5, 5)(6, 6)(7, 7)(8, 8)(9, 9)(10, 10)(11, 11)
4fed5faaf981b1082089916f2ff52c844b260efa.mp4,705d504994af63494d0e6e3e42f64d6b165b9584.flv	(1, 4)(2, 5)(3, 6)(6, 8)(10, 11)(11, 12)
4fed5faaf981b1082089916f2ff52c844b260efa.mp4,707ffde910facfe859304ae491bc154ab33dd2de.flv	(0, 2)(1, 3)(2, 4)(6, 8)(8, 10)(10, 12)(11, 13)
4fed5faaf981b1082089916f2ff52c844b260efa.mp4,75ac32c788e5d5d2e058a24f6a2deffbab3288fc.flv	(0, 4)(1, 6)(2, 7)(6, 11)(7, 12)(8, 13)(12, 19)
4fed5faaf981b1082089916f2ff52c844b260efa.mp4,7b2158aad4ea2e6c8f149bb869801b96734c1b1c.flv	(0, 1)(1, 2)
4fed5faaf981b1082089916f2ff52c844b260efa.mp4,7b2158aad4ea2e6c8f149bb869801b96734c1b1c.flv	(2, 3)(6, 8)(8, 9)(10, 11)
4fed5faaf981b1082089916f2ff52c844b260efa.mp4,7c9d142bf1b1ede846c059117f422b1c8ea6bb9e.mp4	(0, 3)(1, 4)(2, 5)(3, 6)(6, 9)(10, 13)(11, 14)
4fed5faaf981b1082089916f2ff52c844b260efa.mp4,7dd1b7a83128fb78f018c557d918b0670989457e.mp4	(0, 2)(2, 4)(3, 5)(6, 7)(8, 8)
4fed5faaf981b1082089916f2ff52c844b260efa.mp4,8870293c58fbed9cc03a738577e5802164199d8b.flv	(0, 2)(2, 4)(3, 7)(10, 12)(11, 13)
4fed5faaf981b1082089916f2ff52c844b260efa.mp4,8c207ab5a07d12d37dcb666ee8b69c3357bc07fb.flv	(3, 23)
4fed5faaf981b1082089916f2ff52c844b260efa.mp4,8c207ab5a07d12d37dcb666ee8b69c3357bc07fb.flv	(3, 37)
4fed5faaf981b1082089916f2ff52c844b260efa.mp4,8c207ab5a07d12d37dcb666ee8b69c3357bc07fb.flv	(10, 33)
4fed5faaf981b1082089916f2ff52c844b260efa.mp4,8c207ab5a07d12d37dcb666ee8b69c3357bc07fb.flv	(10, 62)
4fed5faaf981b1082089916f2ff52c844b260efa.mp4,8fb97b98e2f27c9f162d6c1d6c27806c84af8e8d.flv	(1, 4)(2, 5)(3, 6)(6, 8)(10, 11)(11, 12)
4fed5faaf981b1082089916f2ff52c844b260efa.mp4,97429f47c45ec4da9849b7f4df36e22939649158.mp4	(0, 1)(10, 10)(11, 12)
4fed5faaf981b1082089916f2ff52c844b260efa.mp4,9c1d7e91288e07083e4456f8fe6b771aba039ed1.flv	(0, 2)(1, 3)(2, 4)(3, 6)(6, 8)(8, 9)(11, 14)
4fed5faaf981b1082089916f2ff52c844b260efa.mp4,b3205b97de392174f3905831fc0dba5724fdabf1.flv	(0, 1)(2, 3)(3, 4)(5, 6)(10, 10)
4fed5faaf981b1082089916f2ff52c844b260efa.mp4,b581ea1130d0c4c9af02e98dcb887cb8d58350e8.flv	(1, 2)(2, 3)(3, 4)(11, 12)
4fed5faaf981b1082089916f2ff52c844b260efa.mp4,bbdbe357f408fb84d5f57c1522a90504f3162d6f.flv	(1, 2)
4fed5faaf981b1082089916f2ff52c844b260efa.mp4,bbdbe357f408fb84d5f57c1522a90504f3162d6f.flv	(5, 6)
4fed5faaf981b1082089916f2ff52c844b260efa.mp4,bbdbe357f408fb84d5f57c1522a90504f3162d6f.flv	(10, 9)
4fed5faaf981b1082089916f2ff52c844b260efa.mp4,be51dbc2d72ae574934de1b972b18037dba73b8e.flv	(0, 2)(2, 4)(3, 5)(4, 7)(5, 8)
4fed5faaf981b1082089916f2ff52c844b260efa.mp4,bf9df08bb9164d1b971557a9b9f6140096c92b0c.mp4	
4fed5faaf981b1082089916f2ff52c844b260efa.mp4,cac9dff859597360de5a5f011139c845c0d08e6c.flv	(0, 2)(1, 3)(2, 4)(3, 5)(6, 7)(8, 8)(10, 11)(11, 12)
4fed5faaf981b1082089916f2ff52c844b260efa.mp4,caec7bae88f5b5d60a08487e9d9a8cd27251c64e.flv	(0, 6)(1, 7)(6, 13)(8, 14)(10, 17)(11, 18)
4fed5faaf981b1082089916f2ff52c844b260efa.mp4,f7ba4ea780e11256ed5439e33d169eb242a8a18f.flv	(10, 4)
705d504994af63494d0e6e3e42f64d6b165b9584.flv,705d504994af63494d0e6e3e42f64d6b165b9584.flv	(0, 0)(1, 1)(2, 2)(3, 3)(4, 4)(5, 5)(6, 6)(7, 7)(8, 8)(9, 9)(10, 10)(11, 11)(12, 12)(13, 13)(14, 14)(15, 15)
705d504994af63494d0e6e3e42f64d6b165b9584.flv,707ffde910facfe859304ae491bc154ab33dd2de.flv	(2, 0)(3, 1)(5, 4)(8, 8)(9, 10)(10, 11)(11, 12)(12, 13)(13, 15)(14, 16)
705d504994af63494d0e6e3e42f64d6b165b9584.flv,75ac32c788e5d5d2e058a24f6a2deffbab3288fc.flv	(3, 0)(5, 4)(7, 9)(8, 10)(9, 11)(12, 16)(13, 17)(14, 19)
705d504994af63494d0e6e3e42f64d6b165b9584.flv,7b2158aad4ea2e6c8f149bb869801b96734c1b1c.flv	(2, 0)
705d504994af63494d0e6e3e42f64d6b165b9584.flv,7b2158aad4ea2e6c8f149bb869801b96734c1b1c.flv	(4, 1)(4, 2)
705d504994af63494d0e6e3e42f64d6b165b9584.flv,7b2158aad4ea2e6c8f149bb869801b96734c1b1c.flv	(5, 3)(8, 8)(11, 11)
705d504994af63494d0e6e3e42f64d6b165b9584.flv,7c9d142bf1b1ede846c059117f422b1c8ea6bb9e.mp4	(2, 1)(3, 2)(4, 4)(5, 5)(6, 6)(8, 9)(9, 11)(10, 12)(11, 13)(12, 14)
705d504994af63494d0e6e3e42f64d6b165b9584.flv,7dd1b7a83128fb78f018c557d918b0670989457e.mp4	(2, 0)
705d504994af63494d0e6e3e42f64d6b165b9584.flv,7dd1b7a83128fb78f018c557d918b0670989457e.mp4	(4, 2)(5, 4)(6, 5)(8, 7)(9, 8)(10, 10)(11, 11)
705d504994af63494d0e6e3e42f64d6b165b9584.flv,8870293c58fbed9cc03a738577e5802164199d8b.flv	(2, 0)(3, 1)(4, 2)(5, 4)(6, 7)(7, 8)(8, 9)(10, 11)(11, 12)(12, 13)(13, 15)(14, 16)
705d504994af63494d0e6e3e42f64d6b165b9584.flv,8c207ab5a07d12d37dcb666ee8b69c3357bc07fb.flv	
705d504994af63494d0e6e3e42f64d6b165b9584.flv,8c207ab5a07d12d37dcb666ee8b69c3357bc07fb.flv	(6, 23)
705d504994af63494d0e6e3e42f64d6b165b9584.flv,8c207ab5a07d12d37dcb666ee8b69c3357bc07fb.flv	(6, 37)
705d504994af63494d0e6e3e42f64d6b165b9584.flv,8c207ab5a07d12d37dcb666ee8b69c3357bc07fb.flv	(8, 28)
705d504994af63494d0e6e3e42f64d6b165b9584.flv,8c207ab5a07d12d37dcb666ee8b69c3357bc07fb.flv	(8, 31)(11, 33)
705d504994af63494d0e6e3e42f64d6b165b9584.flv,8c207ab5a07d12d37dcb666ee8b69c3357bc07fb.flv	(11, 62)(12, 64)
705d504994af63494d0e6e3e42f64d6b165b9584.flv,8fb97b98e2f27c9f162d6c1d6c27806c84af8e8d.flv	(0, 0)(1, 1)(2, 2)(3, 3)(4, 4)(5, 5)(6, 6)(7, 7)(8, 8)(9, 9)(10, 10)(11, 11)(12, 12)(13, 14)(14, 15)(15, 16)
705d504994af63494d0e6e3e42f64d6b165b9584.flv,97429f47c45ec4da9849b7f4df36e22939649158.mp4	(2, 0)(3, 0)(4, 1)(8, 7)(9, 9)(11, 10)(12, 13)
705d504994af63494d0e6e3e42f64d6b165b9584.flv,9c1d7e91288e07083e4456f8fe6b771aba039ed1.flv	(2, 0)(3, 1)(5, 4)(6, 6)(7, 7)(8, 8)(9, 9)(10, 11)(11, 13)(12, 14)(13, 16)(14, 17)
705d504994af63494d0e6e3e42f64d6b165b9584.flv,b3205b97de392174f3905831fc0dba5724fdabf1.flv	(3, 0)(4, 1)(5, 3)(6, 4)(8, 7)(9, 8)(11, 10)(12, 13)(13, 15)(14, 16)
705d504994af63494d0e6e3e42f64d6b165b9584.flv,b581ea1130d0c4c9af02e98dcb887cb8d58350e8.flv	(2, 0)(3, 1)(4, 2)(5, 3)(6, 4)(7, 6)(8, 7)(12, 12)(13, 13)
705d504994af63494d0e6e3e42f64d6b165b9584.flv,bbdbe357f408fb84d5f57c1522a90504f3162d6f.flv	(4, 2)
705d504994af63494d0e6e3e42f64d6b165b9584.flv,bbdbe357f408fb84d5f57c1522a90504f3162d6f.flv	(7, 6)(8, 6)
705d504994af63494d0e6e3e42f64d6b165b9584.flv,bbdbe357f408fb84d5f57c1522a90504f3162d6f.flv	(8, 7)
705d504994af63494d0e6e3e42f64d6b165b9584.flv,bbdbe357f408fb84d5f57c1522a90504f3162d6f.flv	(11, 9)
705d504994af63494d0e6e3e42f64d6b165b9584.flv,be51dbc2d72ae574934de1b972b18037dba73b8e.flv	(2, 0)(3, 1)(4, 2)(5, 4)(6, 5)(8, 9)(11, 11)(12, 12)(14, 16)
705d504994af63494d0e6e3e42f64d6b165b9584.flv,bf9df08bb9164d1b971557a9b9f6140096c92b0c.mp4	(6, 40)(8, 41)
705d504994af63494d0e6e3e42f64d6b165b9584.flv,cac9dff859597360de5a5f011139c845c0d08e6c.flv	(2, 0)(3, 1)(5, 4)(6, 5)(7, 6)(8, 7)(9, 8)(10, 10)(11, 11)(12, 12)(13, 14)(14, 15)
705d504994af63494d0e6e3e42f64d6b165b9584.flv,caec7bae88f5b5d60a08487e9d9a8cd27251c64e.flv	(2, 4)(3, 5)(5, 8)(7, 12)(8, 13)(9, 14)(10, 16)(11, 17)(12, 18)(13, 20)(14, 22)
705d504994af63494d0e6e3e42f64d6b165b9584.flv,f7ba4ea780e11256ed5439e33d169eb242a8a18f.flv	(11, 4)
707ffde910facfe859304ae491bc154ab33dd2de.flv,707ffde910facfe859304ae491bc154ab33dd2de.flv	(0, 0)(1, 1)(2, 2)(3, 3)(4, 4)(5, 5)(6, 6)(7, 7)(8, 8)(9, 9)(10, 10)(11, 11)(12, 12)(13, 13)(14, 14)(15, 15)(16, 16)
707ffde910facfe859304ae491bc154ab33dd2de.flv,75ac32c788e5d5d2e058a24f6a2deffbab3288fc.flv	(1, 0)(2, 2)(3, 3)(4, 4)(5, 6)(8, 10)(10, 11)(11, 12)(13, 16)(16, 19)
707ffde910facfe859304ae491bc154ab33dd2de.flv,7b2158aad4ea2e6c8f149bb869801b96734c1b1c.flv	(0, 0)
707ffde910facfe859304ae491bc154ab33dd2de.flv,7b2158aad4ea2e6c8f149bb869801b96734c1b1c.flv	(2, 1)(3, 2)
707ffde910facfe859304ae491bc154ab33dd2de.flv,7b2158aad4ea2e6c8f149bb869801b96734c1b1c.flv	(4, 3)(5, 4)(7, 7)(8, 8)(10, 9)(12, 11)
707ffde910facfe859304ae491bc154ab33dd2de.flv,7c9d142bf1b1ede846c059117f422b1c8ea6bb9e.mp4	(0, 1)(1, 2)(2, 3)(3, 4)(4, 5)(5, 6)(7, 7)(8, 9)(10, 11)(11, 12)(12, 13)(13, 14)
707ffde910facfe859304ae491bc154ab33dd2de.flv,7dd1b7a83128fb78f018c557d918b0670989457e.mp4	(0, 0)
707ffde910facfe859304ae491bc154ab33dd2de.flv,7dd1b7a83128fb78f018c557d918b0670989457e.mp4	(4, 4)(5, 5)(7, 6)(8, 7)(10, 8)(11, 10)(12, 11)
707ffde910facfe859304ae491bc154ab33dd2de.flv,8870293c58fbed9cc03a738577e5802164199d8b.flv	(0, 0)(1, 1)(2, 2)(4, 4)(5, 5)(11, 11)(12, 12)(13, 13)(14, 14)(15, 15)(16, 16)
707ffde910facfe859304ae491bc154ab33dd2de.flv,8c207ab5a07d12d37dcb666ee8b69c3357bc07fb.flv	
707ffde910facfe859304ae491bc154ab33dd2de.flv,8c207ab5a07d12d37dcb666ee8b69c3357bc07fb.flv	
707ffde910facfe859304ae491bc154ab33dd2de.flv,8c207ab5a07d12d37dcb666ee8b69c3357bc07fb.flv	(6, 37)
707ffde910facfe859304ae491bc154ab33dd2de.flv,8c207ab5a07d12d37dcb666ee8b69c3357bc07fb.flv	(8, 28)
707ffde910facfe859304ae491bc154ab33dd2de.flv,8c207ab5a07d12d37dcb666ee8b69c3357bc07fb.flv	(11, 32)(12, 33)
707ffde910facfe859304ae491bc154ab33dd2de.flv,8c207ab5a07d12d37dcb666ee8b69c3357bc07fb.flv	(12, 62)(13, 64)
707ffde910facfe859304ae491bc154ab33dd2de.flv,8fb97b98e2f27c9f162d6c1d6c27806c84af8e8d.flv	(0, 2)(1, 3)(4, 5)(8, 8)(10, 9)(11, 10)(12, 11)(13, 12)(15, 14)(16, 15)
707ffde910facfe859304ae491bc154ab33dd2de.flv,97429f47c45ec4da9849b7f4df36e22939649158.mp4	(0, 0)(1, 0)(2, 1)(5, 3)(6, 4)(7, 6)(8, 7)(12, 10)
707ffde910facfe859304ae491bc154ab33dd2de.flv,9c1d7e91288e07083e4456f8fe6b771aba039ed1.flv	(0, 0)(1, 1)(2, 2)(3, 3)(4, 4)(5, 5)(8, 8)(10, 9)(11, 11)(12, 13)(13, 14)(14, 15)(15, 16)(16, 17)
707ffde910facfe859304ae491bc154ab33dd2de.flv,b3205b97de392174f3905831fc0dba5724fdabf1.flv	(1, 0)(2, 1)(4, 3)(5, 4)(8, 7)(10, 8)(11, 9)(12, 10)(13, 13)(15, 15)(16, 16)
707ffde910facfe859304ae491bc154ab33dd2de.flv,b581ea1130d0c4c9af02e98dcb887cb8d58350e8.flv	(0, 0)(1, 1)(4, 3)(5, 4)(7, 5)(11, 8)(13, 12)(15, 13)
707ffde910facfe859304ae491bc154ab33dd2de.flv,bbdbe357f408fb84d5f57c1522a90504f3162d6f.flv	(3, 2)
707ffde910facfe859304ae491bc154ab33dd2de.flv,bbdbe357f408fb84d5f57c1522a90504f3162d6f.flv	(7, 6)(8, 6)
707ffde910facfe859304ae491bc154ab33dd2de.flv,bbdbe357f408fb84d5f57c1522a90504f3162d6f.flv	(8, 7)
707ffde910facfe859304ae491bc154ab33dd2de.flv,bbdbe357f408fb84d5f57c1522a90504f3162d6f.flv	(12, 9)
707ffde910facfe859304ae491bc154ab33dd2de.flv,be51dbc2d72ae574934de1b972b18037dba73b8e.flv	(0, 0)(1, 1)(2, 2)(4, 4)(5, 5)(12, 11)
707ffde910facfe859304ae491bc154ab33dd2de.flv,bf9df08bb9164d1b971557a9b9f6140096c92b0c.mp4	(7, 40)(8, 41)
707ffde910facfe859304ae491bc154ab33dd2de.flv,cac9dff859597360de5a5f011139c845c0d08e6c.flv	(0, 0)(1, 1)(2, 2)(3, 3)(4, 4)(8, 7)(10, 8)(11, 10)(12, 11)(13, 12)(14, 13)(15, 14)(16, 15)
707ffde910facfe859304ae491bc154ab33dd2de.flv,caec7bae88f5b5d60a08487e9d9a8cd27251c64e.flv	(0, 4)(1, 5)(2, 6)(3, 7)(4, 8)(5, 9)(6, 10)(7, 11)(8, 13)(10, 14)(11, 15)(11, 16)(12, 17)(13, 18)(14, 19)(15, 20)(16, 22)
707ffde910facfe859304ae491bc154ab33dd2de.flv,f7ba4ea780e11256ed5439e33d169eb242a8a18f.flv	(12, 4)
75ac32c788e5d5d2e058a24f6a2deffbab3288fc.flv,75ac32c788e5d5d2e058a24f6a2deffbab3288fc.flv	(0, 0)(1, 1)(2, 2)(3, 3)(4, 4)(5, 5)(6, 6)(7, 7)(8, 8)(9, 9)(10, 10)(11, 11)(12, 12)(13, 13)(14, 14)(15, 15)(16, 16)(17, 17)(18, 18)(19, 19)
75ac32c788e5d5d2e058a24f6a2deffbab3288fc.flv,7b2158aad4ea2e6c8f149bb869801b96734c1b1c.flv	(6, 1)(7, 2)(11, 6)(16, 10)(17, 11)
75ac32c788e5d5d2e058a24f6a2deffbab3288fc.flv,7c9d142bf1b1ede846c059117f422b1c8ea6bb9e.mp4	(11, 7)(14, 11)(17, 13)(19, 14)
75ac32c788e5d5d2e058a24f6a2deffbab3288fc.flv,7dd1b7a83128fb78f018c557d918b0670989457e.mp4	
75ac32c788e5d5d2e058a24f6a2deffbab3288fc.flv,8870293c58fbed9cc03a738577e5802164199d8b.flv	(0, 1)(2, 2)(4, 4)(6, 5)(8, 7)(11, 9)(16, 13)(19, 16)
75ac32c788e5d5d2e058a24f6a2deffbab3288fc.flv,8c207ab5a07d12d37dcb666ee8b69c3357bc07fb.flv	(10, 33)
75ac32c788e5d5d2e058a24f6a2deffbab3288fc.flv,8fb97b98e2f27c9f162d6c1d6c27806c84af8e8d.flv	(0, 3)(4, 5)(9, 7)(10, 8)(11, 9)(16, 12)(19, 15)
75ac32c788e5d5d2e058a24f6a2deffbab3288fc.flv,97429f47c45ec4da9849b7f4df36e22939649158.mp4	(0, 0)(6, 3)(8, 4)(17, 10)(18, 12)(19, 13)
75ac32c788e5d5d2e058a24f6a2deffbab3288fc.flv,9c1d7e91288e07083e4456f8fe6b771aba039ed1.flv	(0, 1)(2, 2)(3, 3)(4, 4)(6, 5)(8, 6)(11, 9)(13, 12)(14, 13)(16, 14)(19, 17)
75ac32c788e5d5d2e058a24f6a2deffbab3288fc.flv,b3205b97de392174f3905831fc0dba5724fdabf1.flv	(0, 0)(2, 1)(4, 3)(6, 4)(8, 5)(12, 9)(13, 10)(14, 11)(15, 12)(16, 13)(19, 16)
75ac32c788e5d5d2e058a24f6a2deffbab3288fc.flv,b581ea1130d0c4c9af02e98dcb887cb8d58350e8.flv	(0, 1)(4, 3)(6, 4)(8, 5)(12, 10)
75ac32c788e5d5d2e058a24f6a2deffbab3288fc.flv,bbdbe357f408fb84d5f57c1522a90504f3162d6f.flv	(7, 9)
75ac32c788e5d5d2e058a24f6a2deffbab3288fc.flv,bbdbe357f408fb84d5f57c1522a90504f3162d6f.flv	(10, 5)(11, 6)
75ac32c788e5d5d2e058a24f6a2deffbab3288fc.flv,bbdbe357f408fb84d5f57c1522a90504f3162d6f.flv	(14, 4)
75ac32c788e5d5d2e058a24f6a2deffbab3288fc.flv,bbdbe357f408fb84d5f57c1522a90504f3162d6f.flv	(17, 2)
75ac32c788e5d5d2e058a24f6a2deffbab3288fc.flv,bbdbe357f408fb84d5f57c1522a90504f3162d6f.flv	(17, 0)
75ac32c788e5d5d2e058a24f6a2deffbab3288fc.flv,be51dbc2d72ae574934de1b972b18037dba73b8e.flv	(0, 1)(2, 2)(7, 5)(8, 6)(11, 9)(12, 10)(18, 14)(19, 16)
75ac32c788e5d5d2e058a24f6a2deffbab3288fc.flv,bf9df08bb9164d1b971557a9b9f6140096c92b0c.mp4	
75ac32c788e5d5d2e058a24f6a2deffbab3288fc.flv,cac9dff859597360de5a5f011139c845c0d08e6c.flv	(0, 1)(2, 2)(3, 3)(4, 4)(11, 8)(16, 12)(19, 15)
75ac32c788e5d5d2e058a24f6a2deffbab3288fc.flv,caec7bae88f5b5d60a08487e9d9a8cd27251c64e.flv	(0, 5)(2, 6)(3, 7)(4, 8)(6, 9)(11, 14)(16, 18)(19, 22)
75ac32c788e5d5d2e058a24f6a2deffbab3288fc.flv,f7ba4ea780e11256ed5439e33d169eb242a8a18f.flv	(19, 3)
7b2158aad4ea2e6c8f149bb869801b96734c1b1c.flv,7b2158aad4ea2e6c8f149bb869801b96734c1b1c.flv	(0, 0)(1, 1)(2, 2)(3, 3)(4, 4)(5, 5)(6, 6)(7, 7)(8, 8)(9, 9)(10, 10)(11, 11)(12, 12)(13, 13)(14, 14)(15, 15)(16, 16)(17, 17)(18, 18)(19, 19)(20, 20)(21, 21)(22, 22)(23, 23)
7b2158aad4ea2e6c8f149bb869801b96734c1b1c.flv,7c9d142bf1b1ede846c059117f422b1c8ea6bb9e.mp4	(0, 1)
7b2158aad4ea2e6c8f149bb869801b96734c1b1c.flv,7c9d142bf1b1ede846c059117f422b1c8ea6bb9e.mp4	(1, 3)(2, 4)
7b2158aad4ea2e6c8f149bb869801b96734c1b1c.flv,7c9d142bf1b1ede846c059117f422b1c8ea6bb9e.mp4	(3, 5)(4, 6)(7, 7)(8, 9)(11, 13)
7b2158aad4ea2e6c8f149bb869801b96734c1b1c.flv,7dd1b7a83128fb78f018c557d918b0670989457e.mp4	(0, 0)
7b2158aad4ea2e6c8f149bb869801b96734c1b1c.flv,7dd1b7a83128fb78f018c557d918b0670989457e.mp4	
7b2158aad4ea2e6c8f149bb869801b96734c1b1c.flv,7dd1b7a83128fb78f018c557d918b0670989457e.mp4	(3, 4)(4, 5)(8, 7)(9, 8)(10, 9)(11, 11)
7b2158aad4ea2e6c8f149bb869801b96734c1b1c.flv,8870293c58fbed9cc03a738577e5802164199d8b.flv	(0, 0)
7b2158aad4ea2e6c8f149bb869801b96734c1b1c.flv,8870293c58fbed9cc03a738577e5802164199d8b.flv	(1, 2)
7b2158aad4ea2e6c8f149bb869801b96734c1b1c.flv,8870293c58fbed9cc03a738577e5802164199d8b.flv	(3, 4)(4, 5)(6, 7)(8, 9)(10, 10)(11, 12)
7b2158aad4ea2e6c8f149bb869801b96734c1b1c.flv,8c207ab5a07d12d37dcb666ee8b69c3357bc07fb.flv	(0, 0)
7b2158aad4ea2e6c8f149bb869801b96734c1b1c.flv,8c207ab5a07d12d37dcb666ee8b69c3357bc07fb.flv	(4, 23)(6, 24)
7b2158aad4ea2e6c8f149bb869801b96734c1b1c.flv,8c207ab5a07d12d37dcb666ee8b69c3357bc07fb.flv	(4, 37)(5, 37)
7b2158aad4ea2e6c8f149bb869801b96734c1b1c.flv,8c207ab5a07d12d37dcb666ee8b69c3357bc07fb.flv	(8, 28)
7b2158aad4ea2e6c8f149bb869801b96734c1b1c.flv,8c207ab5a07d12d37dcb666ee8b69c3357bc07fb.flv	(11, 33)
7b2158aad4ea2e6c8f149bb869801b96734c1b1c.flv,8c207ab5a07d12d37dcb666ee8b69c3357bc07fb.flv	(11, 62)
7b2158aad4ea2e6c8f149bb869801b96734c1b1c.flv,8fb97b98e2f27c9f162d6c1d6c27806c84af8e8d.flv	(0, 2)
7b2158aad4ea2e6c8f149bb869801b96734c1b1c.flv,8fb97b98e2f27c9f162d6c1d6c27806c84af8e8d.flv	(1, 4)(2, 4)
7b2158aad4ea2e6c8f149bb869801b96734c1b1c.flv,8fb97b98e2f27c9f162d6c1d6c27806c84af8e8d.flv	(3, 5)(8, 8)(11, 11)
7b2158aad4ea2e6c8f149bb869801b96734c1b1c.flv,97429f47c45ec4da9849b7f4df36e22939649158.mp4	(0, 0)
7b2158aad4ea2e6c8f149bb869801b96734c1b1c.flv,97429f47c45ec4da9849b7f4df36e22939649158.mp4	(1, 1)
7b2158aad4ea2e6c8f149bb869801b96734c1b1c.flv,97429f47c45ec4da9849b7f4df36e22939649158.mp4	(4, 3)(6, 4)(11, 9)
7b2158aad4ea2e6c8f149bb869801b96734c1b1c.flv,9c1d7e91288e07083e4456f8fe6b771aba039ed1.flv	(0, 0)
7b2158aad4ea2e6c8f149bb869801b96734c1b1c.flv,9c1d7e91288e07083e4456f8fe6b771aba039ed1.flv	(1, 2)(2, 3)
7b2158aad4ea2e6c8f149bb869801b96734c1b1c.flv,9c1d7e91288e07083e4456f8fe6b771aba039ed1.flv	(3, 4)(4, 5)(8, 8)(9, 9)(10, 10)(11, 13)
7b2158aad4ea2e6c8f149bb869801b96734c1b1c.flv,b3205b97de392174f3905831fc0dba5724fdabf1.flv	(1, 1)(2, 1)
7b2158aad4ea2e6c8f149bb869801b96734c1b1c.flv,b3205b97de392174f3905831fc0dba5724fdabf1.flv	(3, 3)(4, 4)(6, 5)(8, 7)(11, 10)
7b2158aad4ea2e6c8f149bb869801b96734c1b1c.flv,b581ea1130d0c4c9af02e98dcb887cb8d58350e8.flv	(0, 0)
7b2158aad4ea2e6c8f149bb869801b96734c1b1c.flv,b581ea1130d0c4c9af02e98dcb887cb8d58350e8.flv	(1, 2)(2, 2)
7b2158aad4ea2e6c8f149bb869801b96734c1b1c.flv,b581ea1130d0c4c9af02e98dcb887cb8d58350e8.flv	(3, 3)(4, 4)(6, 5)(8, 7)
7b2158aad4ea2e6c8f149bb869801b96734c1b1c.flv,bbdbe357f408fb84d5f57c1522a90504f3162d6f.flv	(2, 2)
7b2158aad4ea2e6c8f149bb869801b96734c1b1c.flv,bbdbe357f408fb84d5f57c1522a90504f3162d6f.flv	(7, 6)(8, 6)
7b2158aad4ea2e6c8f149bb869801b96734c1b1c.flv,bbdbe357f408fb84d5f57c1522a90504f3162d6f.flv	(8, 7)
7b2158aad4ea2e6c8f149bb869801b96734c1b1c.flv,bbdbe357f408fb84d5f57c1522a90504f3162d6f.flv	(11, 9)
7b2158aad4ea2e6c8f149bb869801b96734c1b1c.flv,be51dbc2d72ae574934de1b972b18037dba73b8e.flv	(1, 2)(2, 2)
7b2158aad4ea2e6c8f149bb869801b96734c1b1c.flv,bf9df08bb9164d1b971557a9b9f6140096c92b0c.mp4	(7, 40)(8, 41)
7b2158aad4ea2e6c8f149bb869801b96734c1b1c.flv,cac9dff859597360de5a5f011139c845c0d08e6c.flv	(0, 0)
7b2158aad4ea2e6c8f149bb869801b96734c1b1c.flv,cac9dff859597360de5a5f011139c845c0d08e6c.flv	(1, 2)(2, 3)
7b2158aad4ea2e6c8f149bb869801b96734c1b1c.flv,cac9dff859597360de5a5f011139c845c0d08e6c.flv	(3, 4)(8, 7)(9, 8)(10, 9)(11, 11)
7b2158aad4ea2e6c8f149bb869801b96734c1b1c.flv,caec7bae88f5b5d60a08487e9d9a8cd27251c64e.flv	(0, 4)
7b2158aad4ea2e6c8f149bb869801b96734c1b1c.flv,caec7bae88f5b5d60a08487e9d9a8cd27251c64e.flv	(1, 6)(2, 7)
7b2158aad4ea2e6c8f149bb869801b96734c1b1c.flv,caec7bae88f5b5d60a08487e9d9a8cd27251c64e.flv	(4, 9)(7, 11)(8, 13)(11, 17)
7b2158aad4ea2e6c8f149bb869801b96734c1b1c.flv,f7ba4ea780e11256ed5439e33d169eb242a8a18f.flv	(11, 4)
7c9d142bf1b1ede846c059117f422b1c8ea6bb9e.mp4,7c9d142bf1b1ede846c059117f422b1c8ea6bb9e.mp4	(0, 0)(1, 1)(2, 2)(3, 3)(4, 4)(5, 5)(6, 6)(7, 7)(8, 8)(9, 9)(10, 10)(11, 11)(12, 12)(13, 13)(14, 14)(15, 15)(16, 16)(17, 17)(18, 18)(19, 19)
7c9d142bf1b1ede846c059117f422b1c8ea6bb9e.mp4,7dd1b7a83128fb78f018c557d918b0670989457e.mp4	(1, 0)
7c9d142bf1b1ede846c059117f422b1c8ea6bb9e.mp4,7dd1b7a83128fb78f018c557d918b0670989457e.mp4	(5, 4)(6, 5)(7, 6)(9, 7)(11, 8)(12, 10)(13, 11)
7c9d142bf1b1ede846c059117f422b1c8ea6bb9e.mp4,8870293c58fbed9cc03a738577e5802164199d8b.flv	(1, 0)(2, 1)(3, 2)(5, 4)(6, 5)(7, 7)(9, 9)(12, 11)(13, 12)(14, 13)
7c9d142bf1b1ede846c059117f422b1c8ea6bb9e.mp4,8c207ab5a07d12d37dcb666ee8b69c3357bc07fb.flv	
7c9d142bf1b1ede846c059117f422b1c8ea6bb9e.mp4,8c207ab5a07d12d37dcb666ee8b69c3357bc07fb.flv	(6, 23)
7c9d142bf1b1ede846c059117f422b1c8ea6bb9e.mp4,8c207ab5a07d12d37dcb666ee8b69c3357bc07fb.flv	(6, 37)
7c9d142bf1b1ede846c059117f422b1c8ea6bb9e.mp4,8c207ab5a07d12d37dcb666ee8b69c3357bc07fb.flv	(9, 28)
7c9d142bf1b1ede846c059117f422b1c8ea6bb9e.mp4,8c207ab5a07d12d37dcb666ee8b69c3357bc07fb.flv	(8, 30)(9, 31)(13, 33)
7c9d142bf1b1ede846c059117f422b1c8ea6bb9e.mp4,8c207ab5a07d12d37dcb666ee8b69c3357bc07fb.flv	(13, 62)
7c9d142bf1b1ede846c059117f422b1c8ea6bb9e.mp4,8c207ab5a07d12d37dcb666ee8b69c3357bc07fb.flv	(13, 62)
7c9d142bf1b1ede846c059117f422b1c8ea6bb9e.mp4,8fb97b98e2f27c9f162d6c1d6c27806c84af8e8d.flv	(1, 2)(2, 3)(4, 4)(5, 5)(6, 6)(9, 8)(11, 9)(12, 10)(13, 11)(14, 12)
7c9d142bf1b1ede846c059117f422b1c8ea6bb9e.mp4,97429f47c45ec4da9849b7f4df36e22939649158.mp4	(2, 0)(3, 1)(6, 4)(7, 6)(9, 7)(10, 8)(11, 9)(13, 10)(14, 13)
7c9d142bf1b1ede846c059117f422b1c8ea6bb9e.mp4,9c1d7e91288e07083e4456f8fe6b771aba039ed1.flv	(1, 0)(2, 1)(3, 2)(4, 3)(5, 4)(9, 8)(11, 9)(12, 11)(13, 13)(14, 14)
7c9d142bf1b1ede846c059117f422b1c8ea6bb9e.mp4,b3205b97de392174f3905831fc0dba5724fdabf1.flv	(2, 0)(3, 1)(5, 3)(6, 4)(7, 5)(9, 7)(11, 8)(13, 10)(14, 13)
7c9d142bf1b1ede846c059117f422b1c8ea6bb9e.mp4,b581ea1130d0c4c9af02e98dcb887cb8d58350e8.flv	(1, 0)(2, 1)(4, 2)(5, 3)(6, 4)(7, 5)(9, 7)(12, 8)(14, 12)
7c9d142bf1b1ede846c059117f422b1c8ea6bb9e.mp4,bbdbe357f408fb84d5f57c1522a90504f3162d6f.flv	(4, 2)
7c9d142bf1b1ede846c059117f422b1c8ea6bb9e.mp4,bbdbe357f408fb84d5f57c1522a90504f3162d6f.flv	(7, 6)(8, 6)
7c9d142bf1b1ede846c059117f422b1c8ea6bb9e.mp4,bbdbe357f408fb84d5f57c1522a90504f3162d6f.flv	(9, 7)
7c9d142bf1b1ede846c059117f422b1c8ea6bb9e.mp4,bbdbe357f408fb84d5f57c1522a90504f3162d6f.flv	(13, 9)
7c9d142bf1b1ede846c059117f422b1c8ea6bb9e.mp4,bbdbe357f408fb84d5f57c1522a90504f3162d6f.flv	(13, 9)
7c9d142bf1b1ede846c059117f422b1c8ea6bb9e.mp4,be51dbc2d72ae574934de1b972b18037dba73b8e.flv	(1, 0)(2, 1)(3, 2)(5, 4)(6, 5)(7, 6)(13, 11)(14, 12)
7c9d142bf1b1ede846c059117f422b1c8ea6bb9e.mp4,bf9df08bb9164d1b971557a9b9f6140096c92b0c.mp4	(7, 40)(9, 41)
7c9d142bf1b1ede846c059117f422b1c8ea6bb9e.mp4,cac9dff859597360de5a5f011139c845c0d08e6c.flv	(1, 0)(2, 1)(3, 2)(4, 3)(5, 4)(6, 5)(9, 7)(11, 8)(12, 10)(13, 11)(14, 12)
7c9d142bf1b1ede846c059117f422b1c8ea6bb9e.mp4,caec7bae88f5b5d60a08487e9d9a8cd27251c64e.flv	(1, 4)(2, 5)(3, 6)(4, 7)(5, 8)(7, 11)(9, 13)(11, 14)(12, 16)(13, 17)(14, 18)
7c9d142bf1b1ede846c059117f422b1c8ea6bb9e.mp4,f7ba4ea780e11256ed5439e33d169eb242a8a18f.flv	(6, 3)
7dd1b7a83128fb78f018c557d918b0670989457e.mp4,7dd1b7a83128fb78f018c557d918b0670989457e.mp4	(0, 0)(1, 1)(2, 2)(3, 3)(4, 4)(5, 5)(6, 6)(7, 7)(8, 8)(9, 9)(10, 10)(11, 11)(12, 12)(13, 13)(14, 14)
7dd1b7a83128fb78f018c557d918b0670989457e.mp4,8870293c58fbed9cc03a738577e5802164199d8b.flv	(0, 0)
7dd1b7a83128fb78f018c557d918b0670989457e.mp4,8870293c58fbed9cc03a738577e5802164199d8b.flv	(2, 2)(3, 3)(4, 4)(5, 5)(6, 7)(7, 9)(9, 10)(10, 11)(11, 12)
7dd1b7a83128fb78f018c557d918b0670989457e.mp4,8c207ab5a07d12d37dcb666ee8b69c3357bc07fb.flv	(0, 0)
7dd1b7a83128fb78f018c557d918b0670989457e.mp4,8c207ab5a07d12d37dcb666ee8b69c3357bc07fb.flv	(5, 23)(6, 24)
7dd1b7a83128fb78f018c557d918b0670989457e.mp4,8c207ab5a07d12d37dcb666ee8b69c3357bc07fb.flv	(5, 37)
7dd1b7a83128fb78f018c557d918b0670989457e.mp4,8c207ab5a07d12d37dcb666ee8b69c3357bc07fb.flv	(7, 28)
7dd1b7a83128fb78f018c557d918b0670989457e.mp4,8c207ab5a07d12d37dcb666ee8b69c3357bc07fb.flv	(7, 31)(9, 32)(10, 32)(11, 33)
7dd1b7a83128fb78f018c557d918b0670989457e.mp4,8c207ab5a07d12d37dcb666ee8b69c3357bc07fb.flv	(11, 62)
7dd1b7a83128fb78f018c557d918b0670989457e.mp4,8fb97b98e2f27c9f162d6c1d6c27806c84af8e8d.flv	(0, 2)
7dd1b7a83128fb78f018c557d918b0670989457e.mp4,8fb97b98e2f27c9f162d6c1d6c27806c84af8e8d.flv	(2, 4)(4, 5)(5, 6)(7, 8)(8, 9)(10, 10)(11, 11)
7dd1b7a83128fb78f018c557d918b0670989457e.mp4,97429f47c45ec4da9849b7f4df36e22939649158.mp4	(0, 0)
7dd1b7a83128fb78f018c557d918b0670989457e.mp4,97429f47c45ec4da9849b7f4df36e22939649158.mp4	(2, 1)(3, 2)(7, 7)
7dd1b7a83128fb78f018c557d918b0670989457e.mp4,9c1d7e91288e07083e4456f8fe6b771aba039ed1.flv	(0, 0)
7dd1b7a83128fb78f018c557d918b0670989457e.mp4,9c1d7e91288e07083e4456f8fe6b771aba039ed1.flv	(2, 2)(4, 4)(6, 6)(7, 8)(8, 9)(9, 10)(10, 11)(11, 12)
7dd1b7a83128fb78f018c557d918b0670989457e.mp4,b3205b97de392174f3905831fc0dba5724fdabf1.flv	(2, 1)(3, 2)(4, 3)(5, 4)(6, 5)(7, 7)(8, 8)(11, 10)
7dd1b7a83128fb78f018c557d918b0670989457e.mp4,b581ea1130d0c4c9af02e98dcb887cb8d58350e8.flv	(0, 0)
7dd1b7a83128fb78f018c557d918b0670989457e.mp4,b581ea1130d0c4c9af02e98dcb887cb8d58350e8.flv	(2, 2)(4, 3)(5, 4)(6, 5)(7, 7)(10, 8)(11, 10)
7dd1b7a83128fb78f018c557d918b0670989457e.mp4,bbdbe357f408fb84d5f57c1522a90504f3162d6f.flv	(2, 2)(3, 2)
7dd1b7a83128fb78f018c557d918b0670989457e.mp4,bbdbe357f408fb84d5f57c1522a90504f3162d6f.flv	(6, 6)(7, 6)
7dd1b7a83128fb78f018c557d918b0670989457e.mp4,bbdbe357f408fb84d5f57c1522a90504f3162d6f.flv	(7, 7)
7dd1b7a83128fb78f018c557d918b0670989457e.mp4,bbdbe357f408fb84d5f57c1522a90504f3162d6f.flv	(11, 9)
7dd1b7a83128fb78f018c557d918b0670989457e.mp4,be51dbc2d72ae574934de1b972b18037dba73b8e.flv	(0, 0)
7dd1b7a83128fb78f018c557d918b0670989457e.mp4,be51dbc2d72ae574934de1b972b18037dba73b8e.flv	(2, 2)(4, 4)(5, 5)(6, 6)(11, 10)
7dd1b7a83128fb78f018c557d918b0670989457e.mp4,bf9df08bb9164d1b971557a9b9f6140096c92b0c.mp4	(6, 40)(7, 41)
7dd1b7a83128fb78f018c557d918b0670989457e.mp4,cac9dff859597360de5a5f011139c845c0d08e6c.flv	(0, 0)
7dd1b7a83128fb78f018c557d918b0670989457e.mp4,cac9dff859597360de5a5f011139c845c0d08e6c.flv	(2, 2)(4, 4)(5, 5)(7, 7)(8, 8)(9, 9)(10, 10)(11, 11)
7dd1b7a83128fb78f018c557d918b0670989457e.mp4,caec7bae88f5b5d60a08487e9d9a8cd27251c64e.flv	(0, 4)
7dd1b7a83128fb78f018c557d918b0670989457e.mp4,caec7bae88f5b5d60a08487e9d9a8cd27251c64e.flv	(2, 6)(5, 9)(7, 13)(8, 14)(9, 15)(10, 16)(11, 17)
7dd1b7a83128fb78f018c557d918b0670989457e.mp4,f7ba4ea780e11256ed5439e33d169eb242a8a18f.flv	
8870293c58fbed9cc03a738577e5802164199d8b.flv,8870293c58fbed9cc03a738577e5802164199d8b.flv	(0, 0)(1, 1)(2, 2)(3, 3)(4, 4)(5, 5)(6, 6)(7, 7)(8, 8)(9, 9)(10, 10)(11, 11)(12, 12)(13, 13)(14, 14)(15, 15)(16, 16)
8870293c58fbed9cc03a738577e5802164199d8b.flv,8c207ab5a07d12d37dcb666ee8b69c3357bc07fb.flv	
8870293c58fbed9cc03a738577e5802164199d8b.flv,8c207ab5a07d12d37dcb666ee8b69c3357bc07fb.flv	
8870293c58fbed9cc03a738577e5802164199d8b.flv,8c207ab5a07d12d37dcb666ee8b69c3357bc07fb.flv	(7, 37)
8870293c58fbed9cc03a738577e5802164199d8b.flv,8c207ab5a07d12d37dcb666ee8b69c3357bc07fb.flv	(9, 28)
8870293c58fbed9cc03a738577e5802164199d8b.flv,8c207ab5a07d12d37dcb666ee8b69c3357bc07fb.flv	(9, 31)(10, 32)(12, 33)
8870293c58fbed9cc03a738577e5802164199d8b.flv,8c207ab5a07d12d37dcb666ee8b69c3357bc07fb.flv	(12, 62)
8870293c58fbed9cc03a738577e5802164199d8b.flv,8fb97b98e2f27c9f162d6c1d6c27806c84af8e8d.flv	(0, 2)(1, 3)(2, 4)(4, 5)(7, 6)(8, 7)(9, 8)(11, 10)(12, 11)(13, 12)(14, 13)(15, 14)(16, 15)
8870293c58fbed9cc03a738577e5802164199d8b.flv,97429f47c45ec4da9849b7f4df36e22939649158.mp4	(0, 0)(1, 0)(2, 1)(5, 3)(12, 10)(13, 13)
8870293c58fbed9cc03a738577e5802164199d8b.flv,9c1d7e91288e07083e4456f8fe6b771aba039ed1.flv	(0, 0)(1, 1)(2, 2)(4, 4)(5, 5)(7, 6)(8, 7)(9, 8)(10, 10)(11, 11)(12, 13)(13, 14)(14, 15)(15, 16)(16, 17)
8870293c58fbed9cc03a738577e5802164199d8b.flv,b3205b97de392174f3905831fc0dba5724fdabf1.flv	(1, 0)(2, 1)(3, 2)(4, 3)(5, 4)(7, 5)(9, 7)(12, 10)(13, 13)(15, 15)(16, 16)
8870293c58fbed9cc03a738577e5802164199d8b.flv,b581ea1130d0c4c9af02e98dcb887cb8d58350e8.flv	(0, 0)(1, 1)(2, 2)(4, 3)(5, 4)(7, 5)(8, 6)(9, 7)(10, 8)(13, 12)(14, 13)(15, 13)
8870293c58fbed9cc03a738577e5802164199d8b.flv,bbdbe357f408fb84d5f57c1522a90504f3162d6f.flv	(2, 2)(3, 2)
8870293c58fbed9cc03a738577e5802164199d8b.flv,bbdbe357f408fb84d5f57c1522a90504f3162d6f.flv	(8, 6)(9, 6)
8870293c58fbed9cc03a738577e5802164199d8b.flv,bbdbe357f408fb84d5f57c1522a90504f3162d6f.flv	(9, 7)
8870293c58fbed9cc03a738577e5802164199d8b.flv,bbdbe357f408fb84d5f57c1522a90504f3162d6f.flv	(12, 9)
8870293c58fbed9cc03a738577e5802164199d8b.flv,be51dbc2d72ae574934de1b972b18037dba73b8e.flv	(0, 0)(1, 1)(2, 2)(4, 4)(5, 5)(7, 6)(9, 9)(12, 11)(13, 12)
8870293c58fbed9cc03a738577e5802164199d8b.flv,bf9df08bb9164d1b971557a9b9f6140096c92b0c.mp4	(7, 40)(9, 41)
8870293c58fbed9cc03a738577e5802164199d8b.flv,cac9dff859597360de5a5f011139c845c0d08e6c.flv	(0, 0)(1, 1)(2, 2)(4, 4)(7, 5)(8, 6)(9, 7)(10, 9)(11, 10)(12, 11)(13, 12)(14, 13)(15, 14)(16, 15)
8870293c58fbed9cc03a738577e5802164199d8b.flv,caec7bae88f5b5d60a08487e9d9a8cd27251c64e.flv	(0, 4)(1, 5)(2, 6)(4, 8)(5, 9)(8, 12)(9, 13)(10, 15)(11, 16)(12, 17)(13, 18)(14, 19)(15, 20)(16, 22)
8870293c58fbed9cc03a738577e5802164199d8b.flv,f7ba4ea780e11256ed5439e33d169eb242a8a18f.flv	(5, 3)
8c207ab5a07d12d37dcb666ee8b69c3357bc07fb.flv,8c207ab5a07d12d37dcb666ee8b69c3357bc07fb.flv	(0, 0)(1, 1)(2, 2)(3, 3)(4, 4)(5, 5)(6, 6)(7, 7)(8, 8)(9, 9)(10, 10)(11, 11)(12, 12)(13, 13)(14, 14)(15, 15)(16, 16)(17, 17)(18, 18)(19, 19)(20, 20)(21, 21)(22, 22)(23, 23)(24, 24)(25, 25)(26, 26)(27, 27)(28, 28)(29, 29)(30, 30)(31, 31)(32, 32)(33, 33)(34, 34)(35, 35)(36, 36)(37, 37)(38, 38)(39, 39)(40, 40)(41, 41)(42, 42)(43, 43)(44, 44)(45, 45)(46, 46)(47, 47)(48, 48)(49, 49)(50, 50)(51, 51)(52, 52)(53, 53)(54, 54)(55, 55)(56, 56)(57, 57)(58, 58)(59, 59)(60, 60)(61, 61)(62, 62)(63, 63)(64, 64)
8c207ab5a07d12d37dcb666ee8b69c3357bc07fb.flv,8fb97b98e2f27c9f162d6c1d6c27806c84af8e8d.flv	
8c207ab5a07d12d37dcb666ee8b69c3357bc07fb.flv,8fb97b98e2f27c9f162d6c1d6c27806c84af8e8d.flv	(23, 6)
8c207ab5a07d12d37dcb666ee8b69c3357bc07fb.flv,8fb97b98e2f27c9f162d6c1d6c27806c84af8e8d.flv	(28, 8)
8c207ab5a07d12d37dcb666ee8b69c3357bc07fb.flv,8fb97b98e2f27c9f162d6c1d6c27806c84af8e8d.flv	(31, 8)(33, 11)
8c207ab5a07d12d37dcb666ee8b69c3357bc07fb.flv,8fb97b98e2f27c9f162d6c1d6c27806c84af8e8d.flv	(37, 6)
8c207ab5a07d12d37dcb666ee8b69c3357bc07fb.flv,8fb97b98e2f27c9f162d6c1d6c27806c84af8e8d.flv	(62, 11)
8c207ab5a07d12d37dcb666ee8b69c3357bc07fb.flv,97429f47c45ec4da9849b7f4df36e22939649158.mp4	(0, 0)
8c207ab5a07d12d37dcb666ee8b69c3357bc07fb.flv,97429f47c45ec4da9849b7f4df36e22939649158.mp4	(23, 4)
8c207ab5a07d12d37dcb666ee8b69c3357bc07fb.flv,97429f47c45ec4da9849b7f4df36e22939649158.mp4	(37, 4)
8c207ab5a07d12d37dcb666ee8b69c3357bc07fb.flv,97429f47c45ec4da9849b7f4df36e22939649158.mp4	(62, 9)
8c207ab5a07d12d37dcb666ee8b69c3357bc07fb.flv,9c1d7e91288e07083e4456f8fe6b771aba039ed1.flv	(0, 0)
8c207ab5a07d12d37dcb666ee8b69c3357bc07fb.flv,9c1d7e91288e07083e4456f8fe6b771aba039ed1.flv	(23, 6)
8c207ab5a07d12d37dcb666ee8b69c3357bc07fb.flv,9c1d7e91288e07083e4456f8fe6b771aba039ed1.flv	(28, 8)
8c207ab5a07d12d37dcb666ee8b69c3357bc07fb.flv,9c1d7e91288e07083e4456f8fe6b771aba039ed1.flv	(32, 10)(33, 12)
8c207ab5a07d12d37dcb666ee8b69c3357bc07fb.flv,9c1d7e91288e07083e4456f8fe6b771aba039ed1.flv	(37, 6)
8c207ab5a07d12d37dcb666ee8b69c3357bc07fb.flv,9c1d7e91288e07083e4456f8fe6b771aba039ed1.flv	(62, 12)
8c207ab5a07d12d37dcb666ee8b69c3357bc07fb.flv,b3205b97de392174f3905831fc0dba5724fdabf1.flv	(23, 4)(24, 5)
8c207ab5a07d12d37dcb666ee8b69c3357bc07fb.flv,b3205b97de392174f3905831fc0dba5724fdabf1.flv	(28, 7)
8c207ab5a07d12d37dcb666ee8b69c3357bc07fb.flv,b3205b97de392174f3905831fc0dba5724fdabf1.flv	(31, 7)(33, 10)
8c207ab5a07d12d37dcb666ee8b69c3357bc07fb.flv,b3205b97de392174f3905831fc0dba5724fdabf1.flv	(37, 4)
8c207ab5a07d12d37dcb666ee8b69c3357bc07fb.flv,b3205b97de392174f3905831fc0dba5724fdabf1.flv	(62, 10)
8c207ab5a07d12d37dcb666ee8b69c3357bc07fb.flv,b581ea1130d0c4c9af02e98dcb887cb8d58350e8.flv	(0, 0)
8c207ab5a07d12d37dcb666ee8b69c3357bc07fb.flv,b581ea1130d0c4c9af02e98dcb887cb8d58350e8.flv	(23, 4)(24, 5)
8c207ab5a07d12d37dcb666ee8b69c3357bc07fb.flv,b581ea1130d0c4c9af02e98dcb887cb8d58350e8.flv	(28, 7)
8c207ab5a07d12d37dcb666ee8b69c3357bc07fb.flv,b581ea1130d0c4c9af02e98dcb887cb8d58350e8.flv	(31, 7)(32, 8)(33, 10)
8c207ab5a07d12d37dcb666ee8b69c3357bc07fb.flv,b581ea1130d0c4c9af02e98dcb887cb8d58350e8.flv	(37, 4)
8c207ab5a07d12d37dcb666ee8b69c3357bc07fb.flv,b581ea1130d0c4c9af02e98dcb887cb8d58350e8.flv	(62, 10)
8c207ab5a07d12d37dcb666ee8b69c3357bc07fb.flv,bbdbe357f408fb84d5f57c1522a90504f3162d6f.flv	(28, 6)
8c207ab5a07d12d37dcb666ee8b69c3357bc07fb.flv,bbdbe357f408fb84d5f57c1522a90504f3162d6f.flv	(30, 6)
8c207ab5a07d12d37dcb666ee8b69c3357bc07fb.flv,bbdbe357f408fb84d5f57c1522a90504f3162d6f.flv	(31, 7)
8c207ab5a07d12d37dcb666ee8b69c3357bc07fb.flv,bbdbe357f408fb84d5f57c1522a90504f3162d6f.flv	(33, 9)
8c207ab5a07d12d37dcb666ee8b69c3357bc07fb.flv,bbdbe357f408fb84d5f57c1522a90504f3162d6f.flv	(62, 9)
8c207ab5a07d12d37dcb666ee8b69c3357bc07fb.flv,be51dbc2d72ae574934de1b972b18037dba73b8e.flv	(0, 0)
8c207ab5a07d12d37dcb666ee8b69c3357bc07fb.flv,be51dbc2d72ae574934de1b972b18037dba73b8e.flv	(23, 5)
8c207ab5a07d12d37dcb666ee8b69c3357bc07fb.flv,be51dbc2d72ae574934de1b972b18037dba73b8e.flv	(28, 9)
8c207ab5a07d12d37dcb666ee8b69c3357bc07fb.flv,be51dbc2d72ae574934de1b972b18037dba73b8e.flv	(31, 9)(33, 11)
8c207ab5a07d12d37dcb666ee8b69c3357bc07fb.flv,be51dbc2d72ae574934de1b972b18037dba73b8e.flv	(37, 5)
8c207ab5a07d12d37dcb666ee8b69c3357bc07fb.flv,be51dbc2d72ae574934de1b972b18037dba73b8e.flv	(62, 11)
8c207ab5a07d12d37dcb666ee8b69c3357bc07fb.flv,bf9df08bb9164d1b971557a9b9f6140096c92b0c.mp4	(30, 40)(31, 41)
8c207ab5a07d12d37dcb666ee8b69c3357bc07fb.flv,cac9dff859597360de5a5f011139c845c0d08e6c.flv	(0, 0)
8c207ab5a07d12d37dcb666ee8b69c3357bc07fb.flv,cac9dff859597360de5a5f011139c845c0d08e6c.flv	(23, 5)
8c207ab5a07d12d37dcb666ee8b69c3357bc07fb.flv,cac9dff859597360de5a5f011139c845c0d08e6c.flv	(28, 7)
8c207ab5a07d12d37dcb666ee8b69c3357bc07fb.flv,cac9dff859597360de5a5f011139c845c0d08e6c.flv	(32, 9)(33, 11)
8c207ab5a07d12d37dcb666ee8b69c3357bc07fb.flv,cac9dff859597360de5a5f011139c845c0d08e6c.flv	(37, 5)
8c207ab5a07d12d37dcb666ee8b69c3357bc07fb.flv,cac9dff859597360de5a5f011139c845c0d08e6c.flv	(62, 11)
8c207ab5a07d12d37dcb666ee8b69c3357bc07fb.flv,caec7bae88f5b5d60a08487e9d9a8cd27251c64e.flv	(0, 4)
8c207ab5a07d12d37dcb666ee8b69c3357bc07fb.flv,caec7bae88f5b5d60a08487e9d9a8cd27251c64e.flv	(23, 10)
8c207ab5a07d12d37dcb666ee8b69c3357bc07fb.flv,caec7bae88f5b5d60a08487e9d9a8cd27251c64e.flv	(28, 13)
8c207ab5a07d12d37dcb666ee8b69c3357bc07fb.flv,caec7bae88f5b5d60a08487e9d9a8cd27251c64e.flv	(32, 15)(33, 17)
8c207ab5a07d12d37dcb666ee8b69c3357bc07fb.flv,caec7bae88f5b5d60a08487e9d9a8cd27251c64e.flv	(37, 10)
8c207ab5a07d12d37dcb666ee8b69c3357bc07fb.flv,caec7bae88f5b5d60a08487e9d9a8cd27251c64e.flv	(62, 17)
8fb97b98e2f27c9f162d6c1d6c27806c84af8e8d.flv,8fb97b98e2f27c9f162d6c1d6c27806c84af8e8d.flv	(0, 0)(1, 1)(2, 2)(3, 3)(4, 4)(5, 5)(6, 6)(7, 7)(8, 8)(9, 9)(10, 10)(11, 11)(12, 12)(13, 13)(14, 14)(15, 15)(16, 16)
8fb97b98e2f27c9f162d6c1d6c27806c84af8e8d.flv,97429f47c45ec4da9849b7f4df36e22939649158.mp4	(2, 0)(3, 0)(4, 1)(8, 7)(9, 9)(11, 10)(12, 13)
8fb97b98e2f27c9f162d6c1d6c27806c84af8e8d.flv,9c1d7e91288e07083e4456f8fe6b771aba039ed1.flv	(2, 0)(3, 1)(5, 4)(6, 6)(7, 7)(8, 8)(9, 9)(10, 11)(11, 13)(12, 14)(13, 15)(14, 16)(15, 17)
8fb97b98e2f27c9f162d6c1d6c27806c84af8e8d.flv,b3205b97de392174f3905831fc0dba5724fdabf1.flv	(3, 0)(4, 1)(5, 3)(6, 4)(8, 7)(9, 8)(11, 10)(12, 13)(13, 14)(14, 15)(15, 16)
8fb97b98e2f27c9f162d6c1d6c27806c84af8e8d.flv,b581ea1130d0c4c9af02e98dcb887cb8d58350e8.flv	(2, 0)(3, 1)(4, 2)(5, 3)(6, 4)(7, 6)(8, 7)(12, 12)(13, 13)
8fb97b98e2f27c9f162d6c1d6c27806c84af8e8d.flv,bbdbe357f408fb84d5f57c1522a90504f3162d6f.flv	(4, 2)
8fb97b98e2f27c9f162d6c1d6c27806c84af8e8d.flv,bbdbe357f408fb84d5f57c1522a90504f3162d6f.flv	(7, 6)(8, 6)
8fb97b98e2f27c9f162d6c1d6c27806c84af8e8d.flv,bbdbe357f408fb84d5f57c1522a90504f3162d6f.flv	(8, 7)
8fb97b98e2f27c9f162d6c1d6c27806c84af8e8d.flv,bbdbe357f408fb84d5f57c1522a90504f3162d6f.flv	(11, 9)
8fb97b98e2f27c9f162d6c1d6c27806c84af8e8d.flv,be51dbc2d72ae574934de1b972b18037dba73b8e.flv	(2, 0)(3, 1)(4, 2)(5, 4)(6, 5)(8, 9)(11, 11)(12, 12)(14, 14)(15, 16)
8fb97b98e2f27c9f162d6c1d6c27806c84af8e8d.flv,bf9df08bb9164d1b971557a9b9f6140096c92b0c.mp4	(6, 40)(8, 41)
8fb97b98e2f27c9f162d6c1d6c27806c84af8e8d.flv,cac9dff859597360de5a5f011139c845c0d08e6c.flv	(2, 0)(3, 1)(5, 4)(6, 5)(7, 6)(8, 7)(9, 8)(10, 10)(11, 11)(12, 12)(13, 13)(14, 14)(15, 15)
8fb97b98e2f27c9f162d6c1d6c27806c84af8e8d.flv,caec7bae88f5b5d60a08487e9d9a8cd27251c64e.flv	(2, 4)(3, 5)(5, 8)(7, 12)(8, 13)(9, 14)(10, 16)(11, 17)(12, 18)(15, 22)
8fb97b98e2f27c9f162d6c1d6c27806c84af8e8d.flv,f7ba4ea780e11256ed5439e33d169eb242a8a18f.flv	(6, 3)
97429f47c45ec4da9849b7f4df36e22939649158.mp4,97429f47c45ec4da9849b7f4df36e22939649158.mp4	(0, 0)(1, 1)(2, 2)(3, 3)(4, 4)(5, 5)(6, 6)(7, 7)(8, 8)(9, 9)(10, 10)(11, 11)(12, 12)(13, 13)
97429f47c45ec4da9849b7f4df36e22939649158.mp4,9c1d7e91288e07083e4456f8fe6b771aba039ed1.flv	(0, 0)(0, 1)(1, 2)(3, 5)(4, 6)(7, 8)(10, 13)(12, 14)(13, 14)
97429f47c45ec4da9849b7f4df36e22939649158.mp4,b3205b97de392174f3905831fc0dba5724fdabf1.flv	(0, 0)(1, 1)(7, 7)(9, 8)(10, 10)(12, 12)(13, 13)
97429f47c45ec4da9849b7f4df36e22939649158.mp4,b581ea1130d0c4c9af02e98dcb887cb8d58350e8.flv	(0, 0)(0, 1)(1, 2)(10, 10)(13, 12)
97429f47c45ec4da9849b7f4df36e22939649158.mp4,bbdbe357f408fb84d5f57c1522a90504f3162d6f.flv	(1, 2)(2, 2)
97429f47c45ec4da9849b7f4df36e22939649158.mp4,bbdbe357f408fb84d5f57c1522a90504f3162d6f.flv	(9, 9)
97429f47c45ec4da9849b7f4df36e22939649158.mp4,be51dbc2d72ae574934de1b972b18037dba73b8e.flv	(0, 1)(1, 2)(10, 11)(13, 12)
97429f47c45ec4da9849b7f4df36e22939649158.mp4,bf9df08bb9164d1b971557a9b9f6140096c92b0c.mp4	(7, 41)
97429f47c45ec4da9849b7f4df36e22939649158.mp4,cac9dff859597360de5a5f011139c845c0d08e6c.flv	(0, 0)(0, 1)(1, 2)(7, 7)(10, 11)(12, 12)(13, 12)
97429f47c45ec4da9849b7f4df36e22939649158.mp4,caec7bae88f5b5d60a08487e9d9a8cd27251c64e.flv	(0, 4)(0, 5)(1, 6)(2, 8)(3, 9)(4, 10)(7, 13)(10, 17)(12, 18)
97429f47c45ec4da9849b7f4df36e22939649158.mp4,f7ba4ea780e11256ed5439e33d169eb242a8a18f.flv	(10, 4)
9c1d7e91288e07083e4456f8fe6b771aba039ed1.flv,9c1d7e91288e07083e4456f8fe6b771aba039ed1.flv	(0, 0)(1, 1)(2, 2)(3, 3)(4, 4)(5, 5)(6, 6)(7, 7)(8, 8)(9, 9)(10, 10)(11, 11)(12, 12)(13, 13)(14, 14)(15, 15)(16, 16)(17, 17)
9c1d7e91288e07083e4456f8fe6b771aba039ed1.flv,b3205b97de392174f3905831fc0dba5724fdabf1.flv	(1, 0)(2, 1)(4, 3)(6, 5)(8, 7)(9, 8)(14, 13)(16, 15)(17, 16)
9c1d7e91288e07083e4456f8fe6b771aba039ed1.flv,b581ea1130d0c4c9af02e98dcb887cb8d58350e8.flv	(0, 0)(1, 1)(4, 3)(5, 4)(6, 5)(7, 6)(8, 7)(10, 8)(14, 12)(15, 13)(16, 13)
9c1d7e91288e07083e4456f8fe6b771aba039ed1.flv,bbdbe357f408fb84d5f57c1522a90504f3162d6f.flv	(3, 2)
9c1d7e91288e07083e4456f8fe6b771aba039ed1.flv,bbdbe357f408fb84d5f57c1522a90504f3162d6f.flv	(7, 6)(8, 6)
9c1d7e91288e07083e4456f8fe6b771aba039ed1.flv,bbdbe357f408fb84d5f57c1522a90504f3162d6f.flv	(8, 7)
9c1d7e91288e07083e4456f8fe6b771aba039ed1.flv,bbdbe357f408fb84d5f57c1522a90504f3162d6f.flv	(12, 9)
9c1d7e91288e07083e4456f8fe6b771aba039ed1.flv,be51dbc2d72ae574934de1b972b18037dba73b8e.flv	(0, 0)(1, 1)(2, 2)(4, 4)(6, 6)(8, 9)(13, 11)
9c1d7e91288e07083e4456f8fe6b771aba039ed1.flv,bf9df08bb9164d1b971557a9b9f6140096c92b0c.mp4	(6, 40)(8, 41)
9c1d7e91288e07083e4456f8fe6b771aba039ed1.flv,cac9dff859597360de5a5f011139c845c0d08e6c.flv	(0, 0)(1, 1)(2, 2)(3, 3)(4, 4)(6, 5)(7, 6)(8, 7)(9, 8)(10, 9)(11, 10)(13, 11)(14, 12)(15, 13)(16, 14)(17, 15)
9c1d7e91288e07083e4456f8fe6b771aba039ed1.flv,caec7bae88f5b5d60a08487e9d9a8cd27251c64e.flv	(0, 4)(1, 5)(2, 6)(3, 7)(4, 8)(5, 9)(6, 10)(7, 12)(8, 13)(9, 14)(10, 15)(11, 16)(13, 17)(14, 18)(15, 19)(16, 20)(17, 22)
9c1d7e91288e07083e4456f8fe6b771aba039ed1.flv,f7ba4ea780e11256ed5439e33d169eb242a8a18f.flv	(6, 3)
b3205b97de392174f3905831fc0dba5724fdabf1.flv,b3205b97de392174f3905831fc0dba5724fdabf1.flv	(0, 0)(1, 1)(2, 2)(3, 3)(4, 4)(5, 5)(6, 6)(7, 7)(8, 8)(9, 9)(10, 10)(11, 11)(12, 12)(13, 13)(14, 14)(15, 15)(16, 16)
b3205b97de392174f3905831fc0dba5724fdabf1.flv,b581ea1130d0c4c9af02e98dcb887cb8d58350e8.flv	(0, 1)(1, 2)(3, 3)(4, 4)(5, 5)(7, 7)(10, 10)(11, 11)(13, 12)(14, 13)
b3205b97de392174f3905831fc0dba5724fdabf1.flv,bbdbe357f408fb84d5f57c1522a90504f3162d6f.flv	(1, 2)
b3205b97de392174f3905831fc0dba5724fdabf1.flv,bbdbe357f408fb84d5f57c1522a90504f3162d6f.flv	(6, 6)
b3205b97de392174f3905831fc0dba5724fdabf1.flv,bbdbe357f408fb84d5f57c1522a90504f3162d6f.flv	(7, 7)
b3205b97de392174f3905831fc0dba5724fdabf1.flv,bbdbe357f408fb84d5f57c1522a90504f3162d6f.flv	(10, 9)
b3205b97de392174f3905831fc0dba5724fdabf1.flv,be51dbc2d72ae574934de1b972b18037dba73b8e.flv	(0, 1)(1, 2)(2, 3)(3, 4)(4, 5)(5, 6)(6, 7)(7, 9)(9, 10)(13, 12)(15, 14)(16, 16)
b3205b97de392174f3905831fc0dba5724fdabf1.flv,bf9df08bb9164d1b971557a9b9f6140096c92b0c.mp4	(7, 41)
b3205b97de392174f3905831fc0dba5724fdabf1.flv,cac9dff859597360de5a5f011139c845c0d08e6c.flv	(0, 1)(1, 2)(3, 4)(4, 5)(7, 7)(8, 8)(10, 11)(13, 12)(15, 14)(16, 15)
b3205b97de392174f3905831fc0dba5724fdabf1.flv,caec7bae88f5b5d60a08487e9d9a8cd27251c64e.flv	(0, 5)(1, 6)(3, 8)(4, 9)(5, 11)(7, 13)(8, 14)(10, 17)(16, 22)
b3205b97de392174f3905831fc0dba5724fdabf1.flv,f7ba4ea780e11256ed5439e33d169eb242a8a18f.flv	
b581ea1130d0c4c9af02e98dcb887cb8d58350e8.flv,b581ea1130d0c4c9af02e98dcb887cb8d58350e8.flv	(0, 0)(1, 1)(2, 2)(3, 3)(4, 4)(5, 5)(6, 6)(7, 7)(8, 8)(9, 9)(10, 10)(11, 11)(12, 12)(13, 13)(14, 14)(15, 15)(16, 16)(17, 17)
b581ea1130d0c4c9af02e98dcb887cb8d58350e8.flv,bbdbe357f408fb84d5f57c1522a90504f3162d6f.flv	(2, 2)
b581ea1130d0c4c9af02e98dcb887cb8d58350e8.flv,bbdbe357f408fb84d5f57c1522a90504f3162d6f.flv	(6, 6)(7, 6)
b581ea1130d0c4c9af02e98dcb887cb8d58350e8.flv,bbdbe357f408fb84d5f57c1522a90504f3162d6f.flv	(7, 7)
b581ea1130d0c4c9af02e98dcb887cb8d58350e8.flv,bbdbe357f408fb84d5f57c1522a90504f3162d6f.flv	(10, 9)
b581ea1130d0c4c9af02e98dcb887cb8d58350e8.flv,be51dbc2d72ae574934de1b972b18037dba73b8e.flv	(0, 0)(1, 1)(2, 2)(3, 4)(4, 5)(5, 6)(6, 8)(7, 9)(8, 10)(12, 12)
b581ea1130d0c4c9af02e98dcb887cb8d58350e8.flv,bf9df08bb9164d1b971557a9b9f6140096c92b0c.mp4	(5, 40)(7, 41)
b581ea1130d0c4c9af02e98dcb887cb8d58350e8.flv,cac9dff859597360de5a5f011139c845c0d08e6c.flv	(1, 0)(7, 7)(14, 14)
b581ea1130d0c4c9af02e98dcb887cb8d58350e8.flv,caec7bae88f5b5d60a08487e9d9a8cd27251c64e.flv	(0, 4)(1, 5)(3, 8)(4, 9)(5, 11)(6, 12)(7, 13)(8, 15)(10, 17)(12, 18)(13, 20)
b581ea1130d0c4c9af02e98dcb887cb8d58350e8.flv,f7ba4ea780e11256ed5439e33d169eb242a8a18f.flv	(4, 3)
bbdbe357f408fb84d5f57c1522a90504f3162d6f.flv,bbdbe357f408fb84d5f57c1522a90504f3162d6f.flv	(0, 0)(1, 1)(2, 2)(3, 3)(4, 4)(5, 5)(6, 6)(7, 7)(8, 8)(9, 9)(10, 10)(11, 11)(12, 12)
bbdbe357f408fb84d5f57c1522a90504f3162d6f.flv,be51dbc2d72ae574934de1b972b18037dba73b8e.flv	(2, 2)
bbdbe357f408fb84d5f57c1522a90504f3162d6f.flv,be51dbc2d72ae574934de1b972b18037dba73b8e.flv	(6, 8)
bbdbe357f408fb84d5f57c1522a90504f3162d6f.flv,be51dbc2d72ae574934de1b972b18037dba73b8e.flv	(7, 9)
bbdbe357f408fb84d5f57c1522a90504f3162d6f.flv,be51dbc2d72ae574934de1b972b18037dba73b8e.flv	(9, 11)
bbdbe357f408fb84d5f57c1522a90504f3162d6f.flv,bf9df08bb9164d1b971557a9b9f6140096c92b0c.mp4	(6, 40)
bbdbe357f408fb84d5f57c1522a90504f3162d6f.flv,bf9df08bb9164d1b971557a9b9f6140096c92b0c.mp4	(7, 41)
bbdbe357f408fb84d5f57c1522a90504f3162d6f.flv,cac9dff859597360de5a5f011139c845c0d08e6c.flv	(2, 3)
bbdbe357f408fb84d5f57c1522a90504f3162d6f.flv,cac9dff859597360de5a5f011139c845c0d08e6c.flv	(6, 6)(6, 7)
bbdbe357f408fb84d5f57c1522a90504f3162d6f.flv,cac9dff859597360de5a5f011139c845c0d08e6c.flv	(7, 7)
bbdbe357f408fb84d5f57c1522a90504f3162d6f.flv,cac9dff859597360de5a5f011139c845c0d08e6c.flv	(9, 11)
bbdbe357f408fb84d5f57c1522a90504f3162d6f.flv,caec7bae88f5b5d60a08487e9d9a8cd27251c64e.flv	(2, 7)
bbdbe357f408fb84d5f57c1522a90504f3162d6f.flv,caec7bae88f5b5d60a08487e9d9a8cd27251c64e.flv	(6, 12)(6, 13)
bbdbe357f408fb84d5f57c1522a90504f3162d6f.flv,caec7bae88f5b5d60a08487e9d9a8cd27251c64e.flv	(7, 13)
bbdbe357f408fb84d5f57c1522a90504f3162d6f.flv,caec7bae88f5b5d60a08487e9d9a8cd27251c64e.flv	(9, 17)
be51dbc2d72ae574934de1b972b18037dba73b8e.flv,be51dbc2d72ae574934de1b972b18037dba73b8e.flv	(0, 0)(1, 1)(2, 2)(3, 3)(4, 4)(5, 5)(6, 6)(7, 7)(8, 8)(9, 9)(10, 10)(11, 11)(12, 12)(13, 13)(14, 14)(15, 15)(16, 16)
be51dbc2d72ae574934de1b972b18037dba73b8e.flv,bf9df08bb9164d1b971557a9b9f6140096c92b0c.mp4	(9, 41)
be51dbc2d72ae574934de1b972b18037dba73b8e.flv,cac9dff859597360de5a5f011139c845c0d08e6c.flv	(0, 0)(1, 1)(2, 2)(4, 4)(5, 5)(9, 7)(11, 11)
be51dbc2d72ae574934de1b972b18037dba73b8e.flv,caec7bae88f5b5d60a08487e9d9a8cd27251c64e.flv	(0, 4)(1, 5)(2, 6)(4, 8)(5, 9)(9, 13)(11, 17)
be51dbc2d72ae574934de1b972b18037dba73b8e.flv,f7ba4ea780e11256ed5439e33d169eb242a8a18f.flv	
bf9df08bb9164d1b971557a9b9f6140096c92b0c.mp4,bf9df08bb9164d1b971557a9b9f6140096c92b0c.mp4	(0, 0)(1, 1)(2, 2)(3, 3)(4, 4)(5, 5)(6, 6)(7, 7)(8, 8)(9, 9)(10, 10)(11, 11)(12, 12)(13, 13)(14, 14)(15, 15)(16, 16)(17, 17)(18, 18)(19, 19)(20, 20)(21, 21)(22, 22)(23, 23)(24, 24)(25, 25)(26, 26)(27, 27)(28, 28)(29, 29)(30, 30)(31, 31)(32, 32)(33, 33)(34, 34)(35, 35)(36, 36)(37, 37)(38, 38)(39, 39)(40, 40)(41, 41)(42, 42)(43, 43)(44, 44)(45, 45)(46, 46)(47, 47)
bf9df08bb9164d1b971557a9b9f6140096c92b0c.mp4,cac9dff859597360de5a5f011139c845c0d08e6c.flv	(40, 5)(41, 7)
bf9df08bb9164d1b971557a9b9f6140096c92b0c.mp4,caec7bae88f5b5d60a08487e9d9a8cd27251c64e.flv	(40, 11)(41, 13)
cac9dff859597360de5a5f011139c845c0d08e6c.flv,cac9dff859597360de5a5f011139c845c0d08e6c.flv	(0, 0)(1, 1)(2, 2)(3, 3)(4, 4)(5, 5)(6, 6)(7, 7)(8, 8)(9, 9)(10, 10)(11, 11)(12, 12)(13, 13)(14, 14)(15, 15)
cac9dff859597360de5a5f011139c845c0d08e6c.flv,caec7bae88f5b5d60a08487e9d9a8cd27251c64e.flv	(0, 4)(1, 5)(2, 6)(3, 7)(4, 8)(6, 12)(7, 13)(8, 14)(9, 15)(10, 16)(11, 17)(12, 18)(13, 19)(14, 20)(15, 22)
cac9dff859597360de5a5f011139c845c0d08e6c.flv,f7ba4ea780e11256ed5439e33d169eb242a8a18f.flv	
caec7bae88f5b5d60a08487e9d9a8cd27251c64e.flv,caec7bae88f5b5d60a08487e9d9a8cd27251c64e.flv	(0, 0)(1, 1)(2, 2)(3, 3)(4, 4)(5, 5)(6, 6)(7, 7)(8, 8)(9, 9)(10, 10)(11, 11)(12, 12)(13, 13)(14, 14)(15, 15)(16, 16)(17, 17)(18, 18)(19, 19)(20, 20)(21, 21)(22, 22)(23, 23)(24, 24)(25, 25)(26, 26)(27, 27)(28, 28)(29, 29)(30, 30)(31, 31)(32, 32)(33, 33)(34, 34)(35, 35)(36, 36)(37, 37)(38, 38)(39, 39)(40, 40)
caec7bae88f5b5d60a08487e9d9a8cd27251c64e.flv,f7ba4ea780e11256ed5439e33d169eb242a8a18f.flv	
f7ba4ea780e11256ed5439e33d169eb242a8a18f.flv,f7ba4ea780e11256ed5439e33d169eb242a8a18f.flv	(0, 0)(1, 1)(2, 2)(3, 3)(4, 4)(5, 5)(6, 6)(7, 7)(8, 8)(9, 9)(10, 10)(11, 11)(12, 12)(13, 13)(14, 14)(15, 15)(16, 16)(17, 17)(18, 18)(19, 19)(20, 20)(21, 21)(22, 22)(23, 23)(24, 24)(25, 25)(26, 26)(27, 27)(28, 28)(29, 29)(30, 30)(31, 31)(32, 32)(33, 33)(34, 34)(35, 35)(36, 36)(37, 37)(38, 38)(39, 39)(40, 40)(41, 41)
