007d931e5f8d6dc6367964748ed862739425303b.flv,007d931e5f8d6dc6367964748ed862739425303b.flv	(0, 0)(1, 1)(2, 2)(3, 3)(4, 4)(5, 5)(6, 6)(7, 7)(8, 8)(9, 9)(10, 10)(11, 11)(12, 12)(13, 13)(14, 14)(15, 15)(16, 16)(17, 17)(18, 18)
007d931e5f8d6dc6367964748ed862739425303b.flv,031dacfeacdc715e755c01f4d37b49577336006e.mp4	(11, 4)(12, 5)
007d931e5f8d6dc6367964748ed862739425303b.flv,031dacfeacdc715e755c01f4d37b49577336006e.mp4	(12, 0)(13, 1)(14, 2)(15, 4)
007d931e5f8d6dc6367964748ed862739425303b.flv,23254771545e5d278548ba02d25d32add952b2a4.flv	(12, 8)
007d931e5f8d6dc6367964748ed862739425303b.flv,23254771545e5d278548ba02d25d32add952b2a4.flv	(12, 2)(14, 5)(15, 7)
007d931e5f8d6dc6367964748ed862739425303b.flv,2620a515a196e5d4329f320f478010e578980bee.flv	
007d931e5f8d6dc6367964748ed862739425303b.flv,434cbcdf0562eb6c5ccdef59cf3401ed1067112c.flv	(0, 0)(1, 1)(3, 2)(5, 3)(6, 4)(7, 6)(10, 7)(11, 8)(12, 9)(13, 10)(14, 11)(15, 12)(16, 13)(17, 14)(18, 15)
007d931e5f8d6dc6367964748ed862739425303b.flv,468410600142c136d707b4cbc3ff0703c112575d.flv	(12, 5)
007d931e5f8d6dc6367964748ed862739425303b.flv,468410600142c136d707b4cbc3ff0703c112575d.flv	(12, 0)(13, 1)(14, 2)(15, 4)
007d931e5f8d6dc6367964748ed862739425303b.flv,4a79c873b671f3452afde9d247250d8c3776e7c6.flv	(12, 5)
007d931e5f8d6dc6367964748ed862739425303b.flv,4a79c873b671f3452afde9d247250d8c3776e7c6.flv	(12, 0)(13, 1)(14, 2)(15, 4)
007d931e5f8d6dc6367964748ed862739425303b.flv,67f1feff7f624cf0b9ac2ebaf49f547a922b4971.flv	(0, 0)(1, 1)(2, 2)(3, 3)(5, 5)(7, 6)(10, 7)(11, 8)(12, 9)(13, 10)(14, 11)(16, 13)(17, 14)(18, 15)
007d931e5f8d6dc6367964748ed862739425303b.flv,68868f88c7c8f4887bf441ea1f61500dbcd1da5b.flv	(0, 0)(1, 1)(3, 2)(5, 4)(6, 5)(7, 6)(10, 8)(11, 9)(12, 10)(13, 11)(14, 12)(15, 13)(16, 15)(17, 16)(18, 17)
007d931e5f8d6dc6367964748ed862739425303b.flv,7a80366e144e759603a9ebecfd91848196e255d2.flv	(0, 1)(1, 2)(3, 4)(4, 5)(5, 6)(6, 7)(7, 9)(10, 12)(11, 13)(12, 14)(13, 15)(14, 16)(15, 17)(16, 18)(17, 19)(18, 20)
007d931e5f8d6dc6367964748ed862739425303b.flv,7deff9e47e47c98bb341c4355dfff9a82bfba221.flv	(12, 5)
007d931e5f8d6dc6367964748ed862739425303b.flv,7deff9e47e47c98bb341c4355dfff9a82bfba221.flv	(12, 0)(13, 1)(14, 2)(15, 3)
007d931e5f8d6dc6367964748ed862739425303b.flv,7e4fe3c124a00ce43ce0b5b0aca342d79e3c1ed7.flv	(0, 2)(1, 3)(2, 5)(3, 7)(4, 9)(5, 11)(6, 13)(7, 16)(8, 18)(10, 19)(11, 20)(12, 22)(13, 23)(14, 25)(15, 27)(16, 28)(17, 29)(18, 31)
007d931e5f8d6dc6367964748ed862739425303b.flv,aca39f299bade8a43abc80bac36d598239c63906.flv	(0, 0)(1, 1)(3, 3)(4, 4)(5, 5)(6, 6)(7, 7)(9, 8)(10, 9)(11, 10)(12, 11)(13, 12)(14, 13)(15, 14)(16, 15)(17, 16)(18, 17)
007d931e5f8d6dc6367964748ed862739425303b.flv,b22db6382d74710e88eb1cb50bf3f74bec402491.flv	(0, 3)(1, 4)(3, 5)(5, 7)(6, 8)(7, 10)(10, 11)(11, 12)(13, 14)(14, 15)(16, 17)(18, 18)
007d931e5f8d6dc6367964748ed862739425303b.flv,c224dece59ecedc0a54ddafe5b1ab0ecf1f7a729.flv	(4, 3)(5, 5)(6, 7)(7, 10)(8, 11)(9, 11)(10, 12)(11, 13)(12, 15)(13, 16)(14, 18)(15, 19)(16, 20)(17, 21)(18, 23)
007d931e5f8d6dc6367964748ed862739425303b.flv,c70491f4b4d4a8e90561c11ac929edf430e62641.flv	(0, 3)(1, 4)(3, 5)(4, 6)(5, 7)(7, 8)(10, 10)(11, 11)(12, 12)(13, 13)(14, 14)(15, 15)(16, 16)(17, 17)(18, 18)
007d931e5f8d6dc6367964748ed862739425303b.flv,e8e7aaf3d965501ca315099c1d2b4c8fe12cce68.flv	(7, 0)(10, 1)(11, 2)(12, 3)(13, 4)(14, 5)(15, 6)
007d931e5f8d6dc6367964748ed862739425303b.flv,e8e7aaf3d965501ca315099c1d2b4c8fe12cce68.flv	(18, 7)
031dacfeacdc715e755c01f4d37b49577336006e.mp4,031dacfeacdc715e755c01f4d37b49577336006e.mp4	(0, 0)(1, 1)(2, 2)(3, 3)(4, 4)(5, 5)
031dacfeacdc715e755c01f4d37b49577336006e.mp4,23254771545e5d278548ba02d25d32add952b2a4.flv	(0, 2)(2, 5)(3, 6)(4, 7)
031dacfeacdc715e755c01f4d37b49577336006e.mp4,23254771545e5d278548ba02d25d32add952b2a4.flv	(5, 2)
031dacfeacdc715e755c01f4d37b49577336006e.mp4,23254771545e5d278548ba02d25d32add952b2a4.flv	(5, 8)
031dacfeacdc715e755c01f4d37b49577336006e.mp4,2620a515a196e5d4329f320f478010e578980bee.flv	
031dacfeacdc715e755c01f4d37b49577336006e.mp4,2620a515a196e5d4329f320f478010e578980bee.flv	(5, 0)
031dacfeacdc715e755c01f4d37b49577336006e.mp4,434cbcdf0562eb6c5ccdef59cf3401ed1067112c.flv	(0, 9)(1, 10)(2, 11)(4, 12)
031dacfeacdc715e755c01f4d37b49577336006e.mp4,434cbcdf0562eb6c5ccdef59cf3401ed1067112c.flv	(5, 9)
031dacfeacdc715e755c01f4d37b49577336006e.mp4,468410600142c136d707b4cbc3ff0703c112575d.flv	(0, 0)(1, 1)(2, 2)(3, 3)(4, 4)(5, 5)
031dacfeacdc715e755c01f4d37b49577336006e.mp4,4a79c873b671f3452afde9d247250d8c3776e7c6.flv	(0, 0)(1, 1)(2, 2)(3, 3)(4, 4)(5, 5)
031dacfeacdc715e755c01f4d37b49577336006e.mp4,67f1feff7f624cf0b9ac2ebaf49f547a922b4971.flv	(0, 9)(1, 10)(2, 11)
031dacfeacdc715e755c01f4d37b49577336006e.mp4,67f1feff7f624cf0b9ac2ebaf49f547a922b4971.flv	(5, 9)
031dacfeacdc715e755c01f4d37b49577336006e.mp4,68868f88c7c8f4887bf441ea1f61500dbcd1da5b.flv	(0, 10)(1, 11)(2, 12)(4, 13)
031dacfeacdc715e755c01f4d37b49577336006e.mp4,68868f88c7c8f4887bf441ea1f61500dbcd1da5b.flv	(5, 10)
031dacfeacdc715e755c01f4d37b49577336006e.mp4,7a80366e144e759603a9ebecfd91848196e255d2.flv	(0, 14)(1, 15)(2, 16)(4, 17)
031dacfeacdc715e755c01f4d37b49577336006e.mp4,7a80366e144e759603a9ebecfd91848196e255d2.flv	(5, 14)
031dacfeacdc715e755c01f4d37b49577336006e.mp4,7deff9e47e47c98bb341c4355dfff9a82bfba221.flv	(0, 0)(1, 1)(2, 2)(4, 3)(5, 5)
031dacfeacdc715e755c01f4d37b49577336006e.mp4,7e4fe3c124a00ce43ce0b5b0aca342d79e3c1ed7.flv	(0, 22)(1, 23)(2, 25)(3, 26)(4, 27)
031dacfeacdc715e755c01f4d37b49577336006e.mp4,7e4fe3c124a00ce43ce0b5b0aca342d79e3c1ed7.flv	(5, 22)
031dacfeacdc715e755c01f4d37b49577336006e.mp4,aca39f299bade8a43abc80bac36d598239c63906.flv	(0, 11)(1, 12)(2, 13)(4, 14)
031dacfeacdc715e755c01f4d37b49577336006e.mp4,aca39f299bade8a43abc80bac36d598239c63906.flv	(4, 10)(5, 11)
031dacfeacdc715e755c01f4d37b49577336006e.mp4,b22db6382d74710e88eb1cb50bf3f74bec402491.flv	(0, 13)(1, 14)(2, 15)
031dacfeacdc715e755c01f4d37b49577336006e.mp4,b22db6382d74710e88eb1cb50bf3f74bec402491.flv	(4, 12)(5, 13)
031dacfeacdc715e755c01f4d37b49577336006e.mp4,c224dece59ecedc0a54ddafe5b1ab0ecf1f7a729.flv	(0, 15)(2, 18)(4, 19)
031dacfeacdc715e755c01f4d37b49577336006e.mp4,c224dece59ecedc0a54ddafe5b1ab0ecf1f7a729.flv	(5, 15)
031dacfeacdc715e755c01f4d37b49577336006e.mp4,c70491f4b4d4a8e90561c11ac929edf430e62641.flv	(0, 12)(1, 13)(2, 14)(4, 15)
031dacfeacdc715e755c01f4d37b49577336006e.mp4,c70491f4b4d4a8e90561c11ac929edf430e62641.flv	(5, 12)
031dacfeacdc715e755c01f4d37b49577336006e.mp4,e8e7aaf3d965501ca315099c1d2b4c8fe12cce68.flv	(0, 3)(1, 4)(2, 5)(4, 6)
031dacfeacdc715e755c01f4d37b49577336006e.mp4,e8e7aaf3d965501ca315099c1d2b4c8fe12cce68.flv	(5, 3)
23254771545e5d278548ba02d25d32add952b2a4.flv,23254771545e5d278548ba02d25d32add952b2a4.flv	(0, 0)(1, 1)(2, 2)(3, 3)(4, 4)(5, 5)(6, 6)(7, 7)(8, 8)(9, 9)(10, 10)(11, 11)(12, 12)(13, 13)(14, 14)
23254771545e5d278548ba02d25d32add952b2a4.flv,2620a515a196e5d4329f320f478010e578980bee.flv	
23254771545e5d278548ba02d25d32add952b2a4.flv,2620a515a196e5d4329f320f478010e578980bee.flv	(8, 0)
23254771545e5d278548ba02d25d32add952b2a4.flv,434cbcdf0562eb6c5ccdef59cf3401ed1067112c.flv	(2, 9)(5, 11)(7, 12)
23254771545e5d278548ba02d25d32add952b2a4.flv,434cbcdf0562eb6c5ccdef59cf3401ed1067112c.flv	(8, 9)
23254771545e5d278548ba02d25d32add952b2a4.flv,468410600142c136d707b4cbc3ff0703c112575d.flv	(2, 0)(3, 1)(5, 2)(7, 4)
23254771545e5d278548ba02d25d32add952b2a4.flv,468410600142c136d707b4cbc3ff0703c112575d.flv	(2, 5)
23254771545e5d278548ba02d25d32add952b2a4.flv,468410600142c136d707b4cbc3ff0703c112575d.flv	(8, 5)
23254771545e5d278548ba02d25d32add952b2a4.flv,4a79c873b671f3452afde9d247250d8c3776e7c6.flv	(2, 5)
23254771545e5d278548ba02d25d32add952b2a4.flv,4a79c873b671f3452afde9d247250d8c3776e7c6.flv	(2, 0)(3, 1)(5, 2)(7, 4)(8, 5)
23254771545e5d278548ba02d25d32add952b2a4.flv,4a79c873b671f3452afde9d247250d8c3776e7c6.flv	(8, 0)
23254771545e5d278548ba02d25d32add952b2a4.flv,67f1feff7f624cf0b9ac2ebaf49f547a922b4971.flv	(2, 9)
23254771545e5d278548ba02d25d32add952b2a4.flv,67f1feff7f624cf0b9ac2ebaf49f547a922b4971.flv	(8, 9)
23254771545e5d278548ba02d25d32add952b2a4.flv,68868f88c7c8f4887bf441ea1f61500dbcd1da5b.flv	(2, 10)(3, 11)(5, 12)(7, 13)
23254771545e5d278548ba02d25d32add952b2a4.flv,68868f88c7c8f4887bf441ea1f61500dbcd1da5b.flv	(8, 10)
23254771545e5d278548ba02d25d32add952b2a4.flv,7a80366e144e759603a9ebecfd91848196e255d2.flv	(2, 14)(3, 15)(5, 16)(7, 17)
23254771545e5d278548ba02d25d32add952b2a4.flv,7a80366e144e759603a9ebecfd91848196e255d2.flv	(8, 14)
23254771545e5d278548ba02d25d32add952b2a4.flv,7deff9e47e47c98bb341c4355dfff9a82bfba221.flv	(2, 0)(3, 1)(5, 2)(7, 3)
23254771545e5d278548ba02d25d32add952b2a4.flv,7deff9e47e47c98bb341c4355dfff9a82bfba221.flv	(8, 5)
23254771545e5d278548ba02d25d32add952b2a4.flv,7e4fe3c124a00ce43ce0b5b0aca342d79e3c1ed7.flv	(2, 22)(3, 23)(5, 25)(7, 27)
23254771545e5d278548ba02d25d32add952b2a4.flv,7e4fe3c124a00ce43ce0b5b0aca342d79e3c1ed7.flv	(8, 22)
23254771545e5d278548ba02d25d32add952b2a4.flv,aca39f299bade8a43abc80bac36d598239c63906.flv	(2, 11)(3, 12)(5, 13)(7, 14)
23254771545e5d278548ba02d25d32add952b2a4.flv,aca39f299bade8a43abc80bac36d598239c63906.flv	(8, 11)
23254771545e5d278548ba02d25d32add952b2a4.flv,b22db6382d74710e88eb1cb50bf3f74bec402491.flv	(2, 13)(3, 14)(5, 15)
23254771545e5d278548ba02d25d32add952b2a4.flv,b22db6382d74710e88eb1cb50bf3f74bec402491.flv	(8, 13)
23254771545e5d278548ba02d25d32add952b2a4.flv,c224dece59ecedc0a54ddafe5b1ab0ecf1f7a729.flv	(2, 15)(3, 16)(4, 17)(5, 18)(7, 19)
23254771545e5d278548ba02d25d32add952b2a4.flv,c224dece59ecedc0a54ddafe5b1ab0ecf1f7a729.flv	(8, 15)
23254771545e5d278548ba02d25d32add952b2a4.flv,c70491f4b4d4a8e90561c11ac929edf430e62641.flv	(2, 12)(5, 14)(7, 15)
23254771545e5d278548ba02d25d32add952b2a4.flv,c70491f4b4d4a8e90561c11ac929edf430e62641.flv	(8, 12)
23254771545e5d278548ba02d25d32add952b2a4.flv,e8e7aaf3d965501ca315099c1d2b4c8fe12cce68.flv	(2, 3)(3, 4)(5, 5)(7, 6)
23254771545e5d278548ba02d25d32add952b2a4.flv,e8e7aaf3d965501ca315099c1d2b4c8fe12cce68.flv	(8, 3)
2620a515a196e5d4329f320f478010e578980bee.flv,2620a515a196e5d4329f320f478010e578980bee.flv	(0, 0)(1, 1)
2620a515a196e5d4329f320f478010e578980bee.flv,434cbcdf0562eb6c5ccdef59cf3401ed1067112c.flv	
2620a515a196e5d4329f320f478010e578980bee.flv,468410600142c136d707b4cbc3ff0703c112575d.flv	(0, 5)
2620a515a196e5d4329f320f478010e578980bee.flv,468410600142c136d707b4cbc3ff0703c112575d.flv	
2620a515a196e5d4329f320f478010e578980bee.flv,4a79c873b671f3452afde9d247250d8c3776e7c6.flv	(0, 5)
2620a515a196e5d4329f320f478010e578980bee.flv,4a79c873b671f3452afde9d247250d8c3776e7c6.flv	
2620a515a196e5d4329f320f478010e578980bee.flv,67f1feff7f624cf0b9ac2ebaf49f547a922b4971.flv	
2620a515a196e5d4329f320f478010e578980bee.flv,68868f88c7c8f4887bf441ea1f61500dbcd1da5b.flv	
2620a515a196e5d4329f320f478010e578980bee.flv,7a80366e144e759603a9ebecfd91848196e255d2.flv	
2620a515a196e5d4329f320f478010e578980bee.flv,7deff9e47e47c98bb341c4355dfff9a82bfba221.flv	(0, 5)
2620a515a196e5d4329f320f478010e578980bee.flv,7deff9e47e47c98bb341c4355dfff9a82bfba221.flv	
2620a515a196e5d4329f320f478010e578980bee.flv,7e4fe3c124a00ce43ce0b5b0aca342d79e3c1ed7.flv	
2620a515a196e5d4329f320f478010e578980bee.flv,aca39f299bade8a43abc80bac36d598239c63906.flv	
2620a515a196e5d4329f320f478010e578980bee.flv,b22db6382d74710e88eb1cb50bf3f74bec402491.flv	
2620a515a196e5d4329f320f478010e578980bee.flv,c224dece59ecedc0a54ddafe5b1ab0ecf1f7a729.flv	
2620a515a196e5d4329f320f478010e578980bee.flv,c70491f4b4d4a8e90561c11ac929edf430e62641.flv	
2620a515a196e5d4329f320f478010e578980bee.flv,e8e7aaf3d965501ca315099c1d2b4c8fe12cce68.flv	
434cbcdf0562eb6c5ccdef59cf3401ed1067112c.flv,434cbcdf0562eb6c5ccdef59cf3401ed1067112c.flv	(0, 0)(1, 1)(2, 2)(3, 3)(4, 4)(5, 5)(6, 6)(7, 7)(8, 8)(9, 9)(10, 10)(11, 11)(12, 12)(13, 13)(14, 14)(15, 15)(16, 16)(17, 17)(18, 18)(19, 19)(20, 20)(21, 21)(22, 22)(23, 23)(24, 24)(25, 25)(26, 26)(27, 27)(28, 28)(29, 29)(30, 30)(31, 31)(32, 32)(33, 33)(34, 34)(35, 35)(36, 36)
434cbcdf0562eb6c5ccdef59cf3401ed1067112c.flv,468410600142c136d707b4cbc3ff0703c112575d.flv	(9, 5)
434cbcdf0562eb6c5ccdef59cf3401ed1067112c.flv,468410600142c136d707b4cbc3ff0703c112575d.flv	(9, 0)(10, 1)(11, 2)(12, 4)
434cbcdf0562eb6c5ccdef59cf3401ed1067112c.flv,4a79c873b671f3452afde9d247250d8c3776e7c6.flv	(9, 5)
434cbcdf0562eb6c5ccdef59cf3401ed1067112c.flv,4a79c873b671f3452afde9d247250d8c3776e7c6.flv	(9, 0)(10, 1)(11, 2)(12, 4)
434cbcdf0562eb6c5ccdef59cf3401ed1067112c.flv,67f1feff7f624cf0b9ac2ebaf49f547a922b4971.flv	(0, 0)(1, 1)(2, 3)(3, 5)(6, 6)(7, 7)(8, 8)(9, 9)(10, 10)(11, 11)(13, 13)(14, 14)(15, 15)
434cbcdf0562eb6c5ccdef59cf3401ed1067112c.flv,68868f88c7c8f4887bf441ea1f61500dbcd1da5b.flv	(0, 0)(1, 1)(2, 2)(3, 4)(4, 5)(6, 6)(7, 8)(8, 9)(9, 10)(10, 11)(11, 12)(12, 13)(13, 15)(14, 16)(15, 17)
434cbcdf0562eb6c5ccdef59cf3401ed1067112c.flv,7a80366e144e759603a9ebecfd91848196e255d2.flv	(0, 1)(1, 2)(2, 4)(3, 6)(4, 7)(6, 9)(7, 12)(8, 13)(9, 14)(10, 15)(11, 16)(12, 17)(13, 18)(14, 19)(15, 20)
434cbcdf0562eb6c5ccdef59cf3401ed1067112c.flv,7deff9e47e47c98bb341c4355dfff9a82bfba221.flv	(9, 5)
434cbcdf0562eb6c5ccdef59cf3401ed1067112c.flv,7deff9e47e47c98bb341c4355dfff9a82bfba221.flv	(9, 0)(10, 1)(11, 2)(12, 3)
434cbcdf0562eb6c5ccdef59cf3401ed1067112c.flv,7e4fe3c124a00ce43ce0b5b0aca342d79e3c1ed7.flv	(0, 2)(1, 3)(3, 11)(4, 13)(7, 19)(8, 20)(9, 22)(10, 23)(11, 25)(12, 27)(13, 28)(14, 29)(15, 31)
434cbcdf0562eb6c5ccdef59cf3401ed1067112c.flv,aca39f299bade8a43abc80bac36d598239c63906.flv	(0, 0)(1, 1)(2, 3)(3, 5)(4, 6)(6, 7)(7, 9)(8, 10)(9, 11)(10, 12)(11, 13)(12, 14)(13, 15)(14, 16)(15, 17)
434cbcdf0562eb6c5ccdef59cf3401ed1067112c.flv,b22db6382d74710e88eb1cb50bf3f74bec402491.flv	(0, 3)(1, 4)(2, 5)(3, 7)(4, 8)(6, 10)(7, 11)(8, 12)(10, 14)(11, 15)(13, 17)(15, 18)
434cbcdf0562eb6c5ccdef59cf3401ed1067112c.flv,c224dece59ecedc0a54ddafe5b1ab0ecf1f7a729.flv	(4, 7)(5, 8)(6, 10)(7, 12)(8, 13)(9, 15)(10, 16)(11, 18)(12, 19)(13, 20)(14, 21)(15, 23)
434cbcdf0562eb6c5ccdef59cf3401ed1067112c.flv,c70491f4b4d4a8e90561c11ac929edf430e62641.flv	(0, 3)(1, 4)(2, 5)(3, 7)(6, 8)(7, 10)(8, 11)(9, 12)(10, 13)(11, 14)(12, 15)(13, 16)(14, 17)(15, 18)
434cbcdf0562eb6c5ccdef59cf3401ed1067112c.flv,e8e7aaf3d965501ca315099c1d2b4c8fe12cce68.flv	(6, 0)(7, 1)(8, 2)(9, 3)(10, 4)(11, 5)(12, 6)(15, 7)
468410600142c136d707b4cbc3ff0703c112575d.flv,468410600142c136d707b4cbc3ff0703c112575d.flv	(0, 0)(1, 1)(2, 2)(3, 3)(4, 4)(5, 5)
468410600142c136d707b4cbc3ff0703c112575d.flv,4a79c873b671f3452afde9d247250d8c3776e7c6.flv	(0, 0)(1, 1)(2, 2)(3, 3)(4, 4)(5, 5)
468410600142c136d707b4cbc3ff0703c112575d.flv,67f1feff7f624cf0b9ac2ebaf49f547a922b4971.flv	(0, 9)(1, 10)(2, 11)
468410600142c136d707b4cbc3ff0703c112575d.flv,67f1feff7f624cf0b9ac2ebaf49f547a922b4971.flv	(5, 9)
468410600142c136d707b4cbc3ff0703c112575d.flv,68868f88c7c8f4887bf441ea1f61500dbcd1da5b.flv	(0, 10)(1, 11)(2, 12)(4, 13)
468410600142c136d707b4cbc3ff0703c112575d.flv,68868f88c7c8f4887bf441ea1f61500dbcd1da5b.flv	(5, 10)
468410600142c136d707b4cbc3ff0703c112575d.flv,7a80366e144e759603a9ebecfd91848196e255d2.flv	(0, 14)(1, 15)(2, 16)(4, 17)
468410600142c136d707b4cbc3ff0703c112575d.flv,7a80366e144e759603a9ebecfd91848196e255d2.flv	(5, 14)
468410600142c136d707b4cbc3ff0703c112575d.flv,7deff9e47e47c98bb341c4355dfff9a82bfba221.flv	(0, 0)(1, 1)(2, 2)(4, 3)(5, 5)
468410600142c136d707b4cbc3ff0703c112575d.flv,7e4fe3c124a00ce43ce0b5b0aca342d79e3c1ed7.flv	(0, 22)(1, 23)(2, 25)(4, 27)
468410600142c136d707b4cbc3ff0703c112575d.flv,7e4fe3c124a00ce43ce0b5b0aca342d79e3c1ed7.flv	(5, 22)
468410600142c136d707b4cbc3ff0703c112575d.flv,aca39f299bade8a43abc80bac36d598239c63906.flv	(0, 11)(1, 12)(2, 13)(4, 14)
468410600142c136d707b4cbc3ff0703c112575d.flv,aca39f299bade8a43abc80bac36d598239c63906.flv	(5, 11)
468410600142c136d707b4cbc3ff0703c112575d.flv,b22db6382d74710e88eb1cb50bf3f74bec402491.flv	(0, 13)(1, 14)(2, 15)
468410600142c136d707b4cbc3ff0703c112575d.flv,b22db6382d74710e88eb1cb50bf3f74bec402491.flv	(5, 13)
468410600142c136d707b4cbc3ff0703c112575d.flv,c224dece59ecedc0a54ddafe5b1ab0ecf1f7a729.flv	(0, 15)(1, 16)(2, 18)(4, 19)
468410600142c136d707b4cbc3ff0703c112575d.flv,c224dece59ecedc0a54ddafe5b1ab0ecf1f7a729.flv	(5, 15)
468410600142c136d707b4cbc3ff0703c112575d.flv,c70491f4b4d4a8e90561c11ac929edf430e62641.flv	(0, 12)(1, 13)(2, 14)(4, 15)
468410600142c136d707b4cbc3ff0703c112575d.flv,c70491f4b4d4a8e90561c11ac929edf430e62641.flv	(5, 12)
468410600142c136d707b4cbc3ff0703c112575d.flv,e8e7aaf3d965501ca315099c1d2b4c8fe12cce68.flv	(0, 3)(1, 4)(2, 5)(4, 6)
468410600142c136d707b4cbc3ff0703c112575d.flv,e8e7aaf3d965501ca315099c1d2b4c8fe12cce68.flv	(5, 3)
4a79c873b671f3452afde9d247250d8c3776e7c6.flv,4a79c873b671f3452afde9d247250d8c3776e7c6.flv	(0, 0)(1, 1)(2, 2)(3, 3)(4, 4)(5, 5)
4a79c873b671f3452afde9d247250d8c3776e7c6.flv,67f1feff7f624cf0b9ac2ebaf49f547a922b4971.flv	(0, 9)(1, 10)(2, 11)
4a79c873b671f3452afde9d247250d8c3776e7c6.flv,67f1feff7f624cf0b9ac2ebaf49f547a922b4971.flv	(5, 9)
4a79c873b671f3452afde9d247250d8c3776e7c6.flv,68868f88c7c8f4887bf441ea1f61500dbcd1da5b.flv	(0, 10)(1, 11)(2, 12)(4, 13)
4a79c873b671f3452afde9d247250d8c3776e7c6.flv,68868f88c7c8f4887bf441ea1f61500dbcd1da5b.flv	(5, 10)
4a79c873b671f3452afde9d247250d8c3776e7c6.flv,7a80366e144e759603a9ebecfd91848196e255d2.flv	(0, 14)(1, 15)(2, 16)(4, 17)
4a79c873b671f3452afde9d247250d8c3776e7c6.flv,7a80366e144e759603a9ebecfd91848196e255d2.flv	(5, 14)
4a79c873b671f3452afde9d247250d8c3776e7c6.flv,7deff9e47e47c98bb341c4355dfff9a82bfba221.flv	(0, 0)(1, 1)(2, 2)(4, 3)(5, 5)
4a79c873b671f3452afde9d247250d8c3776e7c6.flv,7e4fe3c124a00ce43ce0b5b0aca342d79e3c1ed7.flv	(0, 22)(1, 23)(2, 25)(4, 27)
4a79c873b671f3452afde9d247250d8c3776e7c6.flv,7e4fe3c124a00ce43ce0b5b0aca342d79e3c1ed7.flv	(5, 22)
4a79c873b671f3452afde9d247250d8c3776e7c6.flv,aca39f299bade8a43abc80bac36d598239c63906.flv	(0, 11)(1, 12)(2, 13)(4, 14)
4a79c873b671f3452afde9d247250d8c3776e7c6.flv,aca39f299bade8a43abc80bac36d598239c63906.flv	(5, 11)
4a79c873b671f3452afde9d247250d8c3776e7c6.flv,b22db6382d74710e88eb1cb50bf3f74bec402491.flv	(0, 13)(1, 14)(2, 15)
4a79c873b671f3452afde9d247250d8c3776e7c6.flv,b22db6382d74710e88eb1cb50bf3f74bec402491.flv	(5, 13)
4a79c873b671f3452afde9d247250d8c3776e7c6.flv,c224dece59ecedc0a54ddafe5b1ab0ecf1f7a729.flv	(0, 15)(1, 16)(2, 18)(4, 19)
4a79c873b671f3452afde9d247250d8c3776e7c6.flv,c224dece59ecedc0a54ddafe5b1ab0ecf1f7a729.flv	(5, 15)
4a79c873b671f3452afde9d247250d8c3776e7c6.flv,c70491f4b4d4a8e90561c11ac929edf430e62641.flv	(0, 12)(1, 13)(2, 14)(4, 15)
4a79c873b671f3452afde9d247250d8c3776e7c6.flv,c70491f4b4d4a8e90561c11ac929edf430e62641.flv	(5, 12)
4a79c873b671f3452afde9d247250d8c3776e7c6.flv,e8e7aaf3d965501ca315099c1d2b4c8fe12cce68.flv	(0, 3)(1, 4)(2, 5)(4, 6)
4a79c873b671f3452afde9d247250d8c3776e7c6.flv,e8e7aaf3d965501ca315099c1d2b4c8fe12cce68.flv	(5, 3)
67f1feff7f624cf0b9ac2ebaf49f547a922b4971.flv,67f1feff7f624cf0b9ac2ebaf49f547a922b4971.flv	(0, 0)(1, 1)(2, 2)(3, 3)(4, 4)(5, 5)(6, 6)(7, 7)(8, 8)(9, 9)(10, 10)(11, 11)(12, 12)(13, 13)(14, 14)(15, 15)
67f1feff7f624cf0b9ac2ebaf49f547a922b4971.flv,68868f88c7c8f4887bf441ea1f61500dbcd1da5b.flv	(0, 0)(1, 1)(3, 2)(4, 3)(5, 4)(6, 6)(7, 8)(8, 9)(9, 10)(10, 11)(11, 12)(12, 14)(13, 15)(14, 16)(15, 17)
67f1feff7f624cf0b9ac2ebaf49f547a922b4971.flv,7a80366e144e759603a9ebecfd91848196e255d2.flv	(0, 1)(1, 2)(3, 4)(5, 6)(6, 9)(7, 12)(8, 13)(9, 14)(10, 15)(11, 16)(13, 18)(14, 19)(15, 20)
67f1feff7f624cf0b9ac2ebaf49f547a922b4971.flv,7deff9e47e47c98bb341c4355dfff9a82bfba221.flv	(9, 5)
67f1feff7f624cf0b9ac2ebaf49f547a922b4971.flv,7deff9e47e47c98bb341c4355dfff9a82bfba221.flv	(9, 0)(10, 1)(11, 2)
67f1feff7f624cf0b9ac2ebaf49f547a922b4971.flv,7e4fe3c124a00ce43ce0b5b0aca342d79e3c1ed7.flv	(0, 2)(1, 3)(2, 5)(5, 11)(7, 19)(8, 20)(9, 22)(10, 23)(13, 28)(14, 29)(15, 31)
67f1feff7f624cf0b9ac2ebaf49f547a922b4971.flv,aca39f299bade8a43abc80bac36d598239c63906.flv	(0, 0)(1, 1)(3, 3)(5, 5)(6, 7)(7, 9)(8, 10)(9, 11)(10, 12)(11, 13)(13, 15)(14, 16)(15, 17)
67f1feff7f624cf0b9ac2ebaf49f547a922b4971.flv,b22db6382d74710e88eb1cb50bf3f74bec402491.flv	(0, 3)(1, 4)(3, 5)(5, 7)(6, 10)(8, 12)(10, 14)(11, 15)(12, 16)(13, 17)(15, 18)
67f1feff7f624cf0b9ac2ebaf49f547a922b4971.flv,c224dece59ecedc0a54ddafe5b1ab0ecf1f7a729.flv	(6, 10)(7, 12)(8, 13)(9, 15)(10, 16)(11, 18)(13, 20)(14, 21)(15, 23)
67f1feff7f624cf0b9ac2ebaf49f547a922b4971.flv,c70491f4b4d4a8e90561c11ac929edf430e62641.flv	(0, 3)(1, 4)(3, 5)(5, 7)(6, 8)(7, 10)(8, 11)(9, 12)(10, 13)(11, 14)(13, 16)(14, 17)(15, 18)
67f1feff7f624cf0b9ac2ebaf49f547a922b4971.flv,e8e7aaf3d965501ca315099c1d2b4c8fe12cce68.flv	(6, 0)(7, 1)(8, 2)(9, 3)(10, 4)(11, 5)(15, 7)
68868f88c7c8f4887bf441ea1f61500dbcd1da5b.flv,68868f88c7c8f4887bf441ea1f61500dbcd1da5b.flv	(0, 0)(1, 1)(2, 2)(3, 3)(4, 4)(5, 5)(6, 6)(7, 7)(8, 8)(9, 9)(10, 10)(11, 11)(12, 12)(13, 13)(14, 14)(15, 15)(16, 16)(17, 17)
68868f88c7c8f4887bf441ea1f61500dbcd1da5b.flv,7a80366e144e759603a9ebecfd91848196e255d2.flv	(0, 1)(1, 2)(2, 4)(4, 6)(5, 7)(6, 9)(7, 10)(8, 12)(9, 13)(10, 14)(11, 15)(12, 16)(13, 17)(15, 18)(16, 19)(17, 20)
68868f88c7c8f4887bf441ea1f61500dbcd1da5b.flv,7deff9e47e47c98bb341c4355dfff9a82bfba221.flv	(10, 5)
68868f88c7c8f4887bf441ea1f61500dbcd1da5b.flv,7deff9e47e47c98bb341c4355dfff9a82bfba221.flv	(10, 0)(11, 1)(12, 2)(13, 3)
68868f88c7c8f4887bf441ea1f61500dbcd1da5b.flv,7e4fe3c124a00ce43ce0b5b0aca342d79e3c1ed7.flv	(0, 2)(1, 3)(4, 11)(5, 13)(7, 18)(8, 19)(9, 20)(10, 22)(11, 23)(12, 25)(13, 27)(15, 28)(16, 29)(17, 31)
68868f88c7c8f4887bf441ea1f61500dbcd1da5b.flv,aca39f299bade8a43abc80bac36d598239c63906.flv	(0, 0)(1, 1)(2, 3)(4, 5)(5, 6)(6, 7)(7, 8)(8, 9)(9, 10)(10, 11)(11, 12)(12, 13)(13, 14)(15, 15)(16, 16)(17, 17)
68868f88c7c8f4887bf441ea1f61500dbcd1da5b.flv,b22db6382d74710e88eb1cb50bf3f74bec402491.flv	(0, 3)(1, 4)(2, 5)(4, 7)(5, 8)(6, 10)(9, 12)(11, 14)(12, 15)(14, 16)(15, 17)(17, 18)
68868f88c7c8f4887bf441ea1f61500dbcd1da5b.flv,c224dece59ecedc0a54ddafe5b1ab0ecf1f7a729.flv	(5, 7)(6, 10)(7, 11)(8, 12)(9, 13)(10, 15)(11, 16)(12, 18)(13, 19)(15, 20)(16, 21)(17, 23)
68868f88c7c8f4887bf441ea1f61500dbcd1da5b.flv,c70491f4b4d4a8e90561c11ac929edf430e62641.flv	(0, 3)(1, 4)(2, 5)(4, 7)(6, 8)(8, 10)(9, 11)(10, 12)(11, 13)(12, 14)(13, 15)(15, 16)(16, 17)(17, 18)
68868f88c7c8f4887bf441ea1f61500dbcd1da5b.flv,e8e7aaf3d965501ca315099c1d2b4c8fe12cce68.flv	(6, 0)(8, 1)(9, 2)(10, 3)(11, 4)(12, 5)(13, 6)(17, 7)
7a80366e144e759603a9ebecfd91848196e255d2.flv,7a80366e144e759603a9ebecfd91848196e255d2.flv	(1, 1)(2, 2)(3, 3)(4, 4)(5, 5)(6, 6)(7, 7)(8, 8)(9, 9)(10, 10)(11, 11)(12, 12)(13, 13)(14, 14)(15, 15)(16, 16)(17, 17)(18, 18)(19, 19)(20, 20)
7a80366e144e759603a9ebecfd91848196e255d2.flv,7deff9e47e47c98bb341c4355dfff9a82bfba221.flv	(14, 5)
7a80366e144e759603a9ebecfd91848196e255d2.flv,7deff9e47e47c98bb341c4355dfff9a82bfba221.flv	(14, 0)(15, 1)(16, 2)(17, 3)
7a80366e144e759603a9ebecfd91848196e255d2.flv,7e4fe3c124a00ce43ce0b5b0aca342d79e3c1ed7.flv	(1, 1)(2, 3)(5, 9)(6, 11)(7, 13)(8, 14)(9, 16)(10, 18)(12, 19)(13, 20)(14, 22)(15, 23)(16, 25)(17, 27)(18, 28)(19, 29)(20, 31)
7a80366e144e759603a9ebecfd91848196e255d2.flv,aca39f299bade8a43abc80bac36d598239c63906.flv	(1, 0)(2, 1)(3, 2)(4, 3)(5, 4)(6, 5)(7, 6)(9, 7)(10, 8)(12, 9)(13, 10)(14, 11)(15, 12)(16, 13)(17, 14)(18, 15)(19, 16)(20, 17)
7a80366e144e759603a9ebecfd91848196e255d2.flv,b22db6382d74710e88eb1cb50bf3f74bec402491.flv	(1, 2)(2, 4)(4, 5)(6, 7)(7, 8)(9, 10)(11, 11)(13, 12)(15, 14)(16, 15)(18, 17)(20, 18)
7a80366e144e759603a9ebecfd91848196e255d2.flv,c224dece59ecedc0a54ddafe5b1ab0ecf1f7a729.flv	(5, 3)(6, 5)(7, 7)(8, 8)(9, 10)(10, 11)(12, 12)(13, 13)(14, 15)(15, 16)(16, 18)(17, 19)(18, 20)(19, 21)(20, 23)
7a80366e144e759603a9ebecfd91848196e255d2.flv,c70491f4b4d4a8e90561c11ac929edf430e62641.flv	(1, 2)(2, 4)(4, 5)(5, 6)(6, 7)(9, 8)(11, 9)(12, 10)(13, 11)(14, 12)(15, 13)(16, 14)(17, 15)(18, 16)(19, 17)(20, 18)
7a80366e144e759603a9ebecfd91848196e255d2.flv,e8e7aaf3d965501ca315099c1d2b4c8fe12cce68.flv	(9, 0)(12, 1)(13, 2)(14, 3)(15, 4)(16, 5)(17, 6)(20, 7)
7deff9e47e47c98bb341c4355dfff9a82bfba221.flv,7deff9e47e47c98bb341c4355dfff9a82bfba221.flv	(0, 0)(1, 1)(2, 2)(3, 3)(4, 4)(5, 5)(6, 6)(7, 7)(8, 8)(9, 9)(10, 10)(11, 11)(12, 12)(13, 13)(14, 14)(15, 15)(16, 16)(17, 17)(18, 18)(19, 19)(20, 20)(21, 21)(22, 22)(23, 23)(24, 24)(25, 25)(26, 26)(27, 27)(28, 28)(29, 29)(30, 30)(31, 31)(32, 32)(33, 33)(34, 34)(35, 35)(36, 36)(37, 37)(38, 38)(39, 39)(40, 40)(41, 41)(42, 42)(43, 43)(44, 44)(45, 45)(46, 46)(47, 47)(48, 48)(49, 49)(50, 50)(51, 51)(52, 52)(53, 53)(54, 54)(55, 55)(56, 56)(57, 57)(58, 58)(59, 59)(60, 60)(61, 61)(62, 62)(63, 63)(64, 64)(65, 65)(66, 66)(67, 67)(68, 68)(69, 69)(70, 70)(71, 71)(72, 72)(73, 73)(74, 74)(75, 75)(76, 76)(77, 77)(78, 78)(79, 79)(80, 80)(81, 81)(82, 82)(83, 83)(84, 84)(85, 85)(86, 86)(87, 87)(88, 88)(89, 89)(90, 90)(91, 91)(92, 92)(93, 93)(94, 94)(95, 95)(96, 96)(97, 97)(98, 98)
7deff9e47e47c98bb341c4355dfff9a82bfba221.flv,7e4fe3c124a00ce43ce0b5b0aca342d79e3c1ed7.flv	(0, 22)(1, 23)(2, 25)(3, 27)
7deff9e47e47c98bb341c4355dfff9a82bfba221.flv,7e4fe3c124a00ce43ce0b5b0aca342d79e3c1ed7.flv	(5, 22)
7deff9e47e47c98bb341c4355dfff9a82bfba221.flv,aca39f299bade8a43abc80bac36d598239c63906.flv	(0, 11)(1, 12)(2, 13)(3, 14)
7deff9e47e47c98bb341c4355dfff9a82bfba221.flv,aca39f299bade8a43abc80bac36d598239c63906.flv	(5, 11)
7deff9e47e47c98bb341c4355dfff9a82bfba221.flv,b22db6382d74710e88eb1cb50bf3f74bec402491.flv	(0, 13)(1, 14)(2, 15)
7deff9e47e47c98bb341c4355dfff9a82bfba221.flv,b22db6382d74710e88eb1cb50bf3f74bec402491.flv	(5, 13)
7deff9e47e47c98bb341c4355dfff9a82bfba221.flv,c224dece59ecedc0a54ddafe5b1ab0ecf1f7a729.flv	(0, 15)(1, 16)(2, 18)(3, 19)
7deff9e47e47c98bb341c4355dfff9a82bfba221.flv,c224dece59ecedc0a54ddafe5b1ab0ecf1f7a729.flv	(5, 15)
7deff9e47e47c98bb341c4355dfff9a82bfba221.flv,c70491f4b4d4a8e90561c11ac929edf430e62641.flv	(0, 12)(1, 13)(2, 14)(3, 15)
7deff9e47e47c98bb341c4355dfff9a82bfba221.flv,c70491f4b4d4a8e90561c11ac929edf430e62641.flv	(5, 12)
7deff9e47e47c98bb341c4355dfff9a82bfba221.flv,e8e7aaf3d965501ca315099c1d2b4c8fe12cce68.flv	(0, 3)(1, 4)(2, 5)(3, 6)
7deff9e47e47c98bb341c4355dfff9a82bfba221.flv,e8e7aaf3d965501ca315099c1d2b4c8fe12cce68.flv	(5, 3)
7e4fe3c124a00ce43ce0b5b0aca342d79e3c1ed7.flv,7e4fe3c124a00ce43ce0b5b0aca342d79e3c1ed7.flv	(0, 0)(1, 1)(2, 2)(3, 3)(4, 4)(5, 5)(6, 6)(7, 7)(8, 8)(9, 9)(10, 10)(11, 11)(12, 12)(13, 13)(14, 14)(15, 15)(16, 16)(17, 17)(18, 18)(19, 19)(20, 20)(21, 21)(22, 22)(23, 23)(24, 24)(25, 25)(26, 26)(27, 27)(28, 28)(29, 29)(30, 30)(31, 31)(32, 32)
7e4fe3c124a00ce43ce0b5b0aca342d79e3c1ed7.flv,aca39f299bade8a43abc80bac36d598239c63906.flv	(2, 0)(3, 1)(4, 2)(9, 4)(11, 5)(13, 6)(18, 8)(19, 9)(20, 10)(22, 11)(23, 12)(25, 13)(27, 14)(28, 15)(29, 16)(31, 17)
7e4fe3c124a00ce43ce0b5b0aca342d79e3c1ed7.flv,b22db6382d74710e88eb1cb50bf3f74bec402491.flv	(1, 2)(2, 3)(3, 4)(11, 7)(13, 8)(19, 11)(20, 12)(23, 14)(28, 17)
7e4fe3c124a00ce43ce0b5b0aca342d79e3c1ed7.flv,c224dece59ecedc0a54ddafe5b1ab0ecf1f7a729.flv	(7, 1)(8, 2)(9, 3)(11, 5)(12, 6)(13, 7)(14, 9)(16, 10)(18, 11)(19, 12)(20, 13)(21, 14)(22, 15)(23, 16)(25, 18)(27, 19)(28, 20)(29, 21)(31, 23)
7e4fe3c124a00ce43ce0b5b0aca342d79e3c1ed7.flv,c70491f4b4d4a8e90561c11ac929edf430e62641.flv	(1, 2)(2, 3)(3, 4)(9, 6)(11, 7)(19, 10)(20, 11)(22, 12)(23, 13)(25, 14)(27, 15)(28, 16)(29, 17)(31, 18)
7e4fe3c124a00ce43ce0b5b0aca342d79e3c1ed7.flv,e8e7aaf3d965501ca315099c1d2b4c8fe12cce68.flv	(16, 0)(19, 1)(22, 3)(23, 4)(25, 5)(27, 6)
aca39f299bade8a43abc80bac36d598239c63906.flv,aca39f299bade8a43abc80bac36d598239c63906.flv	(0, 0)(1, 1)(2, 2)(3, 3)(4, 4)(5, 5)(6, 6)(7, 7)(8, 8)(9, 9)(10, 10)(11, 11)(12, 12)(13, 13)(14, 14)(15, 15)(16, 16)(17, 17)
aca39f299bade8a43abc80bac36d598239c63906.flv,b22db6382d74710e88eb1cb50bf3f74bec402491.flv	(0, 3)(1, 4)(3, 5)(5, 7)(6, 8)(7, 10)(9, 11)(10, 12)(11, 13)(12, 14)(13, 15)(15, 17)(17, 18)
aca39f299bade8a43abc80bac36d598239c63906.flv,c224dece59ecedc0a54ddafe5b1ab0ecf1f7a729.flv	(4, 3)(5, 5)(6, 7)(7, 10)(8, 11)(9, 12)(10, 13)(11, 15)(13, 18)(14, 19)(15, 20)(16, 21)(17, 23)
aca39f299bade8a43abc80bac36d598239c63906.flv,c70491f4b4d4a8e90561c11ac929edf430e62641.flv	(0, 3)(1, 4)(3, 5)(4, 6)(5, 7)(7, 8)(9, 10)(10, 11)(11, 12)(12, 13)(13, 14)(14, 15)(15, 16)(16, 17)(17, 18)
aca39f299bade8a43abc80bac36d598239c63906.flv,e8e7aaf3d965501ca315099c1d2b4c8fe12cce68.flv	(7, 0)(10, 2)(12, 4)(13, 5)(14, 6)(17, 7)
b22db6382d74710e88eb1cb50bf3f74bec402491.flv,b22db6382d74710e88eb1cb50bf3f74bec402491.flv	(0, 0)(1, 1)(2, 2)(3, 3)(4, 4)(5, 5)(6, 6)(7, 7)(8, 8)(9, 9)(10, 10)(11, 11)(12, 12)(13, 13)(14, 14)(15, 15)(16, 16)(17, 17)(18, 18)
b22db6382d74710e88eb1cb50bf3f74bec402491.flv,c224dece59ecedc0a54ddafe5b1ab0ecf1f7a729.flv	(8, 7)(10, 10)(11, 12)(12, 13)(13, 15)(14, 16)(15, 18)(17, 20)(18, 23)
b22db6382d74710e88eb1cb50bf3f74bec402491.flv,c70491f4b4d4a8e90561c11ac929edf430e62641.flv	(13, 12)(14, 13)(15, 14)
b22db6382d74710e88eb1cb50bf3f74bec402491.flv,e8e7aaf3d965501ca315099c1d2b4c8fe12cce68.flv	(10, 0)(12, 2)(15, 5)(18, 7)
c224dece59ecedc0a54ddafe5b1ab0ecf1f7a729.flv,c224dece59ecedc0a54ddafe5b1ab0ecf1f7a729.flv	(0, 0)(1, 1)(2, 2)(3, 3)(4, 4)(5, 5)(6, 6)(7, 7)(8, 8)(9, 9)(10, 10)(11, 11)(12, 12)(13, 13)(14, 14)(15, 15)(16, 16)(17, 17)(18, 18)(19, 19)(20, 20)(21, 21)(22, 22)(23, 23)
c224dece59ecedc0a54ddafe5b1ab0ecf1f7a729.flv,c70491f4b4d4a8e90561c11ac929edf430e62641.flv	(3, 6)(5, 7)(10, 8)(12, 10)(13, 11)(15, 12)(16, 13)(18, 14)(19, 15)(20, 16)(21, 17)(23, 18)
c224dece59ecedc0a54ddafe5b1ab0ecf1f7a729.flv,e8e7aaf3d965501ca315099c1d2b4c8fe12cce68.flv	(10, 0)(15, 3)(18, 5)(19, 6)(23, 7)
c70491f4b4d4a8e90561c11ac929edf430e62641.flv,c70491f4b4d4a8e90561c11ac929edf430e62641.flv	(0, 0)(1, 1)(2, 2)(3, 3)(4, 4)(5, 5)(6, 6)(7, 7)(8, 8)(9, 9)(10, 10)(11, 11)(12, 12)(13, 13)(14, 14)(15, 15)(16, 16)(17, 17)(18, 18)
c70491f4b4d4a8e90561c11ac929edf430e62641.flv,e8e7aaf3d965501ca315099c1d2b4c8fe12cce68.flv	(8, 0)(10, 1)(11, 2)(12, 3)(13, 4)(14, 5)(15, 6)(18, 7)
e8e7aaf3d965501ca315099c1d2b4c8fe12cce68.flv,e8e7aaf3d965501ca315099c1d2b4c8fe12cce68.flv	(0, 0)(1, 1)(2, 2)(3, 3)(4, 4)(5, 5)(6, 6)(7, 7)
