0df916fdd13b8579ba1d12190b931f14daeb72eb.flv,0df916fdd13b8579ba1d12190b931f14daeb72eb.flv	(0, 0)(1, 1)(2, 2)(3, 3)(4, 4)(5, 5)
0df916fdd13b8579ba1d12190b931f14daeb72eb.flv,1f518e563d7fcdc4f21aedc1e2b30298255dd10c.flv	(0, 0)(1, 1)(2, 2)(3, 3)(4, 5)(5, 6)
0df916fdd13b8579ba1d12190b931f14daeb72eb.flv,2283dfecf92111bfb035888b4810c011ac164876.flv	(5, 10)
0df916fdd13b8579ba1d12190b931f14daeb72eb.flv,2283dfecf92111bfb035888b4810c011ac164876.flv	(2, 13)(3, 14)
0df916fdd13b8579ba1d12190b931f14daeb72eb.flv,6a2f5ceaa65dd1187ff57ff1c1fccee9da91985b.flv	(0, 1)(1, 2)(2, 3)(3, 4)
0df916fdd13b8579ba1d12190b931f14daeb72eb.flv,80fd5c866390b8caf4129486e0f11beeca47d952.flv	(0, 0)(1, 1)(2, 2)(3, 3)(4, 4)(5, 7)
0df916fdd13b8579ba1d12190b931f14daeb72eb.flv,8a268ef5ad1f250fca37321ba2e9c9224b084dba.flv	(0, 3)(1, 4)(2, 5)(3, 7)(4, 8)
0df916fdd13b8579ba1d12190b931f14daeb72eb.flv,925a69d13824e3521d6eccbe8c6d7ff0c54486fe.flv	(0, 0)(2, 2)(5, 6)
0df916fdd13b8579ba1d12190b931f14daeb72eb.flv,a8253d279cbeb3a29bd346b63083c054eab1407a.flv	(0, 1)(1, 2)(2, 3)(3, 5)(4, 6)(5, 7)
0df916fdd13b8579ba1d12190b931f14daeb72eb.flv,acdf1a72b8cf37ee2609cdc03ff70747f36e0476.flv	(0, 0)(1, 1)(2, 2)(3, 3)(4, 4)(5, 5)
0df916fdd13b8579ba1d12190b931f14daeb72eb.flv,e05b9149d1a03f651df63b63657e7de1e106e061.flv	(0, 1)(1, 2)(2, 3)(3, 5)(4, 6)(5, 7)
0df916fdd13b8579ba1d12190b931f14daeb72eb.flv,e2cae9c5ef92cbb53d823cfeb4d75c294baed21c.flv	(0, 1)(1, 2)(2, 3)(3, 4)
1f518e563d7fcdc4f21aedc1e2b30298255dd10c.flv,1f518e563d7fcdc4f21aedc1e2b30298255dd10c.flv	(0, 0)(1, 1)(2, 2)(3, 3)(4, 4)(5, 5)(6, 6)
1f518e563d7fcdc4f21aedc1e2b30298255dd10c.flv,2283dfecf92111bfb035888b4810c011ac164876.flv	(6, 10)
1f518e563d7fcdc4f21aedc1e2b30298255dd10c.flv,2283dfecf92111bfb035888b4810c011ac164876.flv	(2, 13)(3, 14)(5, 15)
1f518e563d7fcdc4f21aedc1e2b30298255dd10c.flv,6a2f5ceaa65dd1187ff57ff1c1fccee9da91985b.flv	(0, 1)(2, 3)(3, 4)
1f518e563d7fcdc4f21aedc1e2b30298255dd10c.flv,80fd5c866390b8caf4129486e0f11beeca47d952.flv	(0, 0)(1, 1)(2, 2)(3, 3)(4, 4)(5, 6)(6, 7)
1f518e563d7fcdc4f21aedc1e2b30298255dd10c.flv,8a268ef5ad1f250fca37321ba2e9c9224b084dba.flv	(0, 3)(2, 5)(3, 7)(5, 8)
1f518e563d7fcdc4f21aedc1e2b30298255dd10c.flv,925a69d13824e3521d6eccbe8c6d7ff0c54486fe.flv	(0, 0)(2, 2)(6, 6)
1f518e563d7fcdc4f21aedc1e2b30298255dd10c.flv,a8253d279cbeb3a29bd346b63083c054eab1407a.flv	(0, 1)(1, 2)(2, 3)(3, 5)(5, 6)(6, 7)
1f518e563d7fcdc4f21aedc1e2b30298255dd10c.flv,acdf1a72b8cf37ee2609cdc03ff70747f36e0476.flv	(0, 0)(1, 1)(2, 2)(3, 3)(5, 4)(6, 5)
1f518e563d7fcdc4f21aedc1e2b30298255dd10c.flv,e05b9149d1a03f651df63b63657e7de1e106e061.flv	(0, 1)(1, 2)(2, 3)(3, 5)(5, 6)(6, 7)
1f518e563d7fcdc4f21aedc1e2b30298255dd10c.flv,e2cae9c5ef92cbb53d823cfeb4d75c294baed21c.flv	(0, 1)(2, 3)(3, 4)
2283dfecf92111bfb035888b4810c011ac164876.flv,2283dfecf92111bfb035888b4810c011ac164876.flv	(0, 0)(1, 1)(2, 2)(3, 3)(4, 4)(5, 5)(6, 6)(7, 7)(8, 8)(9, 9)(10, 10)(11, 11)(12, 12)(13, 13)(14, 14)(15, 15)(16, 16)(17, 17)(18, 18)
2283dfecf92111bfb035888b4810c011ac164876.flv,60424fb57dae4de20a1672b9019d54dea5179073.flv	(0, 2)(2, 6)(4, 13)(5, 15)
2283dfecf92111bfb035888b4810c011ac164876.flv,60424fb57dae4de20a1672b9019d54dea5179073.flv	(13, 7)(14, 8)
2283dfecf92111bfb035888b4810c011ac164876.flv,6a2f5ceaa65dd1187ff57ff1c1fccee9da91985b.flv	(7, 0)(8, 3)(9, 4)
2283dfecf92111bfb035888b4810c011ac164876.flv,6a2f5ceaa65dd1187ff57ff1c1fccee9da91985b.flv	(13, 3)(14, 4)
2283dfecf92111bfb035888b4810c011ac164876.flv,71ba3405d1e896d04c89754ff618b4198d2e65d5.flv	(1, 1)(2, 2)(5, 7)
2283dfecf92111bfb035888b4810c011ac164876.flv,71ba3405d1e896d04c89754ff618b4198d2e65d5.flv	(13, 3)(14, 5)(15, 6)
2283dfecf92111bfb035888b4810c011ac164876.flv,77452e0b0c34723b656047c3cbd5d9bf2e11eaaf.flv	(4, 8)
2283dfecf92111bfb035888b4810c011ac164876.flv,77452e0b0c34723b656047c3cbd5d9bf2e11eaaf.flv	(13, 4)
2283dfecf92111bfb035888b4810c011ac164876.flv,80fd5c866390b8caf4129486e0f11beeca47d952.flv	(10, 7)
2283dfecf92111bfb035888b4810c011ac164876.flv,80fd5c866390b8caf4129486e0f11beeca47d952.flv	(13, 2)(14, 3)
2283dfecf92111bfb035888b4810c011ac164876.flv,8a268ef5ad1f250fca37321ba2e9c9224b084dba.flv	(7, 2)
2283dfecf92111bfb035888b4810c011ac164876.flv,8a268ef5ad1f250fca37321ba2e9c9224b084dba.flv	(13, 5)(14, 7)(15, 8)
2283dfecf92111bfb035888b4810c011ac164876.flv,8b99b013165faa0c1cb36794f0d20d38a621f496.flv	(1, 0)(2, 1)(3, 3)(6, 5)
2283dfecf92111bfb035888b4810c011ac164876.flv,8b99b013165faa0c1cb36794f0d20d38a621f496.flv	(3, 2)(14, 4)(15, 5)
2283dfecf92111bfb035888b4810c011ac164876.flv,925a69d13824e3521d6eccbe8c6d7ff0c54486fe.flv	(7, 0)(8, 1)
2283dfecf92111bfb035888b4810c011ac164876.flv,925a69d13824e3521d6eccbe8c6d7ff0c54486fe.flv	(13, 2)(14, 4)(15, 6)
2283dfecf92111bfb035888b4810c011ac164876.flv,a8253d279cbeb3a29bd346b63083c054eab1407a.flv	(10, 7)
2283dfecf92111bfb035888b4810c011ac164876.flv,a8253d279cbeb3a29bd346b63083c054eab1407a.flv	(13, 3)(14, 5)(15, 6)
2283dfecf92111bfb035888b4810c011ac164876.flv,acdf1a72b8cf37ee2609cdc03ff70747f36e0476.flv	(10, 5)
2283dfecf92111bfb035888b4810c011ac164876.flv,acdf1a72b8cf37ee2609cdc03ff70747f36e0476.flv	(13, 2)(14, 3)
2283dfecf92111bfb035888b4810c011ac164876.flv,b1d0d41066ffb0afa9e3a3375199824f35a80c4d.flv	(1, 0)(2, 2)(5, 13)
2283dfecf92111bfb035888b4810c011ac164876.flv,b1d0d41066ffb0afa9e3a3375199824f35a80c4d.flv	(13, 3)(16, 13)
2283dfecf92111bfb035888b4810c011ac164876.flv,e05b9149d1a03f651df63b63657e7de1e106e061.flv	(10, 7)
2283dfecf92111bfb035888b4810c011ac164876.flv,e05b9149d1a03f651df63b63657e7de1e106e061.flv	(13, 3)(14, 5)(15, 6)
2283dfecf92111bfb035888b4810c011ac164876.flv,e2cae9c5ef92cbb53d823cfeb4d75c294baed21c.flv	(7, 0)(8, 1)(9, 4)
2283dfecf92111bfb035888b4810c011ac164876.flv,e2cae9c5ef92cbb53d823cfeb4d75c294baed21c.flv	(13, 3)(14, 4)
2283dfecf92111bfb035888b4810c011ac164876.flv,f6e296bfd930f585e165246530efa97bc035330f.flv	(3, 8)
2283dfecf92111bfb035888b4810c011ac164876.flv,f6e296bfd930f585e165246530efa97bc035330f.flv	(3, 11)(3, 12)
2283dfecf92111bfb035888b4810c011ac164876.flv,f6e296bfd930f585e165246530efa97bc035330f.flv	(3, 23)
2283dfecf92111bfb035888b4810c011ac164876.flv,f6e296bfd930f585e165246530efa97bc035330f.flv	
2283dfecf92111bfb035888b4810c011ac164876.flv,f6e296bfd930f585e165246530efa97bc035330f.flv	
2283dfecf92111bfb035888b4810c011ac164876.flv,f6e296bfd930f585e165246530efa97bc035330f.flv	(14, 8)
2283dfecf92111bfb035888b4810c011ac164876.flv,f6e296bfd930f585e165246530efa97bc035330f.flv	(13, 11)
2283dfecf92111bfb035888b4810c011ac164876.flv,f6e296bfd930f585e165246530efa97bc035330f.flv	(13, 23)(14, 24)
2283dfecf92111bfb035888b4810c011ac164876.flv,f6e296bfd930f585e165246530efa97bc035330f.flv	
2283dfecf92111bfb035888b4810c011ac164876.flv,f6e296bfd930f585e165246530efa97bc035330f.flv	
60424fb57dae4de20a1672b9019d54dea5179073.flv,60424fb57dae4de20a1672b9019d54dea5179073.flv	(0, 0)(1, 1)(2, 2)(3, 3)(4, 4)(5, 5)(6, 6)(7, 7)(8, 8)(9, 9)(10, 10)(11, 11)(12, 12)(13, 13)(14, 14)(15, 15)(16, 16)
60424fb57dae4de20a1672b9019d54dea5179073.flv,71ba3405d1e896d04c89754ff618b4198d2e65d5.flv	(7, 3)(15, 7)(16, 8)
60424fb57dae4de20a1672b9019d54dea5179073.flv,77452e0b0c34723b656047c3cbd5d9bf2e11eaaf.flv	(7, 4)(8, 6)
60424fb57dae4de20a1672b9019d54dea5179073.flv,8b99b013165faa0c1cb36794f0d20d38a621f496.flv	(5, 0)(7, 2)(8, 3)(15, 5)(16, 8)
60424fb57dae4de20a1672b9019d54dea5179073.flv,b1d0d41066ffb0afa9e3a3375199824f35a80c4d.flv	(5, 0)(6, 2)(7, 3)(8, 7)(9, 8)(13, 10)(14, 11)(15, 13)(16, 14)
60424fb57dae4de20a1672b9019d54dea5179073.flv,f6e296bfd930f585e165246530efa97bc035330f.flv	(16, 9)
60424fb57dae4de20a1672b9019d54dea5179073.flv,f6e296bfd930f585e165246530efa97bc035330f.flv	(7, 11)
60424fb57dae4de20a1672b9019d54dea5179073.flv,f6e296bfd930f585e165246530efa97bc035330f.flv	(7, 23)
60424fb57dae4de20a1672b9019d54dea5179073.flv,f6e296bfd930f585e165246530efa97bc035330f.flv	(9, 17)
60424fb57dae4de20a1672b9019d54dea5179073.flv,f6e296bfd930f585e165246530efa97bc035330f.flv	(8, 19)(9, 20)(12, 22)
6a2f5ceaa65dd1187ff57ff1c1fccee9da91985b.flv,6a2f5ceaa65dd1187ff57ff1c1fccee9da91985b.flv	(0, 0)(1, 1)(2, 2)(3, 3)(4, 4)
6a2f5ceaa65dd1187ff57ff1c1fccee9da91985b.flv,80fd5c866390b8caf4129486e0f11beeca47d952.flv	(1, 0)(2, 1)(3, 2)(4, 3)
6a2f5ceaa65dd1187ff57ff1c1fccee9da91985b.flv,8a268ef5ad1f250fca37321ba2e9c9224b084dba.flv	(0, 2)(1, 3)(2, 4)(3, 5)(4, 7)
6a2f5ceaa65dd1187ff57ff1c1fccee9da91985b.flv,925a69d13824e3521d6eccbe8c6d7ff0c54486fe.flv	(0, 0)(1, 1)(3, 2)(4, 4)
6a2f5ceaa65dd1187ff57ff1c1fccee9da91985b.flv,a8253d279cbeb3a29bd346b63083c054eab1407a.flv	(1, 1)(3, 3)(4, 5)
6a2f5ceaa65dd1187ff57ff1c1fccee9da91985b.flv,acdf1a72b8cf37ee2609cdc03ff70747f36e0476.flv	(1, 0)(2, 1)(3, 2)(4, 3)
6a2f5ceaa65dd1187ff57ff1c1fccee9da91985b.flv,e05b9149d1a03f651df63b63657e7de1e106e061.flv	(1, 1)(3, 3)(4, 5)
6a2f5ceaa65dd1187ff57ff1c1fccee9da91985b.flv,e2cae9c5ef92cbb53d823cfeb4d75c294baed21c.flv	(0, 0)(1, 1)(2, 2)(3, 3)(4, 4)
71ba3405d1e896d04c89754ff618b4198d2e65d5.flv,71ba3405d1e896d04c89754ff618b4198d2e65d5.flv	(0, 0)(1, 1)(2, 2)(3, 3)(4, 4)(5, 5)(6, 6)(7, 7)(8, 8)
71ba3405d1e896d04c89754ff618b4198d2e65d5.flv,77452e0b0c34723b656047c3cbd5d9bf2e11eaaf.flv	
71ba3405d1e896d04c89754ff618b4198d2e65d5.flv,8b99b013165faa0c1cb36794f0d20d38a621f496.flv	(1, 0)(2, 1)(3, 2)(5, 3)(6, 4)(7, 5)(8, 8)
71ba3405d1e896d04c89754ff618b4198d2e65d5.flv,b1d0d41066ffb0afa9e3a3375199824f35a80c4d.flv	(1, 0)(3, 3)(6, 10)(7, 12)(8, 14)
71ba3405d1e896d04c89754ff618b4198d2e65d5.flv,e05b9149d1a03f651df63b63657e7de1e106e061.flv	(1, 1)(2, 2)(3, 3)(5, 5)(6, 6)(8, 8)
71ba3405d1e896d04c89754ff618b4198d2e65d5.flv,f6e296bfd930f585e165246530efa97bc035330f.flv	(8, 9)
71ba3405d1e896d04c89754ff618b4198d2e65d5.flv,f6e296bfd930f585e165246530efa97bc035330f.flv	(3, 11)
71ba3405d1e896d04c89754ff618b4198d2e65d5.flv,f6e296bfd930f585e165246530efa97bc035330f.flv	(3, 23)(5, 24)
71ba3405d1e896d04c89754ff618b4198d2e65d5.flv,f6e296bfd930f585e165246530efa97bc035330f.flv	(4, 13)
71ba3405d1e896d04c89754ff618b4198d2e65d5.flv,f6e296bfd930f585e165246530efa97bc035330f.flv	(4, 18)
77452e0b0c34723b656047c3cbd5d9bf2e11eaaf.flv,77452e0b0c34723b656047c3cbd5d9bf2e11eaaf.flv	(0, 0)(1, 1)(2, 2)(3, 3)(4, 4)(5, 5)(6, 6)(7, 7)(8, 8)(9, 9)
77452e0b0c34723b656047c3cbd5d9bf2e11eaaf.flv,8b99b013165faa0c1cb36794f0d20d38a621f496.flv	(1, 0)(4, 2)(6, 3)(8, 4)(9, 5)
77452e0b0c34723b656047c3cbd5d9bf2e11eaaf.flv,b1d0d41066ffb0afa9e3a3375199824f35a80c4d.flv	(1, 0)(4, 3)(8, 9)(9, 10)
77452e0b0c34723b656047c3cbd5d9bf2e11eaaf.flv,e05b9149d1a03f651df63b63657e7de1e106e061.flv	(0, 1)(4, 3)(6, 5)(7, 6)(8, 7)(9, 8)
77452e0b0c34723b656047c3cbd5d9bf2e11eaaf.flv,f6e296bfd930f585e165246530efa97bc035330f.flv	
77452e0b0c34723b656047c3cbd5d9bf2e11eaaf.flv,f6e296bfd930f585e165246530efa97bc035330f.flv	(4, 11)
77452e0b0c34723b656047c3cbd5d9bf2e11eaaf.flv,f6e296bfd930f585e165246530efa97bc035330f.flv	(4, 23)
77452e0b0c34723b656047c3cbd5d9bf2e11eaaf.flv,f6e296bfd930f585e165246530efa97bc035330f.flv	(6, 14)(7, 16)
77452e0b0c34723b656047c3cbd5d9bf2e11eaaf.flv,f6e296bfd930f585e165246530efa97bc035330f.flv	(6, 19)(7, 21)
80fd5c866390b8caf4129486e0f11beeca47d952.flv,80fd5c866390b8caf4129486e0f11beeca47d952.flv	(0, 0)(1, 1)(2, 2)(3, 3)(4, 4)(5, 5)(6, 6)(7, 7)
80fd5c866390b8caf4129486e0f11beeca47d952.flv,8a268ef5ad1f250fca37321ba2e9c9224b084dba.flv	(0, 3)(1, 4)(2, 5)(3, 7)
80fd5c866390b8caf4129486e0f11beeca47d952.flv,925a69d13824e3521d6eccbe8c6d7ff0c54486fe.flv	(0, 0)(2, 2)(4, 4)(5, 5)(6, 6)(7, 6)
80fd5c866390b8caf4129486e0f11beeca47d952.flv,a8253d279cbeb3a29bd346b63083c054eab1407a.flv	(0, 1)(1, 2)(2, 3)(3, 5)(6, 6)(7, 7)
80fd5c866390b8caf4129486e0f11beeca47d952.flv,acdf1a72b8cf37ee2609cdc03ff70747f36e0476.flv	(0, 0)(1, 1)(2, 2)(3, 3)(4, 4)(7, 5)
80fd5c866390b8caf4129486e0f11beeca47d952.flv,e05b9149d1a03f651df63b63657e7de1e106e061.flv	(0, 1)(1, 2)(2, 3)(3, 5)(6, 6)(7, 7)
80fd5c866390b8caf4129486e0f11beeca47d952.flv,e2cae9c5ef92cbb53d823cfeb4d75c294baed21c.flv	(0, 1)(1, 2)(2, 3)(3, 4)
8a268ef5ad1f250fca37321ba2e9c9224b084dba.flv,8a268ef5ad1f250fca37321ba2e9c9224b084dba.flv	(0, 0)(1, 1)(2, 2)(3, 3)(4, 4)(5, 5)(6, 6)(7, 7)(8, 8)(9, 9)
8a268ef5ad1f250fca37321ba2e9c9224b084dba.flv,925a69d13824e3521d6eccbe8c6d7ff0c54486fe.flv	(2, 0)(5, 2)(6, 3)(7, 4)(8, 6)(9, 7)
8a268ef5ad1f250fca37321ba2e9c9224b084dba.flv,a8253d279cbeb3a29bd346b63083c054eab1407a.flv	(3, 1)(5, 3)(6, 4)(7, 5)(8, 6)
8a268ef5ad1f250fca37321ba2e9c9224b084dba.flv,acdf1a72b8cf37ee2609cdc03ff70747f36e0476.flv	(3, 0)(4, 1)(5, 2)(7, 3)(8, 4)
8a268ef5ad1f250fca37321ba2e9c9224b084dba.flv,e05b9149d1a03f651df63b63657e7de1e106e061.flv	(3, 1)(5, 3)(6, 4)(7, 5)(8, 6)
8a268ef5ad1f250fca37321ba2e9c9224b084dba.flv,e2cae9c5ef92cbb53d823cfeb4d75c294baed21c.flv	(2, 0)(3, 1)(4, 2)(5, 3)(7, 4)
8b99b013165faa0c1cb36794f0d20d38a621f496.flv,8b99b013165faa0c1cb36794f0d20d38a621f496.flv	(0, 0)(1, 1)(2, 2)(3, 3)(4, 4)(5, 5)(6, 6)(7, 7)(8, 8)
8b99b013165faa0c1cb36794f0d20d38a621f496.flv,b1d0d41066ffb0afa9e3a3375199824f35a80c4d.flv	(0, 0)(1, 2)(2, 3)(4, 10)(5, 12)(6, 13)(8, 14)
8b99b013165faa0c1cb36794f0d20d38a621f496.flv,e05b9149d1a03f651df63b63657e7de1e106e061.flv	(0, 1)(5, 6)(8, 8)
8b99b013165faa0c1cb36794f0d20d38a621f496.flv,f6e296bfd930f585e165246530efa97bc035330f.flv	(8, 10)
8b99b013165faa0c1cb36794f0d20d38a621f496.flv,f6e296bfd930f585e165246530efa97bc035330f.flv	(2, 11)(4, 12)
8b99b013165faa0c1cb36794f0d20d38a621f496.flv,f6e296bfd930f585e165246530efa97bc035330f.flv	(2, 21)(3, 23)(4, 24)
8b99b013165faa0c1cb36794f0d20d38a621f496.flv,f6e296bfd930f585e165246530efa97bc035330f.flv	
8b99b013165faa0c1cb36794f0d20d38a621f496.flv,f6e296bfd930f585e165246530efa97bc035330f.flv	
925a69d13824e3521d6eccbe8c6d7ff0c54486fe.flv,925a69d13824e3521d6eccbe8c6d7ff0c54486fe.flv	(0, 0)(1, 1)(2, 2)(3, 3)(4, 4)(5, 5)(6, 6)(7, 7)
925a69d13824e3521d6eccbe8c6d7ff0c54486fe.flv,a8253d279cbeb3a29bd346b63083c054eab1407a.flv	(0, 1)(2, 3)(3, 4)(4, 5)(6, 7)(7, 8)
925a69d13824e3521d6eccbe8c6d7ff0c54486fe.flv,acdf1a72b8cf37ee2609cdc03ff70747f36e0476.flv	(0, 0)(2, 2)(6, 5)
925a69d13824e3521d6eccbe8c6d7ff0c54486fe.flv,e05b9149d1a03f651df63b63657e7de1e106e061.flv	(0, 1)(2, 3)(3, 4)(4, 5)(6, 7)(7, 8)
925a69d13824e3521d6eccbe8c6d7ff0c54486fe.flv,e2cae9c5ef92cbb53d823cfeb4d75c294baed21c.flv	(0, 0)(1, 1)(2, 3)(4, 4)
a8253d279cbeb3a29bd346b63083c054eab1407a.flv,a8253d279cbeb3a29bd346b63083c054eab1407a.flv	(0, 0)(1, 1)(2, 2)(3, 3)(4, 4)(5, 5)(6, 6)(7, 7)(8, 8)
a8253d279cbeb3a29bd346b63083c054eab1407a.flv,acdf1a72b8cf37ee2609cdc03ff70747f36e0476.flv	(1, 0)(2, 1)(3, 2)(5, 3)(6, 4)(7, 5)
a8253d279cbeb3a29bd346b63083c054eab1407a.flv,b1d0d41066ffb0afa9e3a3375199824f35a80c4d.flv	(1, 0)(6, 7)(7, 8)(8, 9)
a8253d279cbeb3a29bd346b63083c054eab1407a.flv,e05b9149d1a03f651df63b63657e7de1e106e061.flv	(0, 0)(1, 1)(2, 2)(3, 3)(4, 4)(5, 5)(6, 6)(7, 7)(8, 8)
a8253d279cbeb3a29bd346b63083c054eab1407a.flv,e2cae9c5ef92cbb53d823cfeb4d75c294baed21c.flv	(1, 1)(3, 3)(5, 4)
acdf1a72b8cf37ee2609cdc03ff70747f36e0476.flv,acdf1a72b8cf37ee2609cdc03ff70747f36e0476.flv	(0, 0)(1, 1)(2, 2)(3, 3)(4, 4)(5, 5)
acdf1a72b8cf37ee2609cdc03ff70747f36e0476.flv,e05b9149d1a03f651df63b63657e7de1e106e061.flv	(0, 1)(1, 2)(2, 3)(3, 5)(4, 6)(5, 7)
acdf1a72b8cf37ee2609cdc03ff70747f36e0476.flv,e2cae9c5ef92cbb53d823cfeb4d75c294baed21c.flv	(0, 1)(1, 2)(2, 3)(3, 4)
b1d0d41066ffb0afa9e3a3375199824f35a80c4d.flv,b1d0d41066ffb0afa9e3a3375199824f35a80c4d.flv	(0, 0)(1, 1)(2, 2)(3, 3)(4, 4)(5, 5)(6, 6)(7, 7)(8, 8)(9, 9)(10, 10)(11, 11)(12, 12)(13, 13)(14, 14)
b1d0d41066ffb0afa9e3a3375199824f35a80c4d.flv,e05b9149d1a03f651df63b63657e7de1e106e061.flv	(0, 1)(7, 6)(8, 7)(9, 8)
b1d0d41066ffb0afa9e3a3375199824f35a80c4d.flv,f6e296bfd930f585e165246530efa97bc035330f.flv	
b1d0d41066ffb0afa9e3a3375199824f35a80c4d.flv,f6e296bfd930f585e165246530efa97bc035330f.flv	
b1d0d41066ffb0afa9e3a3375199824f35a80c4d.flv,f6e296bfd930f585e165246530efa97bc035330f.flv	(3, 23)
b1d0d41066ffb0afa9e3a3375199824f35a80c4d.flv,f6e296bfd930f585e165246530efa97bc035330f.flv	(7, 14)
b1d0d41066ffb0afa9e3a3375199824f35a80c4d.flv,f6e296bfd930f585e165246530efa97bc035330f.flv	(6, 18)(7, 19)(8, 21)
e05b9149d1a03f651df63b63657e7de1e106e061.flv,e05b9149d1a03f651df63b63657e7de1e106e061.flv	(0, 0)(1, 1)(2, 2)(3, 3)(4, 4)(5, 5)(6, 6)(7, 7)(8, 8)
e05b9149d1a03f651df63b63657e7de1e106e061.flv,e2cae9c5ef92cbb53d823cfeb4d75c294baed21c.flv	(1, 1)(3, 3)(5, 4)
e2cae9c5ef92cbb53d823cfeb4d75c294baed21c.flv,e2cae9c5ef92cbb53d823cfeb4d75c294baed21c.flv	(0, 0)(1, 1)(2, 2)(3, 3)(4, 4)
f6e296bfd930f585e165246530efa97bc035330f.flv,f6e296bfd930f585e165246530efa97bc035330f.flv	(0, 0)(1, 1)(2, 2)(3, 3)(4, 4)(5, 5)(6, 6)(7, 7)(8, 8)(9, 9)(10, 10)(11, 11)(12, 12)(13, 13)(14, 14)(15, 15)(16, 16)(17, 17)(18, 18)(19, 19)(20, 20)(21, 21)(22, 22)(23, 23)(24, 24)
