00274a923e13506819bd273c694d10cfa07ce1ec.flv,00274a923e13506819bd273c694d10cfa07ce1ec.flv	(0, 0)(1, 1)(2, 2)(3, 3)(4, 4)(5, 5)(6, 6)(7, 7)(8, 8)(9, 9)(10, 10)(11, 11)
00274a923e13506819bd273c694d10cfa07ce1ec.flv,0234aef03d60f071f6fb30f366e79bcc1a05cf14.flv	(0, 24)(1, 26)(2, 27)(3, 29)(4, 30)(6, 34)(9, 38)(10, 39)(11, 40)
00274a923e13506819bd273c694d10cfa07ce1ec.flv,089bc4a7f6d8747dad92507019b100c5ec09a883.flv	(1, 1)(2, 2)
00274a923e13506819bd273c694d10cfa07ce1ec.flv,089bc4a7f6d8747dad92507019b100c5ec09a883.flv	(6, 7)(8, 12)(9, 13)(10, 14)(11, 15)
00274a923e13506819bd273c694d10cfa07ce1ec.flv,0dc847c3b563024b2052b75a28952c2434d059d1.flv	(5, 0)(6, 1)(8, 5)(9, 6)
00274a923e13506819bd273c694d10cfa07ce1ec.flv,10f0d273cc6c1f888004537f30d5ef577b6d95e3.flv	(6, 0)(8, 4)(9, 5)(10, 6)(11, 7)
00274a923e13506819bd273c694d10cfa07ce1ec.flv,1d4062ded72a30caa898d2bb9c105994c8a96acc.flv	(5, 0)(6, 2)(7, 5)(8, 6)(9, 7)(10, 8)(11, 9)
00274a923e13506819bd273c694d10cfa07ce1ec.flv,1f025a1f075ff2d25d5469a1343932e09ea13b2a.flv	(0, 0)(1, 2)(2, 3)(4, 6)(6, 11)(7, 13)(9, 15)(10, 16)(11, 17)
00274a923e13506819bd273c694d10cfa07ce1ec.flv,32b25dee50d2c710b1122afe7371b9fa274241d6.flv	(7, 0)(8, 1)(9, 2)(10, 3)(11, 4)
00274a923e13506819bd273c694d10cfa07ce1ec.flv,3f4c158b7f419867204968bd5e1f70003fefc889.flv	(5, 0)(6, 1)(9, 8)(11, 9)
00274a923e13506819bd273c694d10cfa07ce1ec.flv,4120e70bc6332bd6010e76b0054c45653bfa6f94.flv	(5, 0)(6, 1)(7, 3)(9, 4)(10, 5)(11, 6)
00274a923e13506819bd273c694d10cfa07ce1ec.flv,50267c2376f0e05d38f8d468d4bb403fab5cc454.flv	(5, 12)
00274a923e13506819bd273c694d10cfa07ce1ec.flv,50267c2376f0e05d38f8d468d4bb403fab5cc454.flv	(5, 4)(6, 6)(7, 8)
00274a923e13506819bd273c694d10cfa07ce1ec.flv,50267c2376f0e05d38f8d468d4bb403fab5cc454.flv	(6, 14)
00274a923e13506819bd273c694d10cfa07ce1ec.flv,54b8c1ae26a16400c15badbae407c809b3ebf03c.flv	(5, 0)(6, 1)(7, 2)(9, 3)(11, 4)
00274a923e13506819bd273c694d10cfa07ce1ec.flv,55dde762dc283ee301065f670b6d7c08c3c32668.flv	(0, 5)(1, 7)(2, 8)(4, 11)(6, 17)(7, 19)(8, 20)(9, 22)
00274a923e13506819bd273c694d10cfa07ce1ec.flv,66246823d79897fd7d93677c6c0244a3cbd4657f.flv	(0, 1)(1, 2)(2, 3)(4, 6)(6, 12)(7, 14)(9, 16)(10, 17)(11, 18)
00274a923e13506819bd273c694d10cfa07ce1ec.flv,69bcf906c79504494d9f23192f4801b61b4fd966.flv	(1, 0)(2, 1)(5, 3)(6, 4)(7, 5)(9, 6)
00274a923e13506819bd273c694d10cfa07ce1ec.flv,750357acf34899c1c99eb2ae22880c88a776c946.flv	(6, 0)(7, 1)(9, 2)(10, 3)(11, 4)
00274a923e13506819bd273c694d10cfa07ce1ec.flv,7c34e7d6022bcd3c7c225feed3fca1e8e72249a4.flv	(5, 0)(6, 1)(7, 3)(9, 4)(10, 5)(11, 6)
00274a923e13506819bd273c694d10cfa07ce1ec.flv,855f0c045b8b0f8f74a6e8a8d7cfc4aff5fbcc4b.flv	(6, 6)
00274a923e13506819bd273c694d10cfa07ce1ec.flv,8cd04dbb4576f83ebe1f480d6a33a24c3a5882bd.flv	(5, 0)(8, 11)(9, 12)(10, 13)(11, 14)
00274a923e13506819bd273c694d10cfa07ce1ec.flv,8f95e2c9940b1ea46fa23702ca70f4cbefd9e3ef.flv	(5, 0)(6, 2)(7, 7)(8, 8)(9, 9)(10, 10)(11, 11)
00274a923e13506819bd273c694d10cfa07ce1ec.flv,9d4fe306b83253fdd9734daaf6d56df5a5ec648f.flv	(5, 0)(6, 1)(7, 5)(8, 6)(9, 7)(10, 8)(11, 9)
00274a923e13506819bd273c694d10cfa07ce1ec.flv,9e9f2730f5f2bb277d07f7125372352597274f6b.flv	(5, 0)(7, 6)(8, 7)(9, 8)(10, 9)(11, 10)
00274a923e13506819bd273c694d10cfa07ce1ec.flv,9efa8c1165cc587476f284ecda53b88c9fd92697.flv	(5, 0)(6, 1)(7, 5)(8, 6)(9, 7)(10, 8)
00274a923e13506819bd273c694d10cfa07ce1ec.flv,a9edef40077c3d7c638dae4a24a83bf6e42b34b1.flv	(5, 0)(6, 1)
00274a923e13506819bd273c694d10cfa07ce1ec.flv,b728eae73b1705d4ef3884b5d536273c5cb47fbd.flv	(5, 0)(6, 2)(7, 5)(8, 6)(9, 7)(10, 8)(11, 9)
00274a923e13506819bd273c694d10cfa07ce1ec.flv,d083d6a9a987fb0e37dddc0f134704a29677899c.flv	(5, 0)(6, 1)(8, 8)
00274a923e13506819bd273c694d10cfa07ce1ec.flv,df097cb467b3a43683f48082099cfdfddae84f37.flv	(5, 0)(6, 1)(7, 5)(8, 6)
00274a923e13506819bd273c694d10cfa07ce1ec.flv,e29e65d0e362b8e7d450d833227ea3c0f5f65f12.flv	(5, 0)(6, 1)(7, 3)(9, 4)(10, 5)(11, 6)
00274a923e13506819bd273c694d10cfa07ce1ec.flv,e2cecbbd4e5683a610152e4b0e83deaa5090384a.flv	(5, 1)(6, 3)(9, 9)(10, 10)(11, 11)
00274a923e13506819bd273c694d10cfa07ce1ec.flv,ea224722e7d3ef9c44d8140a2e435469384204d8.flv	(0, 4)(1, 5)(2, 8)(3, 10)(4, 11)(5, 14)(8, 22)(9, 23)(11, 24)
00274a923e13506819bd273c694d10cfa07ce1ec.flv,f410b354eec142d6e0f1124bffe6aad83d8dc427.flv	(3, 0)(4, 1)(5, 3)(6, 6)(7, 7)(9, 9)
00274a923e13506819bd273c694d10cfa07ce1ec.flv,fca7e9c46b6ec4b8cb53ff17d93bef484a341c5b.flv	(2, 0)(3, 2)(4, 3)(6, 8)(9, 15)(10, 16)(11, 17)
0234aef03d60f071f6fb30f366e79bcc1a05cf14.flv,0234aef03d60f071f6fb30f366e79bcc1a05cf14.flv	(0, 0)(1, 1)(2, 2)(3, 3)(4, 4)(5, 5)(6, 6)(7, 7)(8, 8)(9, 9)(10, 10)(11, 11)(12, 12)(13, 13)(14, 14)(15, 15)(16, 16)(17, 17)(18, 18)(19, 19)(20, 20)(21, 21)(22, 22)(23, 23)(24, 24)(25, 25)(26, 26)(27, 27)(28, 28)(29, 29)(30, 30)(31, 31)(32, 32)(33, 33)(34, 34)(35, 35)(36, 36)(37, 37)(38, 38)(39, 39)(40, 40)(41, 41)(42, 42)(43, 43)(44, 44)(45, 45)(46, 46)(47, 47)(48, 48)(49, 49)(50, 50)(51, 51)(52, 52)(53, 53)(54, 54)(55, 55)(56, 56)(57, 57)(58, 58)(59, 59)(60, 60)(61, 61)(62, 62)(63, 63)(64, 64)(65, 65)(66, 66)(67, 67)(68, 68)(69, 69)(70, 70)(71, 71)(72, 72)(73, 73)(74, 74)(75, 75)(76, 76)(77, 77)(78, 78)(79, 79)(80, 80)(81, 81)(82, 82)(83, 83)(84, 84)(85, 85)(86, 86)(87, 87)(88, 88)(89, 89)(90, 90)(91, 91)(92, 92)(93, 93)(94, 94)(95, 95)(96, 96)(97, 97)(98, 98)(99, 99)(100, 100)(101, 101)(102, 102)(103, 103)(104, 104)(105, 105)(106, 106)(107, 107)(108, 108)(109, 109)
0234aef03d60f071f6fb30f366e79bcc1a05cf14.flv,089bc4a7f6d8747dad92507019b100c5ec09a883.flv	(24, 0)(26, 1)(27, 2)
0234aef03d60f071f6fb30f366e79bcc1a05cf14.flv,089bc4a7f6d8747dad92507019b100c5ec09a883.flv	(31, 3)(32, 4)(33, 5)(34, 7)(35, 8)(36, 9)(38, 13)(39, 14)(40, 15)(41, 16)(42, 17)(43, 18)
0234aef03d60f071f6fb30f366e79bcc1a05cf14.flv,0dc847c3b563024b2052b75a28952c2434d059d1.flv	(33, 0)(34, 1)(35, 2)(36, 3)(37, 5)(38, 6)
0234aef03d60f071f6fb30f366e79bcc1a05cf14.flv,10f0d273cc6c1f888004537f30d5ef577b6d95e3.flv	(34, 0)(36, 1)(37, 3)(38, 5)(39, 6)(40, 7)
0234aef03d60f071f6fb30f366e79bcc1a05cf14.flv,1d4062ded72a30caa898d2bb9c105994c8a96acc.flv	(33, 1)(34, 2)(35, 3)(36, 4)(37, 5)(38, 7)(39, 8)(40, 9)
0234aef03d60f071f6fb30f366e79bcc1a05cf14.flv,1f025a1f075ff2d25d5469a1343932e09ea13b2a.flv	(24, 0)(25, 1)(26, 2)(27, 3)(28, 4)(29, 5)(30, 6)(31, 7)(32, 8)(33, 10)(34, 11)(35, 12)(36, 13)(37, 14)(38, 15)(39, 16)(40, 17)
0234aef03d60f071f6fb30f366e79bcc1a05cf14.flv,32b25dee50d2c710b1122afe7371b9fa274241d6.flv	(38, 2)(39, 3)(40, 4)
0234aef03d60f071f6fb30f366e79bcc1a05cf14.flv,3f4c158b7f419867204968bd5e1f70003fefc889.flv	(32, 0)(34, 1)(38, 8)(40, 9)
0234aef03d60f071f6fb30f366e79bcc1a05cf14.flv,4120e70bc6332bd6010e76b0054c45653bfa6f94.flv	(33, 0)(34, 1)(36, 2)(37, 3)(38, 4)(39, 5)(40, 6)
0234aef03d60f071f6fb30f366e79bcc1a05cf14.flv,50267c2376f0e05d38f8d468d4bb403fab5cc454.flv	(32, 12)(33, 13)
0234aef03d60f071f6fb30f366e79bcc1a05cf14.flv,50267c2376f0e05d38f8d468d4bb403fab5cc454.flv	(32, 4)(34, 6)(35, 7)(36, 8)(37, 9)
0234aef03d60f071f6fb30f366e79bcc1a05cf14.flv,50267c2376f0e05d38f8d468d4bb403fab5cc454.flv	(35, 14)
0234aef03d60f071f6fb30f366e79bcc1a05cf14.flv,54b8c1ae26a16400c15badbae407c809b3ebf03c.flv	(33, 0)(34, 1)(37, 2)(38, 3)(40, 4)
0234aef03d60f071f6fb30f366e79bcc1a05cf14.flv,55dde762dc283ee301065f670b6d7c08c3c32668.flv	(24, 4)(26, 7)(27, 8)(28, 9)(29, 10)(30, 11)(31, 12)(32, 13)(33, 16)(34, 17)(37, 19)(38, 22)
0234aef03d60f071f6fb30f366e79bcc1a05cf14.flv,66246823d79897fd7d93677c6c0244a3cbd4657f.flv	(33, 10)(34, 12)(35, 13)(37, 15)(38, 16)(39, 17)(40, 18)
0234aef03d60f071f6fb30f366e79bcc1a05cf14.flv,69bcf906c79504494d9f23192f4801b61b4fd966.flv	(26, 0)(27, 1)(34, 4)(37, 5)(38, 6)
0234aef03d60f071f6fb30f366e79bcc1a05cf14.flv,750357acf34899c1c99eb2ae22880c88a776c946.flv	(37, 1)(38, 2)(39, 3)(40, 4)
0234aef03d60f071f6fb30f366e79bcc1a05cf14.flv,7c34e7d6022bcd3c7c225feed3fca1e8e72249a4.flv	(33, 0)(34, 1)(36, 2)(37, 3)(38, 4)(39, 5)(40, 6)
0234aef03d60f071f6fb30f366e79bcc1a05cf14.flv,855f0c045b8b0f8f74a6e8a8d7cfc4aff5fbcc4b.flv	(34, 6)(35, 7)
0234aef03d60f071f6fb30f366e79bcc1a05cf14.flv,8cd04dbb4576f83ebe1f480d6a33a24c3a5882bd.flv	(32, 0)(34, 4)(35, 6)(38, 12)(40, 14)(42, 16)(43, 17)
0234aef03d60f071f6fb30f366e79bcc1a05cf14.flv,8cd04dbb4576f83ebe1f480d6a33a24c3a5882bd.flv	(46, 21)(47, 22)(48, 23)(49, 24)(50, 25)(51, 27)(52, 28)
0234aef03d60f071f6fb30f366e79bcc1a05cf14.flv,8f95e2c9940b1ea46fa23702ca70f4cbefd9e3ef.flv	(33, 0)(34, 2)(35, 3)(36, 5)(37, 7)(38, 9)(39, 10)(40, 11)(41, 12)(42, 13)
0234aef03d60f071f6fb30f366e79bcc1a05cf14.flv,8f95e2c9940b1ea46fa23702ca70f4cbefd9e3ef.flv	(43, 15)(44, 16)(45, 17)(46, 18)(47, 19)(48, 20)
0234aef03d60f071f6fb30f366e79bcc1a05cf14.flv,9d4fe306b83253fdd9734daaf6d56df5a5ec648f.flv	(33, 0)(34, 1)(35, 2)(36, 3)(37, 5)(38, 7)(39, 8)(40, 9)
0234aef03d60f071f6fb30f366e79bcc1a05cf14.flv,9e9f2730f5f2bb277d07f7125372352597274f6b.flv	(33, 1)(34, 2)(35, 3)(36, 4)(37, 6)(38, 8)(40, 10)(41, 11)(42, 12)(43, 13)(45, 15)(46, 16)(48, 18)(50, 20)
0234aef03d60f071f6fb30f366e79bcc1a05cf14.flv,9efa8c1165cc587476f284ecda53b88c9fd92697.flv	(33, 0)(34, 1)(35, 2)(37, 5)(38, 7)(39, 8)(40, 9)
0234aef03d60f071f6fb30f366e79bcc1a05cf14.flv,a9edef40077c3d7c638dae4a24a83bf6e42b34b1.flv	(33, 0)(34, 1)(36, 2)(37, 3)
0234aef03d60f071f6fb30f366e79bcc1a05cf14.flv,b728eae73b1705d4ef3884b5d536273c5cb47fbd.flv	(33, 1)(34, 2)(35, 3)(36, 4)(37, 5)(38, 7)(39, 8)(40, 9)(41, 10)(42, 11)(43, 12)(44, 13)(45, 14)(46, 15)(47, 16)(48, 17)(49, 18)(50, 19)(52, 22)
0234aef03d60f071f6fb30f366e79bcc1a05cf14.flv,c6d6d37c73f364e3902407e1da07c8e354f66c13.flv	(30, 0)(33, 3)(34, 4)(38, 7)(40, 9)(41, 10)(42, 11)(43, 12)(44, 13)(45, 14)(46, 15)(47, 16)(48, 17)(49, 18)(50, 19)(51, 20)(52, 21)
0234aef03d60f071f6fb30f366e79bcc1a05cf14.flv,d083d6a9a987fb0e37dddc0f134704a29677899c.flv	(32, 0)(34, 1)(35, 2)
0234aef03d60f071f6fb30f366e79bcc1a05cf14.flv,df097cb467b3a43683f48082099cfdfddae84f37.flv	(33, 0)(34, 1)(35, 2)(37, 5)(38, 7)(39, 8)(40, 9)
0234aef03d60f071f6fb30f366e79bcc1a05cf14.flv,e29e65d0e362b8e7d450d833227ea3c0f5f65f12.flv	(33, 0)(34, 1)(36, 2)(37, 3)(38, 4)(39, 5)(40, 6)
0234aef03d60f071f6fb30f366e79bcc1a05cf14.flv,e29e65d0e362b8e7d450d833227ea3c0f5f65f12.flv	(44, 10)(45, 11)(46, 12)(47, 13)(48, 14)(49, 15)(50, 16)(51, 17)(52, 18)
0234aef03d60f071f6fb30f366e79bcc1a05cf14.flv,e2cecbbd4e5683a610152e4b0e83deaa5090384a.flv	(31, 0)(32, 1)(33, 2)(34, 3)(36, 6)(37, 8)(38, 9)(39, 10)(40, 11)
0234aef03d60f071f6fb30f366e79bcc1a05cf14.flv,ea224722e7d3ef9c44d8140a2e435469384204d8.flv	(23, 2)(24, 3)(26, 5)(27, 8)(28, 9)(29, 10)(30, 11)(32, 14)(33, 15)(34, 16)(35, 18)(36, 19)(38, 23)(40, 24)
0234aef03d60f071f6fb30f366e79bcc1a05cf14.flv,f410b354eec142d6e0f1124bffe6aad83d8dc427.flv	(28, 0)(30, 1)(31, 2)(32, 3)(33, 4)(37, 8)(38, 9)
0234aef03d60f071f6fb30f366e79bcc1a05cf14.flv,fca7e9c46b6ec4b8cb53ff17d93bef484a341c5b.flv	(27, 0)(28, 1)(29, 2)(30, 3)(31, 4)(32, 5)(33, 6)(34, 8)(36, 10)(38, 15)(39, 16)(40, 17)
089bc4a7f6d8747dad92507019b100c5ec09a883.flv,089bc4a7f6d8747dad92507019b100c5ec09a883.flv	(0, 0)(1, 1)(2, 2)(3, 3)(4, 4)(5, 5)(6, 6)(7, 7)(8, 8)(9, 9)(10, 10)(11, 11)(12, 12)(13, 13)(14, 14)(15, 15)(16, 16)(17, 17)(18, 18)(19, 19)(20, 20)(21, 21)(22, 22)(23, 23)(24, 24)(25, 25)(26, 26)(27, 27)(28, 28)(29, 29)(30, 30)(31, 31)(32, 32)(33, 33)(34, 34)(35, 35)(36, 36)(37, 37)(38, 38)(39, 39)(40, 40)(41, 41)(42, 42)(43, 43)(44, 44)(45, 45)(46, 46)(47, 47)(48, 48)(49, 49)(50, 50)(51, 51)(52, 52)(53, 53)(54, 54)(55, 55)(56, 56)(57, 57)(58, 58)(59, 59)(60, 60)(61, 61)(62, 62)(63, 63)(64, 64)(65, 65)(66, 66)(67, 67)(68, 68)(69, 69)(70, 70)(71, 71)(72, 72)(73, 73)(74, 74)(75, 75)(76, 76)(77, 77)(78, 78)(79, 79)(80, 80)(81, 81)(82, 82)(83, 83)(84, 84)(85, 85)(86, 86)(87, 87)(88, 88)(89, 89)(90, 90)(91, 91)(92, 92)(93, 93)(94, 94)(95, 95)(96, 96)(97, 97)(98, 98)(99, 99)(100, 100)(101, 101)(102, 102)(103, 103)(104, 104)(105, 105)(106, 106)(107, 107)(108, 108)(109, 109)(110, 110)(111, 111)(112, 112)(113, 113)(114, 114)(115, 115)(116, 116)(117, 117)(118, 118)(119, 119)(120, 120)(121, 121)(122, 122)(123, 123)(124, 124)(125, 125)(126, 126)(127, 127)(128, 128)(129, 129)(130, 130)(131, 131)(132, 132)(133, 133)(134, 134)(135, 135)(136, 136)(137, 137)(138, 138)(139, 139)(140, 140)
089bc4a7f6d8747dad92507019b100c5ec09a883.flv,0dc847c3b563024b2052b75a28952c2434d059d1.flv	(5, 0)(7, 1)(8, 2)(9, 3)(12, 5)(13, 6)
089bc4a7f6d8747dad92507019b100c5ec09a883.flv,10f0d273cc6c1f888004537f30d5ef577b6d95e3.flv	(7, 0)(9, 1)(11, 3)(12, 4)(13, 5)
089bc4a7f6d8747dad92507019b100c5ec09a883.flv,1d4062ded72a30caa898d2bb9c105994c8a96acc.flv	(6, 1)(7, 2)(8, 3)(9, 4)(12, 6)(13, 7)(14, 8)(15, 9)(17, 11)(18, 12)
089bc4a7f6d8747dad92507019b100c5ec09a883.flv,1f025a1f075ff2d25d5469a1343932e09ea13b2a.flv	(3, 7)(4, 8)(5, 10)(7, 11)(8, 12)(12, 14)(13, 15)(14, 16)(15, 17)
089bc4a7f6d8747dad92507019b100c5ec09a883.flv,32b25dee50d2c710b1122afe7371b9fa274241d6.flv	(12, 1)(13, 2)(15, 4)
089bc4a7f6d8747dad92507019b100c5ec09a883.flv,3f4c158b7f419867204968bd5e1f70003fefc889.flv	(4, 0)(7, 1)(11, 4)(13, 8)(15, 9)
089bc4a7f6d8747dad92507019b100c5ec09a883.flv,4120e70bc6332bd6010e76b0054c45653bfa6f94.flv	(5, 0)(6, 0)(7, 1)(9, 2)(13, 4)(14, 5)(15, 6)
089bc4a7f6d8747dad92507019b100c5ec09a883.flv,50267c2376f0e05d38f8d468d4bb403fab5cc454.flv	(4, 12)(5, 13)
089bc4a7f6d8747dad92507019b100c5ec09a883.flv,50267c2376f0e05d38f8d468d4bb403fab5cc454.flv	(4, 4)(7, 6)(8, 7)(9, 8)(10, 9)
089bc4a7f6d8747dad92507019b100c5ec09a883.flv,50267c2376f0e05d38f8d468d4bb403fab5cc454.flv	(8, 14)
089bc4a7f6d8747dad92507019b100c5ec09a883.flv,54b8c1ae26a16400c15badbae407c809b3ebf03c.flv	(5, 0)(7, 1)(13, 3)
089bc4a7f6d8747dad92507019b100c5ec09a883.flv,54b8c1ae26a16400c15badbae407c809b3ebf03c.flv	(31, 21)(34, 22)(35, 23)(37, 24)(38, 25)(39, 26)(43, 29)
089bc4a7f6d8747dad92507019b100c5ec09a883.flv,54b8c1ae26a16400c15badbae407c809b3ebf03c.flv	(48, 31)(49, 32)
089bc4a7f6d8747dad92507019b100c5ec09a883.flv,54b8c1ae26a16400c15badbae407c809b3ebf03c.flv	(56, 37)(57, 38)(59, 39)(61, 40)
089bc4a7f6d8747dad92507019b100c5ec09a883.flv,54b8c1ae26a16400c15badbae407c809b3ebf03c.flv	(74, 47)(75, 49)(76, 51)
089bc4a7f6d8747dad92507019b100c5ec09a883.flv,54b8c1ae26a16400c15badbae407c809b3ebf03c.flv	(85, 57)(86, 58)(87, 59)(88, 60)(91, 61)(95, 63)(98, 65)
089bc4a7f6d8747dad92507019b100c5ec09a883.flv,54b8c1ae26a16400c15badbae407c809b3ebf03c.flv	(103, 66)(105, 67)(106, 68)
089bc4a7f6d8747dad92507019b100c5ec09a883.flv,54b8c1ae26a16400c15badbae407c809b3ebf03c.flv	(114, 75)(117, 77)(118, 78)(121, 79)
089bc4a7f6d8747dad92507019b100c5ec09a883.flv,54b8c1ae26a16400c15badbae407c809b3ebf03c.flv	(126, 84)(131, 87)
089bc4a7f6d8747dad92507019b100c5ec09a883.flv,54b8c1ae26a16400c15badbae407c809b3ebf03c.flv	(138, 91)
089bc4a7f6d8747dad92507019b100c5ec09a883.flv,55dde762dc283ee301065f670b6d7c08c3c32668.flv	(0, 4)(1, 7)(2, 8)
089bc4a7f6d8747dad92507019b100c5ec09a883.flv,55dde762dc283ee301065f670b6d7c08c3c32668.flv	(3, 12)(4, 13)(5, 16)(7, 17)(9, 18)(10, 19)(12, 20)(13, 22)
089bc4a7f6d8747dad92507019b100c5ec09a883.flv,66246823d79897fd7d93677c6c0244a3cbd4657f.flv	(0, 0)(1, 2)(2, 3)
089bc4a7f6d8747dad92507019b100c5ec09a883.flv,66246823d79897fd7d93677c6c0244a3cbd4657f.flv	(3, 7)(5, 10)(7, 12)(8, 13)(10, 14)(12, 15)(13, 16)(14, 17)(15, 18)
089bc4a7f6d8747dad92507019b100c5ec09a883.flv,69bcf906c79504494d9f23192f4801b61b4fd966.flv	(1, 0)(2, 1)
089bc4a7f6d8747dad92507019b100c5ec09a883.flv,69bcf906c79504494d9f23192f4801b61b4fd966.flv	(7, 4)(13, 6)
089bc4a7f6d8747dad92507019b100c5ec09a883.flv,750357acf34899c1c99eb2ae22880c88a776c946.flv	(8, 0)(13, 2)(14, 3)(15, 4)
089bc4a7f6d8747dad92507019b100c5ec09a883.flv,7c34e7d6022bcd3c7c225feed3fca1e8e72249a4.flv	(5, 0)(6, 0)(7, 1)(9, 2)(13, 4)(14, 5)(15, 6)
089bc4a7f6d8747dad92507019b100c5ec09a883.flv,855f0c045b8b0f8f74a6e8a8d7cfc4aff5fbcc4b.flv	(7, 6)(8, 7)
089bc4a7f6d8747dad92507019b100c5ec09a883.flv,8cd04dbb4576f83ebe1f480d6a33a24c3a5882bd.flv	(4, 0)(7, 4)(8, 6)(9, 7)(10, 8)(11, 10)(12, 11)(13, 12)(14, 14)(17, 16)(18, 17)
089bc4a7f6d8747dad92507019b100c5ec09a883.flv,8f95e2c9940b1ea46fa23702ca70f4cbefd9e3ef.flv	(5, 0)(7, 2)(8, 3)(9, 5)(11, 7)(12, 8)(13, 9)(14, 10)(15, 11)(16, 12)(17, 13)
089bc4a7f6d8747dad92507019b100c5ec09a883.flv,9d4fe306b83253fdd9734daaf6d56df5a5ec648f.flv	(5, 0)(7, 1)(8, 2)(9, 3)(13, 7)(14, 8)(15, 9)
089bc4a7f6d8747dad92507019b100c5ec09a883.flv,9e9f2730f5f2bb277d07f7125372352597274f6b.flv	(4, 0)(7, 2)(8, 3)(9, 4)(12, 7)(13, 8)(14, 9)(15, 10)(16, 11)(17, 12)(18, 13)
089bc4a7f6d8747dad92507019b100c5ec09a883.flv,9efa8c1165cc587476f284ecda53b88c9fd92697.flv	(5, 0)(7, 1)(8, 2)(9, 3)(13, 7)(15, 9)
089bc4a7f6d8747dad92507019b100c5ec09a883.flv,a9edef40077c3d7c638dae4a24a83bf6e42b34b1.flv	(5, 0)(7, 1)(11, 3)(12, 4)
089bc4a7f6d8747dad92507019b100c5ec09a883.flv,b728eae73b1705d4ef3884b5d536273c5cb47fbd.flv	(5, 0)(6, 1)(7, 2)(8, 3)(9, 4)(11, 5)(12, 6)(13, 7)(14, 8)(15, 9)(16, 10)(17, 11)(18, 12)
089bc4a7f6d8747dad92507019b100c5ec09a883.flv,c6d6d37c73f364e3902407e1da07c8e354f66c13.flv	(6, 3)(7, 4)(12, 6)(13, 7)(14, 8)(15, 9)(17, 11)(18, 12)
089bc4a7f6d8747dad92507019b100c5ec09a883.flv,c6d6d37c73f364e3902407e1da07c8e354f66c13.flv	(25, 32)(27, 33)(28, 34)(31, 36)(32, 37)(33, 37)(34, 38)(35, 39)(37, 40)(38, 41)(39, 43)(40, 44)(41, 45)(46, 47)(47, 48)(48, 49)(49, 50)(53, 52)
089bc4a7f6d8747dad92507019b100c5ec09a883.flv,c6d6d37c73f364e3902407e1da07c8e354f66c13.flv	(56, 55)(57, 56)(58, 58)(59, 59)(60, 60)(61, 61)
089bc4a7f6d8747dad92507019b100c5ec09a883.flv,c6d6d37c73f364e3902407e1da07c8e354f66c13.flv	(64, 64)(65, 64)(66, 65)(67, 66)(70, 68)(72, 69)(73, 70)(74, 71)(76, 76)(77, 77)(78, 78)
089bc4a7f6d8747dad92507019b100c5ec09a883.flv,c6d6d37c73f364e3902407e1da07c8e354f66c13.flv	(79, 80)(80, 81)(81, 82)
089bc4a7f6d8747dad92507019b100c5ec09a883.flv,c6d6d37c73f364e3902407e1da07c8e354f66c13.flv	(85, 86)(86, 87)(87, 88)(88, 90)(89, 91)(96, 96)(97, 97)(98, 98)(100, 99)
089bc4a7f6d8747dad92507019b100c5ec09a883.flv,c6d6d37c73f364e3902407e1da07c8e354f66c13.flv	(103, 100)(104, 101)(105, 102)(106, 103)
089bc4a7f6d8747dad92507019b100c5ec09a883.flv,c6d6d37c73f364e3902407e1da07c8e354f66c13.flv	(110, 106)(111, 107)(112, 108)
089bc4a7f6d8747dad92507019b100c5ec09a883.flv,c6d6d37c73f364e3902407e1da07c8e354f66c13.flv	(114, 111)(115, 113)(116, 113)(117, 114)(118, 115)(120, 116)(121, 117)(122, 118)(123, 119)
089bc4a7f6d8747dad92507019b100c5ec09a883.flv,c6d6d37c73f364e3902407e1da07c8e354f66c13.flv	(126, 121)(127, 122)(129, 123)(130, 124)(131, 125)
089bc4a7f6d8747dad92507019b100c5ec09a883.flv,c6d6d37c73f364e3902407e1da07c8e354f66c13.flv	(133, 126)(134, 127)(138, 130)
089bc4a7f6d8747dad92507019b100c5ec09a883.flv,d083d6a9a987fb0e37dddc0f134704a29677899c.flv	(4, 0)(7, 1)(8, 2)(9, 3)(10, 4)(11, 5)(12, 7)
089bc4a7f6d8747dad92507019b100c5ec09a883.flv,df097cb467b3a43683f48082099cfdfddae84f37.flv	(5, 0)(7, 1)(8, 2)(9, 3)(13, 7)(15, 9)
089bc4a7f6d8747dad92507019b100c5ec09a883.flv,e29e65d0e362b8e7d450d833227ea3c0f5f65f12.flv	(5, 0)(6, 0)(7, 1)(9, 2)(13, 4)(14, 5)(15, 6)
089bc4a7f6d8747dad92507019b100c5ec09a883.flv,e2cecbbd4e5683a610152e4b0e83deaa5090384a.flv	(3, 0)(4, 1)(5, 2)(7, 3)(8, 4)(9, 6)(10, 7)(12, 8)(13, 9)(15, 11)
089bc4a7f6d8747dad92507019b100c5ec09a883.flv,ea224722e7d3ef9c44d8140a2e435469384204d8.flv	(0, 3)(1, 5)(2, 8)
089bc4a7f6d8747dad92507019b100c5ec09a883.flv,ea224722e7d3ef9c44d8140a2e435469384204d8.flv	(3, 12)(4, 14)(6, 15)(7, 16)(11, 21)(12, 22)(13, 23)(15, 24)
089bc4a7f6d8747dad92507019b100c5ec09a883.flv,f410b354eec142d6e0f1124bffe6aad83d8dc427.flv	(3, 2)(4, 3)(6, 4)(7, 6)(12, 8)(13, 9)
089bc4a7f6d8747dad92507019b100c5ec09a883.flv,fca7e9c46b6ec4b8cb53ff17d93bef484a341c5b.flv	(2, 0)
089bc4a7f6d8747dad92507019b100c5ec09a883.flv,fca7e9c46b6ec4b8cb53ff17d93bef484a341c5b.flv	(3, 4)(4, 5)(5, 6)(7, 8)(8, 9)(9, 10)(10, 11)(12, 13)(13, 15)(14, 16)(15, 17)
0dc847c3b563024b2052b75a28952c2434d059d1.flv,0dc847c3b563024b2052b75a28952c2434d059d1.flv	(0, 0)(1, 1)(2, 2)(3, 3)(4, 4)(5, 5)(6, 6)(7, 7)(8, 8)(9, 9)(10, 10)(11, 11)(12, 12)(13, 13)(14, 14)(15, 15)(16, 16)(17, 17)(18, 18)(19, 19)(20, 20)(21, 21)(22, 22)
0dc847c3b563024b2052b75a28952c2434d059d1.flv,10f0d273cc6c1f888004537f30d5ef577b6d95e3.flv	(1, 0)(3, 1)(4, 3)(5, 4)(6, 5)
0dc847c3b563024b2052b75a28952c2434d059d1.flv,1d4062ded72a30caa898d2bb9c105994c8a96acc.flv	(0, 0)(0, 1)(1, 2)(2, 3)(3, 4)(4, 5)(5, 6)(6, 7)
0dc847c3b563024b2052b75a28952c2434d059d1.flv,1f025a1f075ff2d25d5469a1343932e09ea13b2a.flv	(0, 10)(1, 11)(2, 12)(3, 13)(5, 14)(6, 15)
0dc847c3b563024b2052b75a28952c2434d059d1.flv,32b25dee50d2c710b1122afe7371b9fa274241d6.flv	(5, 1)(6, 2)
0dc847c3b563024b2052b75a28952c2434d059d1.flv,3f4c158b7f419867204968bd5e1f70003fefc889.flv	(1, 1)(3, 3)(4, 4)(6, 8)
0dc847c3b563024b2052b75a28952c2434d059d1.flv,4120e70bc6332bd6010e76b0054c45653bfa6f94.flv	(0, 0)(1, 1)(3, 2)(4, 3)(6, 4)
0dc847c3b563024b2052b75a28952c2434d059d1.flv,4120e70bc6332bd6010e76b0054c45653bfa6f94.flv	(16, 13)(17, 14)
0dc847c3b563024b2052b75a28952c2434d059d1.flv,50267c2376f0e05d38f8d468d4bb403fab5cc454.flv	(0, 13)
0dc847c3b563024b2052b75a28952c2434d059d1.flv,50267c2376f0e05d38f8d468d4bb403fab5cc454.flv	(0, 4)(1, 6)(2, 7)(3, 8)(4, 9)
0dc847c3b563024b2052b75a28952c2434d059d1.flv,50267c2376f0e05d38f8d468d4bb403fab5cc454.flv	(2, 14)
0dc847c3b563024b2052b75a28952c2434d059d1.flv,54b8c1ae26a16400c15badbae407c809b3ebf03c.flv	(0, 0)(1, 1)(6, 3)
0dc847c3b563024b2052b75a28952c2434d059d1.flv,55dde762dc283ee301065f670b6d7c08c3c32668.flv	(1, 17)(3, 18)(4, 19)(6, 22)(7, 23)(8, 24)(9, 25)(10, 26)(11, 27)(12, 28)(13, 29)(14, 30)(15, 31)(16, 32)(18, 34)(19, 35)(21, 37)(22, 38)
0dc847c3b563024b2052b75a28952c2434d059d1.flv,66246823d79897fd7d93677c6c0244a3cbd4657f.flv	(0, 10)(1, 12)(2, 13)(3, 14)(5, 15)(6, 16)
0dc847c3b563024b2052b75a28952c2434d059d1.flv,69bcf906c79504494d9f23192f4801b61b4fd966.flv	(0, 3)(1, 4)(6, 6)(7, 7)(8, 8)(9, 9)(16, 11)(21, 13)(22, 14)
0dc847c3b563024b2052b75a28952c2434d059d1.flv,750357acf34899c1c99eb2ae22880c88a776c946.flv	(2, 0)(6, 2)
0dc847c3b563024b2052b75a28952c2434d059d1.flv,7c34e7d6022bcd3c7c225feed3fca1e8e72249a4.flv	(0, 0)(1, 1)(3, 2)(4, 3)(6, 4)
0dc847c3b563024b2052b75a28952c2434d059d1.flv,7c34e7d6022bcd3c7c225feed3fca1e8e72249a4.flv	(16, 13)(17, 14)
0dc847c3b563024b2052b75a28952c2434d059d1.flv,855f0c045b8b0f8f74a6e8a8d7cfc4aff5fbcc4b.flv	(1, 6)(2, 7)
0dc847c3b563024b2052b75a28952c2434d059d1.flv,8cd04dbb4576f83ebe1f480d6a33a24c3a5882bd.flv	(0, 0)(2, 6)(3, 7)(4, 9)(5, 11)(6, 12)
0dc847c3b563024b2052b75a28952c2434d059d1.flv,8cd04dbb4576f83ebe1f480d6a33a24c3a5882bd.flv	(16, 22)(17, 23)
0dc847c3b563024b2052b75a28952c2434d059d1.flv,8f95e2c9940b1ea46fa23702ca70f4cbefd9e3ef.flv	(0, 0)(1, 2)(2, 3)(4, 7)(5, 8)(6, 9)
0dc847c3b563024b2052b75a28952c2434d059d1.flv,8f95e2c9940b1ea46fa23702ca70f4cbefd9e3ef.flv	(16, 19)(17, 20)
0dc847c3b563024b2052b75a28952c2434d059d1.flv,9d4fe306b83253fdd9734daaf6d56df5a5ec648f.flv	(0, 0)(1, 1)(2, 2)(3, 3)(4, 5)(6, 7)
0dc847c3b563024b2052b75a28952c2434d059d1.flv,9e9f2730f5f2bb277d07f7125372352597274f6b.flv	(0, 1)(1, 2)(2, 3)(3, 4)(4, 6)(5, 7)(6, 8)
0dc847c3b563024b2052b75a28952c2434d059d1.flv,9e9f2730f5f2bb277d07f7125372352597274f6b.flv	(16, 17)(17, 18)
0dc847c3b563024b2052b75a28952c2434d059d1.flv,9efa8c1165cc587476f284ecda53b88c9fd92697.flv	(0, 0)(1, 1)(2, 2)(3, 3)(4, 5)(6, 7)
0dc847c3b563024b2052b75a28952c2434d059d1.flv,a9edef40077c3d7c638dae4a24a83bf6e42b34b1.flv	(0, 0)(1, 1)(3, 2)(4, 3)(5, 4)
0dc847c3b563024b2052b75a28952c2434d059d1.flv,b728eae73b1705d4ef3884b5d536273c5cb47fbd.flv	(0, 0)(0, 1)(1, 2)(2, 3)(3, 4)(4, 5)(5, 6)(6, 7)
0dc847c3b563024b2052b75a28952c2434d059d1.flv,b728eae73b1705d4ef3884b5d536273c5cb47fbd.flv	(16, 16)(17, 17)
0dc847c3b563024b2052b75a28952c2434d059d1.flv,d083d6a9a987fb0e37dddc0f134704a29677899c.flv	(0, 0)(1, 1)(3, 2)(5, 4)(6, 5)
0dc847c3b563024b2052b75a28952c2434d059d1.flv,df097cb467b3a43683f48082099cfdfddae84f37.flv	(0, 0)(1, 1)(2, 2)(3, 3)(4, 5)(6, 7)
0dc847c3b563024b2052b75a28952c2434d059d1.flv,e29e65d0e362b8e7d450d833227ea3c0f5f65f12.flv	(0, 0)(1, 1)(3, 2)(4, 3)(6, 4)
0dc847c3b563024b2052b75a28952c2434d059d1.flv,e29e65d0e362b8e7d450d833227ea3c0f5f65f12.flv	(16, 13)(17, 14)
0dc847c3b563024b2052b75a28952c2434d059d1.flv,e2cecbbd4e5683a610152e4b0e83deaa5090384a.flv	(0, 2)(1, 3)(2, 4)(5, 8)(6, 9)
0dc847c3b563024b2052b75a28952c2434d059d1.flv,e2cecbbd4e5683a610152e4b0e83deaa5090384a.flv	(18, 19)
0dc847c3b563024b2052b75a28952c2434d059d1.flv,ea224722e7d3ef9c44d8140a2e435469384204d8.flv	(0, 14)(0, 15)(1, 16)(3, 19)(4, 20)(5, 22)(6, 23)
0dc847c3b563024b2052b75a28952c2434d059d1.flv,f410b354eec142d6e0f1124bffe6aad83d8dc427.flv	(0, 3)(0, 4)(1, 6)(3, 7)(5, 8)(6, 9)(7, 10)
0dc847c3b563024b2052b75a28952c2434d059d1.flv,fca7e9c46b6ec4b8cb53ff17d93bef484a341c5b.flv	(0, 6)(1, 8)(2, 9)(3, 10)(4, 11)(5, 13)(6, 15)
0dc847c3b563024b2052b75a28952c2434d059d1.flv,fca7e9c46b6ec4b8cb53ff17d93bef484a341c5b.flv	(18, 25)
10f0d273cc6c1f888004537f30d5ef577b6d95e3.flv,10f0d273cc6c1f888004537f30d5ef577b6d95e3.flv	(0, 0)(1, 1)(2, 2)(3, 3)(4, 4)(5, 5)(6, 6)(7, 7)
10f0d273cc6c1f888004537f30d5ef577b6d95e3.flv,1d4062ded72a30caa898d2bb9c105994c8a96acc.flv	(0, 2)(1, 4)(3, 5)(4, 6)(5, 7)(6, 8)(7, 9)
10f0d273cc6c1f888004537f30d5ef577b6d95e3.flv,1f025a1f075ff2d25d5469a1343932e09ea13b2a.flv	(0, 11)(1, 13)(4, 14)(5, 15)(6, 16)(7, 17)
10f0d273cc6c1f888004537f30d5ef577b6d95e3.flv,32b25dee50d2c710b1122afe7371b9fa274241d6.flv	(4, 1)(5, 2)(6, 3)(7, 4)
10f0d273cc6c1f888004537f30d5ef577b6d95e3.flv,3f4c158b7f419867204968bd5e1f70003fefc889.flv	(0, 1)(3, 4)(5, 8)(7, 9)
10f0d273cc6c1f888004537f30d5ef577b6d95e3.flv,4120e70bc6332bd6010e76b0054c45653bfa6f94.flv	(0, 1)(1, 2)(3, 3)(5, 4)(6, 5)(7, 6)
10f0d273cc6c1f888004537f30d5ef577b6d95e3.flv,50267c2376f0e05d38f8d468d4bb403fab5cc454.flv	(0, 6)(1, 8)(3, 9)
10f0d273cc6c1f888004537f30d5ef577b6d95e3.flv,50267c2376f0e05d38f8d468d4bb403fab5cc454.flv	(0, 14)
10f0d273cc6c1f888004537f30d5ef577b6d95e3.flv,54b8c1ae26a16400c15badbae407c809b3ebf03c.flv	(0, 1)(5, 3)(7, 4)
10f0d273cc6c1f888004537f30d5ef577b6d95e3.flv,55dde762dc283ee301065f670b6d7c08c3c32668.flv	(0, 17)(1, 18)(3, 19)(4, 20)(5, 22)
10f0d273cc6c1f888004537f30d5ef577b6d95e3.flv,66246823d79897fd7d93677c6c0244a3cbd4657f.flv	(0, 12)(4, 15)(5, 16)(6, 17)(7, 18)
10f0d273cc6c1f888004537f30d5ef577b6d95e3.flv,69bcf906c79504494d9f23192f4801b61b4fd966.flv	(0, 4)(5, 6)
10f0d273cc6c1f888004537f30d5ef577b6d95e3.flv,750357acf34899c1c99eb2ae22880c88a776c946.flv	(0, 0)(5, 2)(6, 3)
10f0d273cc6c1f888004537f30d5ef577b6d95e3.flv,7c34e7d6022bcd3c7c225feed3fca1e8e72249a4.flv	(0, 1)(1, 2)(3, 3)(5, 4)(6, 5)(7, 6)
10f0d273cc6c1f888004537f30d5ef577b6d95e3.flv,855f0c045b8b0f8f74a6e8a8d7cfc4aff5fbcc4b.flv	(0, 6)
10f0d273cc6c1f888004537f30d5ef577b6d95e3.flv,8cd04dbb4576f83ebe1f480d6a33a24c3a5882bd.flv	(1, 7)(4, 11)(5, 12)(6, 13)(7, 14)
10f0d273cc6c1f888004537f30d5ef577b6d95e3.flv,8f95e2c9940b1ea46fa23702ca70f4cbefd9e3ef.flv	(0, 2)(1, 5)(2, 6)(3, 7)(4, 8)(5, 9)(6, 10)(7, 11)
10f0d273cc6c1f888004537f30d5ef577b6d95e3.flv,9d4fe306b83253fdd9734daaf6d56df5a5ec648f.flv	(0, 1)(1, 3)(2, 4)(3, 5)(7, 9)
10f0d273cc6c1f888004537f30d5ef577b6d95e3.flv,9e9f2730f5f2bb277d07f7125372352597274f6b.flv	(1, 4)(3, 6)(4, 7)(5, 8)(6, 9)(7, 10)
10f0d273cc6c1f888004537f30d5ef577b6d95e3.flv,9efa8c1165cc587476f284ecda53b88c9fd92697.flv	(0, 1)(1, 3)(2, 4)(3, 5)(7, 9)
10f0d273cc6c1f888004537f30d5ef577b6d95e3.flv,a9edef40077c3d7c638dae4a24a83bf6e42b34b1.flv	(0, 1)(3, 3)(4, 4)
10f0d273cc6c1f888004537f30d5ef577b6d95e3.flv,b728eae73b1705d4ef3884b5d536273c5cb47fbd.flv	(0, 2)(1, 4)(3, 5)(4, 6)(5, 7)(6, 8)(7, 9)
10f0d273cc6c1f888004537f30d5ef577b6d95e3.flv,d083d6a9a987fb0e37dddc0f134704a29677899c.flv	(0, 1)(1, 2)(5, 5)(6, 6)(7, 7)
10f0d273cc6c1f888004537f30d5ef577b6d95e3.flv,df097cb467b3a43683f48082099cfdfddae84f37.flv	(0, 1)(1, 3)(2, 4)(3, 5)(7, 9)
10f0d273cc6c1f888004537f30d5ef577b6d95e3.flv,e29e65d0e362b8e7d450d833227ea3c0f5f65f12.flv	(0, 1)(3, 3)(4, 4)
10f0d273cc6c1f888004537f30d5ef577b6d95e3.flv,e2cecbbd4e5683a610152e4b0e83deaa5090384a.flv	(0, 3)(1, 6)(4, 8)(5, 9)(6, 10)(7, 11)
10f0d273cc6c1f888004537f30d5ef577b6d95e3.flv,ea224722e7d3ef9c44d8140a2e435469384204d8.flv	(1, 19)(3, 20)(4, 22)(5, 23)(7, 24)
10f0d273cc6c1f888004537f30d5ef577b6d95e3.flv,f410b354eec142d6e0f1124bffe6aad83d8dc427.flv	(0, 6)(4, 8)(5, 9)
10f0d273cc6c1f888004537f30d5ef577b6d95e3.flv,fca7e9c46b6ec4b8cb53ff17d93bef484a341c5b.flv	(0, 8)(1, 10)(4, 13)(5, 15)
1d4062ded72a30caa898d2bb9c105994c8a96acc.flv,1d4062ded72a30caa898d2bb9c105994c8a96acc.flv	(0, 0)(1, 1)(2, 2)(3, 3)(4, 4)(5, 5)(6, 6)(7, 7)(8, 8)(9, 9)(10, 10)(11, 11)(12, 12)(13, 13)(14, 14)(15, 15)(16, 16)(17, 17)(18, 18)(19, 19)(20, 20)(21, 21)(22, 22)(23, 23)
1d4062ded72a30caa898d2bb9c105994c8a96acc.flv,1f025a1f075ff2d25d5469a1343932e09ea13b2a.flv	(0, 9)(1, 10)(2, 11)(3, 12)(4, 13)(7, 15)(8, 16)(9, 17)
1d4062ded72a30caa898d2bb9c105994c8a96acc.flv,32b25dee50d2c710b1122afe7371b9fa274241d6.flv	(6, 1)(7, 2)(8, 3)(9, 4)
1d4062ded72a30caa898d2bb9c105994c8a96acc.flv,3f4c158b7f419867204968bd5e1f70003fefc889.flv	(0, 0)(2, 1)(7, 8)(9, 9)
1d4062ded72a30caa898d2bb9c105994c8a96acc.flv,4120e70bc6332bd6010e76b0054c45653bfa6f94.flv	(1, 0)(2, 1)(4, 2)(5, 3)(7, 4)(8, 5)(9, 6)
1d4062ded72a30caa898d2bb9c105994c8a96acc.flv,4120e70bc6332bd6010e76b0054c45653bfa6f94.flv	(12, 9)(13, 10)(14, 11)(15, 12)(16, 13)(17, 14)(18, 15)(19, 16)(21, 17)(22, 18)(23, 19)
1d4062ded72a30caa898d2bb9c105994c8a96acc.flv,50267c2376f0e05d38f8d468d4bb403fab5cc454.flv	(0, 4)(2, 6)(3, 7)(4, 8)(5, 9)
1d4062ded72a30caa898d2bb9c105994c8a96acc.flv,50267c2376f0e05d38f8d468d4bb403fab5cc454.flv	(3, 14)
1d4062ded72a30caa898d2bb9c105994c8a96acc.flv,54b8c1ae26a16400c15badbae407c809b3ebf03c.flv	(0, 0)(1, 0)(2, 1)(7, 3)(9, 4)
1d4062ded72a30caa898d2bb9c105994c8a96acc.flv,55dde762dc283ee301065f670b6d7c08c3c32668.flv	(2, 17)(4, 18)(5, 19)(6, 20)(7, 22)
1d4062ded72a30caa898d2bb9c105994c8a96acc.flv,55dde762dc283ee301065f670b6d7c08c3c32668.flv	(16, 32)(17, 34)
1d4062ded72a30caa898d2bb9c105994c8a96acc.flv,66246823d79897fd7d93677c6c0244a3cbd4657f.flv	(0, 9)(1, 10)(2, 12)(3, 13)(4, 14)(6, 15)(7, 16)(8, 17)(9, 18)
1d4062ded72a30caa898d2bb9c105994c8a96acc.flv,69bcf906c79504494d9f23192f4801b61b4fd966.flv	(0, 3)(2, 4)(5, 5)(7, 6)
1d4062ded72a30caa898d2bb9c105994c8a96acc.flv,69bcf906c79504494d9f23192f4801b61b4fd966.flv	(16, 11)(17, 12)
1d4062ded72a30caa898d2bb9c105994c8a96acc.flv,750357acf34899c1c99eb2ae22880c88a776c946.flv	(3, 0)(7, 2)(8, 3)
1d4062ded72a30caa898d2bb9c105994c8a96acc.flv,750357acf34899c1c99eb2ae22880c88a776c946.flv	(13, 4)(14, 5)
1d4062ded72a30caa898d2bb9c105994c8a96acc.flv,7c34e7d6022bcd3c7c225feed3fca1e8e72249a4.flv	(1, 0)(2, 1)(4, 2)(5, 3)(7, 4)(8, 5)(9, 6)
1d4062ded72a30caa898d2bb9c105994c8a96acc.flv,7c34e7d6022bcd3c7c225feed3fca1e8e72249a4.flv	(13, 10)(14, 11)(15, 12)(16, 13)(17, 14)(18, 15)(19, 16)(21, 17)(22, 18)(23, 19)
1d4062ded72a30caa898d2bb9c105994c8a96acc.flv,855f0c045b8b0f8f74a6e8a8d7cfc4aff5fbcc4b.flv	(2, 6)(3, 7)
1d4062ded72a30caa898d2bb9c105994c8a96acc.flv,8cd04dbb4576f83ebe1f480d6a33a24c3a5882bd.flv	(0, 0)(1, 2)(2, 4)(3, 6)(4, 7)(6, 11)(7, 12)(8, 13)(9, 14)(11, 16)(12, 17)
1d4062ded72a30caa898d2bb9c105994c8a96acc.flv,8cd04dbb4576f83ebe1f480d6a33a24c3a5882bd.flv	(15, 21)(16, 22)(19, 25)(20, 26)(21, 27)(22, 28)(23, 29)
1d4062ded72a30caa898d2bb9c105994c8a96acc.flv,8f95e2c9940b1ea46fa23702ca70f4cbefd9e3ef.flv	(0, 0)(2, 2)(3, 3)(4, 5)(5, 7)(6, 8)(7, 9)(8, 10)(9, 11)(10, 12)(11, 13)
1d4062ded72a30caa898d2bb9c105994c8a96acc.flv,8f95e2c9940b1ea46fa23702ca70f4cbefd9e3ef.flv	(12, 15)(13, 16)(14, 17)(15, 18)(16, 19)(17, 20)
1d4062ded72a30caa898d2bb9c105994c8a96acc.flv,9d4fe306b83253fdd9734daaf6d56df5a5ec648f.flv	(0, 0)(2, 1)(3, 2)(4, 3)(5, 5)(7, 7)(8, 8)(9, 9)
1d4062ded72a30caa898d2bb9c105994c8a96acc.flv,9e9f2730f5f2bb277d07f7125372352597274f6b.flv	(0, 0)(1, 1)(2, 2)(3, 3)(4, 4)(5, 6)(6, 7)(7, 8)(8, 9)(9, 10)(10, 11)(11, 12)(12, 13)(13, 14)(14, 15)(15, 16)(16, 17)(17, 18)(18, 19)(19, 20)
1d4062ded72a30caa898d2bb9c105994c8a96acc.flv,9efa8c1165cc587476f284ecda53b88c9fd92697.flv	(0, 0)(2, 1)(3, 2)(4, 3)(5, 5)(7, 7)(8, 8)(9, 9)
1d4062ded72a30caa898d2bb9c105994c8a96acc.flv,a9edef40077c3d7c638dae4a24a83bf6e42b34b1.flv	(0, 0)(2, 1)(4, 2)(5, 3)(6, 4)
1d4062ded72a30caa898d2bb9c105994c8a96acc.flv,b728eae73b1705d4ef3884b5d536273c5cb47fbd.flv	(0, 0)(1, 1)(2, 2)(3, 3)(4, 4)(5, 5)(6, 6)(7, 7)(8, 8)(9, 9)(10, 10)(11, 11)(12, 12)(13, 13)(14, 14)(15, 15)(16, 16)(17, 17)(18, 18)(19, 19)(20, 20)(21, 21)(22, 22)(23, 23)
1d4062ded72a30caa898d2bb9c105994c8a96acc.flv,d083d6a9a987fb0e37dddc0f134704a29677899c.flv	(0, 0)(2, 1)(4, 2)(7, 5)(8, 6)(9, 7)
1d4062ded72a30caa898d2bb9c105994c8a96acc.flv,df097cb467b3a43683f48082099cfdfddae84f37.flv	(0, 0)(2, 1)(3, 2)(4, 3)(5, 5)(7, 7)(8, 8)(9, 9)
1d4062ded72a30caa898d2bb9c105994c8a96acc.flv,e29e65d0e362b8e7d450d833227ea3c0f5f65f12.flv	(1, 0)(2, 1)(4, 2)(5, 3)(7, 4)(8, 5)(9, 6)
1d4062ded72a30caa898d2bb9c105994c8a96acc.flv,e29e65d0e362b8e7d450d833227ea3c0f5f65f12.flv	(13, 10)(14, 11)(15, 12)(16, 13)(17, 14)(18, 15)(19, 16)(21, 17)(22, 18)(23, 19)
1d4062ded72a30caa898d2bb9c105994c8a96acc.flv,e2cecbbd4e5683a610152e4b0e83deaa5090384a.flv	(2, 3)(7, 9)(8, 10)(9, 11)
1d4062ded72a30caa898d2bb9c105994c8a96acc.flv,ea224722e7d3ef9c44d8140a2e435469384204d8.flv	(0, 14)(1, 15)(2, 16)(3, 17)(4, 19)(5, 20)(6, 22)(7, 23)(9, 24)
1d4062ded72a30caa898d2bb9c105994c8a96acc.flv,f410b354eec142d6e0f1124bffe6aad83d8dc427.flv	(0, 3)(1, 4)(3, 6)(4, 7)(6, 8)(7, 9)
1d4062ded72a30caa898d2bb9c105994c8a96acc.flv,fca7e9c46b6ec4b8cb53ff17d93bef484a341c5b.flv	(1, 6)(2, 8)(4, 10)(6, 13)(7, 15)(8, 16)(9, 17)
1f025a1f075ff2d25d5469a1343932e09ea13b2a.flv,1f025a1f075ff2d25d5469a1343932e09ea13b2a.flv	(0, 0)(1, 1)(2, 2)(3, 3)(4, 4)(5, 5)(6, 6)(7, 7)(8, 8)(9, 9)(10, 10)(11, 11)(12, 12)(13, 13)(14, 14)(15, 15)(16, 16)(17, 17)(18, 18)(19, 19)(20, 20)(21, 21)(22, 22)(23, 23)(24, 24)(25, 25)(26, 26)(27, 27)(28, 28)(29, 29)(30, 30)(31, 31)(32, 32)(33, 33)(34, 34)(35, 35)(36, 36)(37, 37)(38, 38)
1f025a1f075ff2d25d5469a1343932e09ea13b2a.flv,32b25dee50d2c710b1122afe7371b9fa274241d6.flv	(15, 2)(16, 3)(23, 5)
1f025a1f075ff2d25d5469a1343932e09ea13b2a.flv,3f4c158b7f419867204968bd5e1f70003fefc889.flv	(8, 0)(11, 1)(13, 3)(15, 8)(17, 9)
1f025a1f075ff2d25d5469a1343932e09ea13b2a.flv,4120e70bc6332bd6010e76b0054c45653bfa6f94.flv	(10, 0)(11, 1)(13, 2)(14, 3)(15, 4)(16, 5)(17, 6)
1f025a1f075ff2d25d5469a1343932e09ea13b2a.flv,50267c2376f0e05d38f8d468d4bb403fab5cc454.flv	(8, 12)(10, 13)
1f025a1f075ff2d25d5469a1343932e09ea13b2a.flv,50267c2376f0e05d38f8d468d4bb403fab5cc454.flv	(9, 4)(11, 6)(12, 7)(13, 8)
1f025a1f075ff2d25d5469a1343932e09ea13b2a.flv,50267c2376f0e05d38f8d468d4bb403fab5cc454.flv	(12, 14)
1f025a1f075ff2d25d5469a1343932e09ea13b2a.flv,54b8c1ae26a16400c15badbae407c809b3ebf03c.flv	(10, 0)(11, 1)(14, 2)(15, 3)(17, 4)
1f025a1f075ff2d25d5469a1343932e09ea13b2a.flv,55dde762dc283ee301065f670b6d7c08c3c32668.flv	(0, 4)(1, 6)(2, 7)(3, 8)(4, 9)(5, 10)(6, 11)(7, 12)(8, 13)(9, 14)(10, 16)(11, 17)(13, 18)(15, 22)
1f025a1f075ff2d25d5469a1343932e09ea13b2a.flv,55dde762dc283ee301065f670b6d7c08c3c32668.flv	(27, 34)
1f025a1f075ff2d25d5469a1343932e09ea13b2a.flv,66246823d79897fd7d93677c6c0244a3cbd4657f.flv	(0, 0)(2, 2)(3, 3)(4, 4)(5, 5)(6, 6)(7, 7)(8, 8)(9, 9)(10, 10)(11, 12)(12, 13)(13, 14)(14, 15)(15, 16)(16, 17)(17, 18)(18, 19)(19, 20)(20, 21)(21, 22)(22, 23)(23, 24)(24, 25)(25, 26)(27, 27)(28, 28)(29, 29)(30, 30)(31, 32)
1f025a1f075ff2d25d5469a1343932e09ea13b2a.flv,69bcf906c79504494d9f23192f4801b61b4fd966.flv	(3, 1)(11, 4)(14, 5)(15, 6)
1f025a1f075ff2d25d5469a1343932e09ea13b2a.flv,69bcf906c79504494d9f23192f4801b61b4fd966.flv	(27, 12)
1f025a1f075ff2d25d5469a1343932e09ea13b2a.flv,750357acf34899c1c99eb2ae22880c88a776c946.flv	(12, 0)(14, 1)(15, 2)(16, 3)(17, 4)
1f025a1f075ff2d25d5469a1343932e09ea13b2a.flv,7c34e7d6022bcd3c7c225feed3fca1e8e72249a4.flv	(10, 0)(11, 1)(13, 2)(14, 3)(15, 4)(16, 5)(17, 6)
1f025a1f075ff2d25d5469a1343932e09ea13b2a.flv,855f0c045b8b0f8f74a6e8a8d7cfc4aff5fbcc4b.flv	(11, 6)(12, 7)
1f025a1f075ff2d25d5469a1343932e09ea13b2a.flv,8cd04dbb4576f83ebe1f480d6a33a24c3a5882bd.flv	(11, 4)(12, 6)(13, 7)(15, 12)(16, 13)(17, 14)
1f025a1f075ff2d25d5469a1343932e09ea13b2a.flv,8f95e2c9940b1ea46fa23702ca70f4cbefd9e3ef.flv	(10, 0)(11, 2)(12, 3)(15, 9)(16, 10)(17, 11)
1f025a1f075ff2d25d5469a1343932e09ea13b2a.flv,9d4fe306b83253fdd9734daaf6d56df5a5ec648f.flv	(9, 0)(11, 1)(12, 2)(14, 5)(15, 7)(16, 8)(17, 9)
1f025a1f075ff2d25d5469a1343932e09ea13b2a.flv,9e9f2730f5f2bb277d07f7125372352597274f6b.flv	(9, 0)(10, 1)(11, 2)(12, 3)(13, 4)(15, 8)(16, 9)(17, 10)
1f025a1f075ff2d25d5469a1343932e09ea13b2a.flv,9efa8c1165cc587476f284ecda53b88c9fd92697.flv	(9, 0)(11, 1)(12, 2)(14, 5)(15, 7)(16, 8)(17, 9)
1f025a1f075ff2d25d5469a1343932e09ea13b2a.flv,a9edef40077c3d7c638dae4a24a83bf6e42b34b1.flv	(11, 1)(13, 2)(14, 3)
1f025a1f075ff2d25d5469a1343932e09ea13b2a.flv,b728eae73b1705d4ef3884b5d536273c5cb47fbd.flv	(9, 0)(10, 1)(11, 2)(12, 3)(13, 4)(15, 7)(16, 8)(17, 9)
1f025a1f075ff2d25d5469a1343932e09ea13b2a.flv,d083d6a9a987fb0e37dddc0f134704a29677899c.flv	(11, 1)(12, 2)(13, 4)
1f025a1f075ff2d25d5469a1343932e09ea13b2a.flv,df097cb467b3a43683f48082099cfdfddae84f37.flv	(9, 0)(11, 1)(12, 2)(14, 5)(15, 7)(16, 8)(17, 9)
1f025a1f075ff2d25d5469a1343932e09ea13b2a.flv,e29e65d0e362b8e7d450d833227ea3c0f5f65f12.flv	(10, 0)(11, 1)(13, 2)(14, 3)(15, 4)(16, 5)(17, 6)
1f025a1f075ff2d25d5469a1343932e09ea13b2a.flv,e2cecbbd4e5683a610152e4b0e83deaa5090384a.flv	(7, 0)(8, 1)(10, 2)(11, 3)(12, 4)(14, 8)(15, 9)(16, 10)(17, 11)(18, 12)(19, 13)(21, 15)(22, 16)(23, 17)(24, 18)(28, 20)(30, 22)(31, 24)(34, 25)(35, 26)(36, 28)(37, 29)(38, 30)
1f025a1f075ff2d25d5469a1343932e09ea13b2a.flv,ea224722e7d3ef9c44d8140a2e435469384204d8.flv	(0, 3)(4, 9)(5, 10)(6, 11)(7, 12)(8, 14)(10, 15)(11, 16)(13, 19)(15, 23)(17, 24)
1f025a1f075ff2d25d5469a1343932e09ea13b2a.flv,f410b354eec142d6e0f1124bffe6aad83d8dc427.flv	(4, 0)(6, 1)(7, 2)(8, 3)(10, 4)(13, 7)(14, 8)(15, 9)
1f025a1f075ff2d25d5469a1343932e09ea13b2a.flv,fca7e9c46b6ec4b8cb53ff17d93bef484a341c5b.flv	(3, 0)(4, 1)(5, 2)(6, 3)(7, 4)(8, 5)(10, 6)(11, 8)(12, 9)(13, 10)(15, 15)(16, 16)(17, 17)(18, 18)(19, 19)(20, 20)(21, 21)(23, 22)(24, 23)(26, 24)(27, 25)(28, 26)(29, 27)(30, 28)(34, 32)(35, 33)(36, 34)(37, 35)(38, 36)
32b25dee50d2c710b1122afe7371b9fa274241d6.flv,32b25dee50d2c710b1122afe7371b9fa274241d6.flv	(0, 0)(1, 1)(2, 2)(3, 3)(4, 4)(5, 5)
32b25dee50d2c710b1122afe7371b9fa274241d6.flv,3f4c158b7f419867204968bd5e1f70003fefc889.flv	(0, 3)(4, 9)
32b25dee50d2c710b1122afe7371b9fa274241d6.flv,4120e70bc6332bd6010e76b0054c45653bfa6f94.flv	(2, 4)(3, 5)(4, 6)
32b25dee50d2c710b1122afe7371b9fa274241d6.flv,50267c2376f0e05d38f8d468d4bb403fab5cc454.flv	
32b25dee50d2c710b1122afe7371b9fa274241d6.flv,50267c2376f0e05d38f8d468d4bb403fab5cc454.flv	(0, 14)
32b25dee50d2c710b1122afe7371b9fa274241d6.flv,54b8c1ae26a16400c15badbae407c809b3ebf03c.flv	(2, 3)(4, 4)
32b25dee50d2c710b1122afe7371b9fa274241d6.flv,55dde762dc283ee301065f670b6d7c08c3c32668.flv	(1, 20)(2, 22)
32b25dee50d2c710b1122afe7371b9fa274241d6.flv,66246823d79897fd7d93677c6c0244a3cbd4657f.flv	(1, 15)(2, 16)(3, 17)(5, 24)
32b25dee50d2c710b1122afe7371b9fa274241d6.flv,69bcf906c79504494d9f23192f4801b61b4fd966.flv	(2, 6)
32b25dee50d2c710b1122afe7371b9fa274241d6.flv,750357acf34899c1c99eb2ae22880c88a776c946.flv	(0, 1)(2, 2)(4, 4)
32b25dee50d2c710b1122afe7371b9fa274241d6.flv,7c34e7d6022bcd3c7c225feed3fca1e8e72249a4.flv	(2, 4)(3, 5)(4, 6)
32b25dee50d2c710b1122afe7371b9fa274241d6.flv,855f0c045b8b0f8f74a6e8a8d7cfc4aff5fbcc4b.flv	(0, 6)
32b25dee50d2c710b1122afe7371b9fa274241d6.flv,8cd04dbb4576f83ebe1f480d6a33a24c3a5882bd.flv	(1, 11)(2, 12)(3, 13)(4, 14)
32b25dee50d2c710b1122afe7371b9fa274241d6.flv,8f95e2c9940b1ea46fa23702ca70f4cbefd9e3ef.flv	(1, 8)(2, 9)(3, 10)(4, 11)
32b25dee50d2c710b1122afe7371b9fa274241d6.flv,9d4fe306b83253fdd9734daaf6d56df5a5ec648f.flv	(2, 7)(3, 8)(4, 9)
32b25dee50d2c710b1122afe7371b9fa274241d6.flv,9e9f2730f5f2bb277d07f7125372352597274f6b.flv	(1, 7)(2, 8)(3, 9)(4, 10)
32b25dee50d2c710b1122afe7371b9fa274241d6.flv,9efa8c1165cc587476f284ecda53b88c9fd92697.flv	(2, 7)(3, 8)(4, 9)
32b25dee50d2c710b1122afe7371b9fa274241d6.flv,a9edef40077c3d7c638dae4a24a83bf6e42b34b1.flv	(1, 4)
32b25dee50d2c710b1122afe7371b9fa274241d6.flv,b728eae73b1705d4ef3884b5d536273c5cb47fbd.flv	(1, 6)(2, 7)(3, 8)(4, 9)
32b25dee50d2c710b1122afe7371b9fa274241d6.flv,d083d6a9a987fb0e37dddc0f134704a29677899c.flv	(2, 5)(3, 6)(4, 7)
32b25dee50d2c710b1122afe7371b9fa274241d6.flv,df097cb467b3a43683f48082099cfdfddae84f37.flv	(2, 7)(3, 8)(4, 9)
32b25dee50d2c710b1122afe7371b9fa274241d6.flv,e29e65d0e362b8e7d450d833227ea3c0f5f65f12.flv	(2, 4)(3, 5)(4, 6)
32b25dee50d2c710b1122afe7371b9fa274241d6.flv,e2cecbbd4e5683a610152e4b0e83deaa5090384a.flv	(2, 9)(3, 10)(5, 17)
32b25dee50d2c710b1122afe7371b9fa274241d6.flv,ea224722e7d3ef9c44d8140a2e435469384204d8.flv	(1, 22)(2, 23)(4, 24)
32b25dee50d2c710b1122afe7371b9fa274241d6.flv,f410b354eec142d6e0f1124bffe6aad83d8dc427.flv	(0, 7)(1, 8)(2, 9)
32b25dee50d2c710b1122afe7371b9fa274241d6.flv,fca7e9c46b6ec4b8cb53ff17d93bef484a341c5b.flv	(1, 13)(2, 15)(5, 22)
3f4c158b7f419867204968bd5e1f70003fefc889.flv,3f4c158b7f419867204968bd5e1f70003fefc889.flv	(0, 0)(1, 1)(2, 2)(3, 3)(4, 4)(5, 5)(6, 6)(7, 7)(8, 8)(9, 9)(10, 10)(11, 11)(12, 12)(13, 13)
3f4c158b7f419867204968bd5e1f70003fefc889.flv,4120e70bc6332bd6010e76b0054c45653bfa6f94.flv	(1, 1)(8, 4)(9, 6)
3f4c158b7f419867204968bd5e1f70003fefc889.flv,50267c2376f0e05d38f8d468d4bb403fab5cc454.flv	(0, 12)(1, 13)
3f4c158b7f419867204968bd5e1f70003fefc889.flv,50267c2376f0e05d38f8d468d4bb403fab5cc454.flv	(0, 4)(1, 6)
3f4c158b7f419867204968bd5e1f70003fefc889.flv,50267c2376f0e05d38f8d468d4bb403fab5cc454.flv	(3, 14)
3f4c158b7f419867204968bd5e1f70003fefc889.flv,54b8c1ae26a16400c15badbae407c809b3ebf03c.flv	(9, 4)
3f4c158b7f419867204968bd5e1f70003fefc889.flv,55dde762dc283ee301065f670b6d7c08c3c32668.flv	(0, 13)(1, 17)(8, 22)
3f4c158b7f419867204968bd5e1f70003fefc889.flv,66246823d79897fd7d93677c6c0244a3cbd4657f.flv	(1, 12)(3, 14)(8, 16)(9, 18)
3f4c158b7f419867204968bd5e1f70003fefc889.flv,69bcf906c79504494d9f23192f4801b61b4fd966.flv	(0, 3)(8, 6)
3f4c158b7f419867204968bd5e1f70003fefc889.flv,750357acf34899c1c99eb2ae22880c88a776c946.flv	(8, 2)(9, 4)
3f4c158b7f419867204968bd5e1f70003fefc889.flv,7c34e7d6022bcd3c7c225feed3fca1e8e72249a4.flv	(1, 1)(8, 4)(9, 6)
3f4c158b7f419867204968bd5e1f70003fefc889.flv,855f0c045b8b0f8f74a6e8a8d7cfc4aff5fbcc4b.flv	(1, 6)(3, 7)
3f4c158b7f419867204968bd5e1f70003fefc889.flv,8cd04dbb4576f83ebe1f480d6a33a24c3a5882bd.flv	(0, 0)(4, 9)(5, 10)(8, 12)(9, 14)
3f4c158b7f419867204968bd5e1f70003fefc889.flv,8f95e2c9940b1ea46fa23702ca70f4cbefd9e3ef.flv	(0, 0)(9, 11)
3f4c158b7f419867204968bd5e1f70003fefc889.flv,9d4fe306b83253fdd9734daaf6d56df5a5ec648f.flv	(0, 0)(1, 1)(7, 6)(8, 7)(9, 9)
3f4c158b7f419867204968bd5e1f70003fefc889.flv,9e9f2730f5f2bb277d07f7125372352597274f6b.flv	(0, 0)(1, 2)(8, 8)(9, 10)
3f4c158b7f419867204968bd5e1f70003fefc889.flv,9efa8c1165cc587476f284ecda53b88c9fd92697.flv	(0, 0)(1, 1)(7, 6)(8, 7)(9, 9)
3f4c158b7f419867204968bd5e1f70003fefc889.flv,a9edef40077c3d7c638dae4a24a83bf6e42b34b1.flv	(0, 0)(1, 1)(3, 2)(4, 3)
3f4c158b7f419867204968bd5e1f70003fefc889.flv,b728eae73b1705d4ef3884b5d536273c5cb47fbd.flv	(0, 0)(1, 2)(8, 7)(9, 9)
3f4c158b7f419867204968bd5e1f70003fefc889.flv,d083d6a9a987fb0e37dddc0f134704a29677899c.flv	(0, 0)(1, 1)(8, 5)(9, 7)
3f4c158b7f419867204968bd5e1f70003fefc889.flv,df097cb467b3a43683f48082099cfdfddae84f37.flv	(0, 0)(1, 1)(7, 6)(8, 7)(9, 9)
3f4c158b7f419867204968bd5e1f70003fefc889.flv,e29e65d0e362b8e7d450d833227ea3c0f5f65f12.flv	(1, 1)(8, 4)(9, 6)
3f4c158b7f419867204968bd5e1f70003fefc889.flv,e2cecbbd4e5683a610152e4b0e83deaa5090384a.flv	(0, 1)(1, 3)(8, 9)(9, 11)
3f4c158b7f419867204968bd5e1f70003fefc889.flv,ea224722e7d3ef9c44d8140a2e435469384204d8.flv	(0, 16)(4, 23)
3f4c158b7f419867204968bd5e1f70003fefc889.flv,f410b354eec142d6e0f1124bffe6aad83d8dc427.flv	(0, 3)(8, 9)
3f4c158b7f419867204968bd5e1f70003fefc889.flv,fca7e9c46b6ec4b8cb53ff17d93bef484a341c5b.flv	(0, 5)(4, 12)(8, 15)(9, 17)
4120e70bc6332bd6010e76b0054c45653bfa6f94.flv,4120e70bc6332bd6010e76b0054c45653bfa6f94.flv	(0, 0)(1, 1)(2, 2)(3, 3)(4, 4)(5, 5)(6, 6)(7, 7)(8, 8)(9, 9)(10, 10)(11, 11)(12, 12)(13, 13)(14, 14)(15, 15)(16, 16)(17, 17)(18, 18)(19, 19)(20, 20)(21, 21)(22, 22)
4120e70bc6332bd6010e76b0054c45653bfa6f94.flv,50267c2376f0e05d38f8d468d4bb403fab5cc454.flv	(0, 5)(1, 6)(2, 8)(3, 9)
4120e70bc6332bd6010e76b0054c45653bfa6f94.flv,50267c2376f0e05d38f8d468d4bb403fab5cc454.flv	(1, 14)
4120e70bc6332bd6010e76b0054c45653bfa6f94.flv,54b8c1ae26a16400c15badbae407c809b3ebf03c.flv	(0, 0)(1, 1)(3, 2)(4, 3)(6, 4)
4120e70bc6332bd6010e76b0054c45653bfa6f94.flv,55dde762dc283ee301065f670b6d7c08c3c32668.flv	(0, 16)(1, 17)(2, 18)(3, 19)(4, 22)
4120e70bc6332bd6010e76b0054c45653bfa6f94.flv,55dde762dc283ee301065f670b6d7c08c3c32668.flv	(13, 32)(14, 34)
4120e70bc6332bd6010e76b0054c45653bfa6f94.flv,66246823d79897fd7d93677c6c0244a3cbd4657f.flv	(0, 10)(1, 12)(2, 14)(3, 15)(4, 16)(5, 17)(6, 18)
4120e70bc6332bd6010e76b0054c45653bfa6f94.flv,69bcf906c79504494d9f23192f4801b61b4fd966.flv	(0, 3)(1, 4)(3, 5)(4, 6)
4120e70bc6332bd6010e76b0054c45653bfa6f94.flv,69bcf906c79504494d9f23192f4801b61b4fd966.flv	(13, 11)(14, 12)
4120e70bc6332bd6010e76b0054c45653bfa6f94.flv,750357acf34899c1c99eb2ae22880c88a776c946.flv	(1, 0)(3, 1)(4, 2)(5, 3)(6, 4)
4120e70bc6332bd6010e76b0054c45653bfa6f94.flv,7c34e7d6022bcd3c7c225feed3fca1e8e72249a4.flv	(0, 0)(1, 1)(2, 2)(3, 3)(4, 4)(5, 5)(6, 6)(7, 7)(8, 8)(9, 9)(10, 10)(11, 11)(12, 12)(13, 13)(14, 14)(15, 15)(16, 16)(17, 17)(18, 18)(19, 19)(20, 20)(21, 21)(22, 22)
4120e70bc6332bd6010e76b0054c45653bfa6f94.flv,855f0c045b8b0f8f74a6e8a8d7cfc4aff5fbcc4b.flv	(1, 6)
4120e70bc6332bd6010e76b0054c45653bfa6f94.flv,8cd04dbb4576f83ebe1f480d6a33a24c3a5882bd.flv	(0, 1)(0, 2)(2, 7)(4, 12)(5, 13)(6, 14)
4120e70bc6332bd6010e76b0054c45653bfa6f94.flv,8f95e2c9940b1ea46fa23702ca70f4cbefd9e3ef.flv	(0, 0)(1, 2)(2, 5)(3, 7)(4, 9)(5, 10)(6, 11)
4120e70bc6332bd6010e76b0054c45653bfa6f94.flv,8f95e2c9940b1ea46fa23702ca70f4cbefd9e3ef.flv	(13, 19)(14, 20)
4120e70bc6332bd6010e76b0054c45653bfa6f94.flv,9d4fe306b83253fdd9734daaf6d56df5a5ec648f.flv	(0, 0)(1, 1)(2, 3)(3, 5)(4, 7)(5, 8)(6, 9)
4120e70bc6332bd6010e76b0054c45653bfa6f94.flv,9e9f2730f5f2bb277d07f7125372352597274f6b.flv	(0, 1)(1, 2)(1, 3)(2, 4)(3, 6)(4, 8)(5, 9)(6, 10)
4120e70bc6332bd6010e76b0054c45653bfa6f94.flv,9e9f2730f5f2bb277d07f7125372352597274f6b.flv	(9, 13)(10, 14)(11, 15)(12, 16)(13, 17)(14, 18)(15, 19)(16, 20)
4120e70bc6332bd6010e76b0054c45653bfa6f94.flv,9efa8c1165cc587476f284ecda53b88c9fd92697.flv	(0, 0)(1, 1)(2, 3)(3, 5)(4, 7)(5, 8)(6, 9)
4120e70bc6332bd6010e76b0054c45653bfa6f94.flv,a9edef40077c3d7c638dae4a24a83bf6e42b34b1.flv	(0, 0)(1, 1)(2, 2)(3, 3)
4120e70bc6332bd6010e76b0054c45653bfa6f94.flv,b728eae73b1705d4ef3884b5d536273c5cb47fbd.flv	(0, 1)(1, 2)(2, 4)(3, 5)(4, 7)(5, 8)(6, 9)
4120e70bc6332bd6010e76b0054c45653bfa6f94.flv,b728eae73b1705d4ef3884b5d536273c5cb47fbd.flv	(9, 12)(10, 13)(11, 14)(12, 15)(13, 16)(14, 17)(15, 18)(16, 19)(17, 21)(18, 22)(19, 23)
4120e70bc6332bd6010e76b0054c45653bfa6f94.flv,d083d6a9a987fb0e37dddc0f134704a29677899c.flv	(0, 0)(1, 1)(2, 2)(3, 4)(4, 5)(5, 6)(6, 7)
4120e70bc6332bd6010e76b0054c45653bfa6f94.flv,df097cb467b3a43683f48082099cfdfddae84f37.flv	(0, 0)(1, 1)(2, 3)(3, 5)(4, 7)(5, 8)(6, 9)
4120e70bc6332bd6010e76b0054c45653bfa6f94.flv,e29e65d0e362b8e7d450d833227ea3c0f5f65f12.flv	(0, 0)(1, 1)(2, 2)(3, 3)(4, 4)(5, 5)(6, 6)(7, 7)(8, 8)(9, 9)(10, 10)(11, 11)(12, 12)(13, 13)(14, 14)(15, 15)(16, 16)(17, 17)(18, 18)(19, 19)(20, 20)(21, 21)(22, 22)
4120e70bc6332bd6010e76b0054c45653bfa6f94.flv,e2cecbbd4e5683a610152e4b0e83deaa5090384a.flv	(0, 2)(1, 3)(2, 6)(3, 8)(4, 9)(5, 10)(6, 11)
4120e70bc6332bd6010e76b0054c45653bfa6f94.flv,ea224722e7d3ef9c44d8140a2e435469384204d8.flv	(0, 15)(1, 16)(2, 19)(4, 23)(6, 24)
4120e70bc6332bd6010e76b0054c45653bfa6f94.flv,f410b354eec142d6e0f1124bffe6aad83d8dc427.flv	(0, 4)(1, 6)(2, 7)(3, 8)(4, 9)
4120e70bc6332bd6010e76b0054c45653bfa6f94.flv,fca7e9c46b6ec4b8cb53ff17d93bef484a341c5b.flv	(0, 6)(1, 8)(2, 10)(4, 15)(5, 16)(6, 17)
50267c2376f0e05d38f8d468d4bb403fab5cc454.flv,50267c2376f0e05d38f8d468d4bb403fab5cc454.flv	(0, 0)(1, 1)(2, 2)(3, 3)(4, 4)(5, 5)(6, 6)(7, 7)(8, 8)(9, 9)(10, 10)(11, 11)(12, 12)(13, 13)(14, 14)(15, 15)
50267c2376f0e05d38f8d468d4bb403fab5cc454.flv,54b8c1ae26a16400c15badbae407c809b3ebf03c.flv	(4, 0)(6, 1)
50267c2376f0e05d38f8d468d4bb403fab5cc454.flv,54b8c1ae26a16400c15badbae407c809b3ebf03c.flv	(13, 0)
50267c2376f0e05d38f8d468d4bb403fab5cc454.flv,54b8c1ae26a16400c15badbae407c809b3ebf03c.flv	(14, 1)
50267c2376f0e05d38f8d468d4bb403fab5cc454.flv,55dde762dc283ee301065f670b6d7c08c3c32668.flv	(5, 16)(6, 17)(8, 18)(9, 19)
50267c2376f0e05d38f8d468d4bb403fab5cc454.flv,55dde762dc283ee301065f670b6d7c08c3c32668.flv	(12, 13)(13, 15)(13, 16)
50267c2376f0e05d38f8d468d4bb403fab5cc454.flv,55dde762dc283ee301065f670b6d7c08c3c32668.flv	(14, 17)
50267c2376f0e05d38f8d468d4bb403fab5cc454.flv,66246823d79897fd7d93677c6c0244a3cbd4657f.flv	(4, 9)(6, 12)(7, 13)(8, 14)
50267c2376f0e05d38f8d468d4bb403fab5cc454.flv,66246823d79897fd7d93677c6c0244a3cbd4657f.flv	(12, 9)(13, 10)
50267c2376f0e05d38f8d468d4bb403fab5cc454.flv,66246823d79897fd7d93677c6c0244a3cbd4657f.flv	(14, 13)
50267c2376f0e05d38f8d468d4bb403fab5cc454.flv,69bcf906c79504494d9f23192f4801b61b4fd966.flv	(4, 3)(6, 4)
50267c2376f0e05d38f8d468d4bb403fab5cc454.flv,69bcf906c79504494d9f23192f4801b61b4fd966.flv	(12, 3)
50267c2376f0e05d38f8d468d4bb403fab5cc454.flv,69bcf906c79504494d9f23192f4801b61b4fd966.flv	(14, 4)
50267c2376f0e05d38f8d468d4bb403fab5cc454.flv,750357acf34899c1c99eb2ae22880c88a776c946.flv	(7, 0)(8, 1)
50267c2376f0e05d38f8d468d4bb403fab5cc454.flv,750357acf34899c1c99eb2ae22880c88a776c946.flv	(14, 0)
50267c2376f0e05d38f8d468d4bb403fab5cc454.flv,7c34e7d6022bcd3c7c225feed3fca1e8e72249a4.flv	(5, 0)(6, 1)(8, 2)(9, 3)
50267c2376f0e05d38f8d468d4bb403fab5cc454.flv,7c34e7d6022bcd3c7c225feed3fca1e8e72249a4.flv	(14, 1)
50267c2376f0e05d38f8d468d4bb403fab5cc454.flv,855f0c045b8b0f8f74a6e8a8d7cfc4aff5fbcc4b.flv	(6, 6)(7, 7)
50267c2376f0e05d38f8d468d4bb403fab5cc454.flv,855f0c045b8b0f8f74a6e8a8d7cfc4aff5fbcc4b.flv	(14, 7)
50267c2376f0e05d38f8d468d4bb403fab5cc454.flv,8cd04dbb4576f83ebe1f480d6a33a24c3a5882bd.flv	(4, 0)(5, 1)(7, 6)(8, 7)(9, 8)
50267c2376f0e05d38f8d468d4bb403fab5cc454.flv,8cd04dbb4576f83ebe1f480d6a33a24c3a5882bd.flv	(12, 0)
50267c2376f0e05d38f8d468d4bb403fab5cc454.flv,8cd04dbb4576f83ebe1f480d6a33a24c3a5882bd.flv	(14, 6)
50267c2376f0e05d38f8d468d4bb403fab5cc454.flv,8f95e2c9940b1ea46fa23702ca70f4cbefd9e3ef.flv	(4, 0)(6, 2)(7, 3)(8, 5)(9, 7)
50267c2376f0e05d38f8d468d4bb403fab5cc454.flv,8f95e2c9940b1ea46fa23702ca70f4cbefd9e3ef.flv	(12, 0)(13, 0)
50267c2376f0e05d38f8d468d4bb403fab5cc454.flv,8f95e2c9940b1ea46fa23702ca70f4cbefd9e3ef.flv	(14, 3)
50267c2376f0e05d38f8d468d4bb403fab5cc454.flv,9d4fe306b83253fdd9734daaf6d56df5a5ec648f.flv	(4, 0)(6, 1)(7, 2)(8, 3)(9, 5)
50267c2376f0e05d38f8d468d4bb403fab5cc454.flv,9d4fe306b83253fdd9734daaf6d56df5a5ec648f.flv	(13, 0)
50267c2376f0e05d38f8d468d4bb403fab5cc454.flv,9d4fe306b83253fdd9734daaf6d56df5a5ec648f.flv	(14, 2)
50267c2376f0e05d38f8d468d4bb403fab5cc454.flv,9e9f2730f5f2bb277d07f7125372352597274f6b.flv	(4, 0)(6, 2)(7, 3)(8, 4)(9, 6)
50267c2376f0e05d38f8d468d4bb403fab5cc454.flv,9e9f2730f5f2bb277d07f7125372352597274f6b.flv	(12, 0)(13, 1)
50267c2376f0e05d38f8d468d4bb403fab5cc454.flv,9e9f2730f5f2bb277d07f7125372352597274f6b.flv	(14, 3)
50267c2376f0e05d38f8d468d4bb403fab5cc454.flv,9efa8c1165cc587476f284ecda53b88c9fd92697.flv	(4, 0)(6, 1)(7, 2)(8, 3)(9, 5)
50267c2376f0e05d38f8d468d4bb403fab5cc454.flv,9efa8c1165cc587476f284ecda53b88c9fd92697.flv	(13, 0)
50267c2376f0e05d38f8d468d4bb403fab5cc454.flv,9efa8c1165cc587476f284ecda53b88c9fd92697.flv	(14, 2)
50267c2376f0e05d38f8d468d4bb403fab5cc454.flv,a9edef40077c3d7c638dae4a24a83bf6e42b34b1.flv	(4, 0)(6, 1)(8, 2)(9, 3)
50267c2376f0e05d38f8d468d4bb403fab5cc454.flv,a9edef40077c3d7c638dae4a24a83bf6e42b34b1.flv	(12, 0)(13, 0)
50267c2376f0e05d38f8d468d4bb403fab5cc454.flv,a9edef40077c3d7c638dae4a24a83bf6e42b34b1.flv	(14, 1)(14, 2)
50267c2376f0e05d38f8d468d4bb403fab5cc454.flv,b728eae73b1705d4ef3884b5d536273c5cb47fbd.flv	(4, 0)(6, 2)(7, 3)(8, 4)(9, 5)
50267c2376f0e05d38f8d468d4bb403fab5cc454.flv,b728eae73b1705d4ef3884b5d536273c5cb47fbd.flv	(13, 0)
50267c2376f0e05d38f8d468d4bb403fab5cc454.flv,b728eae73b1705d4ef3884b5d536273c5cb47fbd.flv	(14, 3)
50267c2376f0e05d38f8d468d4bb403fab5cc454.flv,d083d6a9a987fb0e37dddc0f134704a29677899c.flv	(4, 0)(6, 1)(8, 2)(9, 3)
50267c2376f0e05d38f8d468d4bb403fab5cc454.flv,d083d6a9a987fb0e37dddc0f134704a29677899c.flv	(12, 0)
50267c2376f0e05d38f8d468d4bb403fab5cc454.flv,d083d6a9a987fb0e37dddc0f134704a29677899c.flv	
50267c2376f0e05d38f8d468d4bb403fab5cc454.flv,df097cb467b3a43683f48082099cfdfddae84f37.flv	(4, 0)(6, 1)(7, 2)(8, 3)(9, 5)
50267c2376f0e05d38f8d468d4bb403fab5cc454.flv,df097cb467b3a43683f48082099cfdfddae84f37.flv	(13, 0)
50267c2376f0e05d38f8d468d4bb403fab5cc454.flv,df097cb467b3a43683f48082099cfdfddae84f37.flv	(14, 2)
50267c2376f0e05d38f8d468d4bb403fab5cc454.flv,e29e65d0e362b8e7d450d833227ea3c0f5f65f12.flv	(5, 0)(6, 1)(8, 2)(9, 3)
50267c2376f0e05d38f8d468d4bb403fab5cc454.flv,e29e65d0e362b8e7d450d833227ea3c0f5f65f12.flv	(14, 1)
50267c2376f0e05d38f8d468d4bb403fab5cc454.flv,e2cecbbd4e5683a610152e4b0e83deaa5090384a.flv	(4, 1)(6, 3)(8, 6)(9, 7)
50267c2376f0e05d38f8d468d4bb403fab5cc454.flv,e2cecbbd4e5683a610152e4b0e83deaa5090384a.flv	(12, 1)(13, 2)
50267c2376f0e05d38f8d468d4bb403fab5cc454.flv,e2cecbbd4e5683a610152e4b0e83deaa5090384a.flv	(14, 4)(14, 5)
50267c2376f0e05d38f8d468d4bb403fab5cc454.flv,ea224722e7d3ef9c44d8140a2e435469384204d8.flv	(4, 14)(5, 15)(6, 16)(8, 19)(9, 20)
50267c2376f0e05d38f8d468d4bb403fab5cc454.flv,ea224722e7d3ef9c44d8140a2e435469384204d8.flv	(12, 14)
50267c2376f0e05d38f8d468d4bb403fab5cc454.flv,ea224722e7d3ef9c44d8140a2e435469384204d8.flv	(14, 18)
50267c2376f0e05d38f8d468d4bb403fab5cc454.flv,f410b354eec142d6e0f1124bffe6aad83d8dc427.flv	(4, 3)(5, 4)(8, 7)
50267c2376f0e05d38f8d468d4bb403fab5cc454.flv,f410b354eec142d6e0f1124bffe6aad83d8dc427.flv	(12, 3)
50267c2376f0e05d38f8d468d4bb403fab5cc454.flv,f410b354eec142d6e0f1124bffe6aad83d8dc427.flv	(14, 6)
50267c2376f0e05d38f8d468d4bb403fab5cc454.flv,fca7e9c46b6ec4b8cb53ff17d93bef484a341c5b.flv	(4, 5)(6, 8)(7, 9)(8, 10)(9, 11)
50267c2376f0e05d38f8d468d4bb403fab5cc454.flv,fca7e9c46b6ec4b8cb53ff17d93bef484a341c5b.flv	(12, 5)(13, 6)
50267c2376f0e05d38f8d468d4bb403fab5cc454.flv,fca7e9c46b6ec4b8cb53ff17d93bef484a341c5b.flv	(14, 9)
54b8c1ae26a16400c15badbae407c809b3ebf03c.flv,54b8c1ae26a16400c15badbae407c809b3ebf03c.flv	(0, 0)(1, 1)(2, 2)(3, 3)(4, 4)(5, 5)(6, 6)(7, 7)(8, 8)(9, 9)(10, 10)(11, 11)(12, 12)(13, 13)(14, 14)(15, 15)(16, 16)(17, 17)(18, 18)(19, 19)(20, 20)(21, 21)(22, 22)(23, 23)(24, 24)(25, 25)(26, 26)(27, 27)(28, 28)(29, 29)(30, 30)(31, 31)(32, 32)(33, 33)(34, 34)(35, 35)(36, 36)(37, 37)(38, 38)(39, 39)(40, 40)(41, 41)(42, 42)(43, 43)(44, 44)(45, 45)(46, 46)(47, 47)(48, 48)(49, 49)(50, 50)(51, 51)(52, 52)(53, 53)(54, 54)(55, 55)(56, 56)(57, 57)(58, 58)(59, 59)(60, 60)(61, 61)(62, 62)(63, 63)(64, 64)(65, 65)(66, 66)(67, 67)(68, 68)(69, 69)(70, 70)(71, 71)(72, 72)(73, 73)(74, 74)(75, 75)(76, 76)(77, 77)(78, 78)(79, 79)(80, 80)(81, 81)(82, 82)(83, 83)(84, 84)(85, 85)(86, 86)(87, 87)(88, 88)(89, 89)(90, 90)(91, 91)(92, 92)(93, 93)(94, 94)(95, 95)(96, 96)(97, 97)(98, 98)(99, 99)(100, 100)(101, 101)(102, 102)(103, 103)(104, 104)(105, 105)(106, 106)(107, 107)(108, 108)(109, 109)(110, 110)(111, 111)(112, 112)(113, 113)(114, 114)(115, 115)(116, 116)(117, 117)(118, 118)(119, 119)(120, 120)(121, 121)(122, 122)(123, 123)(124, 124)(125, 125)(126, 126)(127, 127)(128, 128)(129, 129)(130, 130)(131, 131)(132, 132)(133, 133)(134, 134)(135, 135)(136, 136)(137, 137)(138, 138)(139, 139)(140, 140)(141, 141)(142, 142)(143, 143)(144, 144)(145, 145)(146, 146)(147, 147)(148, 148)(149, 149)(150, 150)(151, 151)(152, 152)(153, 153)(154, 154)(155, 155)(156, 156)(157, 157)(158, 158)(159, 159)(160, 160)(161, 161)(162, 162)(163, 163)(164, 164)(165, 165)(166, 166)(167, 167)(168, 168)(169, 169)(170, 170)(171, 171)(172, 172)(173, 173)(174, 174)(175, 175)(176, 176)(177, 177)(178, 178)(179, 179)(180, 180)(181, 181)(182, 182)(183, 183)(184, 184)(185, 185)(186, 186)(187, 187)(188, 188)(189, 189)(190, 190)(191, 191)(192, 192)(193, 193)(194, 194)(195, 195)(196, 196)(197, 197)(198, 198)(199, 199)(200, 200)(201, 201)(202, 202)(203, 203)(204, 204)(205, 205)(206, 206)(207, 207)(208, 208)(209, 209)
54b8c1ae26a16400c15badbae407c809b3ebf03c.flv,55dde762dc283ee301065f670b6d7c08c3c32668.flv	(1, 17)(2, 19)(3, 22)
54b8c1ae26a16400c15badbae407c809b3ebf03c.flv,66246823d79897fd7d93677c6c0244a3cbd4657f.flv	(0, 10)(1, 12)(2, 14)(3, 16)(4, 18)
54b8c1ae26a16400c15badbae407c809b3ebf03c.flv,69bcf906c79504494d9f23192f4801b61b4fd966.flv	(0, 3)(1, 4)(2, 5)(3, 6)
54b8c1ae26a16400c15badbae407c809b3ebf03c.flv,750357acf34899c1c99eb2ae22880c88a776c946.flv	(1, 0)(2, 1)(3, 2)(4, 4)
54b8c1ae26a16400c15badbae407c809b3ebf03c.flv,7c34e7d6022bcd3c7c225feed3fca1e8e72249a4.flv	(0, 0)(1, 1)(2, 3)(3, 4)(4, 6)
54b8c1ae26a16400c15badbae407c809b3ebf03c.flv,855f0c045b8b0f8f74a6e8a8d7cfc4aff5fbcc4b.flv	(1, 6)
54b8c1ae26a16400c15badbae407c809b3ebf03c.flv,8cd04dbb4576f83ebe1f480d6a33a24c3a5882bd.flv	(3, 12)(4, 14)
54b8c1ae26a16400c15badbae407c809b3ebf03c.flv,8f95e2c9940b1ea46fa23702ca70f4cbefd9e3ef.flv	(0, 0)(1, 2)(3, 9)(4, 11)
54b8c1ae26a16400c15badbae407c809b3ebf03c.flv,9d4fe306b83253fdd9734daaf6d56df5a5ec648f.flv	(0, 0)(1, 1)(2, 5)(3, 7)(4, 9)
54b8c1ae26a16400c15badbae407c809b3ebf03c.flv,9e9f2730f5f2bb277d07f7125372352597274f6b.flv	(0, 1)(3, 8)(4, 10)
54b8c1ae26a16400c15badbae407c809b3ebf03c.flv,9efa8c1165cc587476f284ecda53b88c9fd92697.flv	(0, 0)(1, 1)(2, 5)(3, 7)(4, 9)
54b8c1ae26a16400c15badbae407c809b3ebf03c.flv,a9edef40077c3d7c638dae4a24a83bf6e42b34b1.flv	(0, 0)(1, 1)
54b8c1ae26a16400c15badbae407c809b3ebf03c.flv,b728eae73b1705d4ef3884b5d536273c5cb47fbd.flv	(0, 0)(0, 1)(1, 2)(3, 7)(4, 9)
54b8c1ae26a16400c15badbae407c809b3ebf03c.flv,d083d6a9a987fb0e37dddc0f134704a29677899c.flv	(0, 0)(1, 1)
54b8c1ae26a16400c15badbae407c809b3ebf03c.flv,df097cb467b3a43683f48082099cfdfddae84f37.flv	(0, 0)(1, 1)(2, 5)(3, 7)(4, 9)
54b8c1ae26a16400c15badbae407c809b3ebf03c.flv,e29e65d0e362b8e7d450d833227ea3c0f5f65f12.flv	(0, 0)(1, 1)(2, 3)(3, 4)(4, 6)
54b8c1ae26a16400c15badbae407c809b3ebf03c.flv,e2cecbbd4e5683a610152e4b0e83deaa5090384a.flv	(0, 2)(1, 3)(2, 8)(3, 9)(4, 11)
54b8c1ae26a16400c15badbae407c809b3ebf03c.flv,ea224722e7d3ef9c44d8140a2e435469384204d8.flv	(0, 14)(0, 15)(3, 23)(4, 24)
54b8c1ae26a16400c15badbae407c809b3ebf03c.flv,f410b354eec142d6e0f1124bffe6aad83d8dc427.flv	(0, 3)(0, 4)(1, 6)(2, 7)(3, 9)
54b8c1ae26a16400c15badbae407c809b3ebf03c.flv,fca7e9c46b6ec4b8cb53ff17d93bef484a341c5b.flv	(0, 6)(1, 8)(3, 15)(4, 17)
55dde762dc283ee301065f670b6d7c08c3c32668.flv,55dde762dc283ee301065f670b6d7c08c3c32668.flv	(0, 0)(1, 1)(2, 2)(3, 3)(4, 4)(5, 5)(6, 6)(7, 7)(8, 8)(9, 9)(10, 10)(11, 11)(12, 12)(13, 13)(14, 14)(15, 15)(16, 16)(17, 17)(18, 18)(19, 19)(20, 20)(21, 21)(22, 22)(23, 23)(24, 24)(25, 25)(26, 26)(27, 27)(28, 28)(29, 29)(30, 30)(31, 31)(32, 32)(33, 33)(34, 34)(35, 35)(36, 36)(37, 37)(38, 38)(39, 39)(40, 40)
55dde762dc283ee301065f670b6d7c08c3c32668.flv,66246823d79897fd7d93677c6c0244a3cbd4657f.flv	(4, 0)(5, 1)(7, 2)(8, 3)(9, 4)(10, 5)(11, 6)(12, 7)(13, 8)(16, 10)(17, 12)(22, 16)
55dde762dc283ee301065f670b6d7c08c3c32668.flv,69bcf906c79504494d9f23192f4801b61b4fd966.flv	(8, 1)(17, 4)(19, 5)(22, 6)(23, 7)(24, 8)(25, 9)(32, 11)(34, 12)(37, 13)
55dde762dc283ee301065f670b6d7c08c3c32668.flv,750357acf34899c1c99eb2ae22880c88a776c946.flv	(17, 0)(19, 1)(22, 2)
55dde762dc283ee301065f670b6d7c08c3c32668.flv,7c34e7d6022bcd3c7c225feed3fca1e8e72249a4.flv	(16, 0)(17, 1)(18, 2)(19, 3)(22, 4)
55dde762dc283ee301065f670b6d7c08c3c32668.flv,7c34e7d6022bcd3c7c225feed3fca1e8e72249a4.flv	(32, 13)(34, 14)
55dde762dc283ee301065f670b6d7c08c3c32668.flv,855f0c045b8b0f8f74a6e8a8d7cfc4aff5fbcc4b.flv	(17, 6)
55dde762dc283ee301065f670b6d7c08c3c32668.flv,8cd04dbb4576f83ebe1f480d6a33a24c3a5882bd.flv	(16, 1)(18, 7)(20, 11)(22, 12)
55dde762dc283ee301065f670b6d7c08c3c32668.flv,8cd04dbb4576f83ebe1f480d6a33a24c3a5882bd.flv	(32, 22)
55dde762dc283ee301065f670b6d7c08c3c32668.flv,8f95e2c9940b1ea46fa23702ca70f4cbefd9e3ef.flv	(17, 2)(18, 5)(19, 7)(20, 8)(22, 9)
55dde762dc283ee301065f670b6d7c08c3c32668.flv,8f95e2c9940b1ea46fa23702ca70f4cbefd9e3ef.flv	(32, 19)(33, 20)
55dde762dc283ee301065f670b6d7c08c3c32668.flv,9d4fe306b83253fdd9734daaf6d56df5a5ec648f.flv	(16, 0)(17, 1)(18, 3)(19, 5)(20, 6)(22, 7)
55dde762dc283ee301065f670b6d7c08c3c32668.flv,9e9f2730f5f2bb277d07f7125372352597274f6b.flv	(14, 0)(15, 0)(16, 1)(18, 4)(19, 6)(20, 7)(22, 8)
55dde762dc283ee301065f670b6d7c08c3c32668.flv,9e9f2730f5f2bb277d07f7125372352597274f6b.flv	(32, 17)
55dde762dc283ee301065f670b6d7c08c3c32668.flv,9efa8c1165cc587476f284ecda53b88c9fd92697.flv	(17, 1)(18, 3)(19, 5)(20, 6)(22, 7)
55dde762dc283ee301065f670b6d7c08c3c32668.flv,a9edef40077c3d7c638dae4a24a83bf6e42b34b1.flv	(17, 1)(19, 3)(20, 4)
55dde762dc283ee301065f670b6d7c08c3c32668.flv,b728eae73b1705d4ef3884b5d536273c5cb47fbd.flv	(17, 2)(18, 4)(19, 5)(20, 6)(22, 7)
55dde762dc283ee301065f670b6d7c08c3c32668.flv,b728eae73b1705d4ef3884b5d536273c5cb47fbd.flv	(32, 16)
55dde762dc283ee301065f670b6d7c08c3c32668.flv,d083d6a9a987fb0e37dddc0f134704a29677899c.flv	(17, 1)(18, 2)(22, 5)
55dde762dc283ee301065f670b6d7c08c3c32668.flv,df097cb467b3a43683f48082099cfdfddae84f37.flv	(16, 0)(17, 1)(18, 3)(19, 5)(20, 6)(22, 7)
55dde762dc283ee301065f670b6d7c08c3c32668.flv,e29e65d0e362b8e7d450d833227ea3c0f5f65f12.flv	(16, 0)(17, 1)(18, 2)(19, 3)(22, 4)
55dde762dc283ee301065f670b6d7c08c3c32668.flv,e29e65d0e362b8e7d450d833227ea3c0f5f65f12.flv	(32, 13)
55dde762dc283ee301065f670b6d7c08c3c32668.flv,e2cecbbd4e5683a610152e4b0e83deaa5090384a.flv	(12, 0)(13, 1)(16, 2)(17, 3)(18, 6)(19, 7)(22, 9)
55dde762dc283ee301065f670b6d7c08c3c32668.flv,e2cecbbd4e5683a610152e4b0e83deaa5090384a.flv	(34, 19)
55dde762dc283ee301065f670b6d7c08c3c32668.flv,ea224722e7d3ef9c44d8140a2e435469384204d8.flv	(4, 3)(5, 4)(8, 8)(9, 9)(10, 10)(11, 11)(12, 12)(13, 14)(20, 22)(22, 23)
55dde762dc283ee301065f670b6d7c08c3c32668.flv,f410b354eec142d6e0f1124bffe6aad83d8dc427.flv	(9, 0)(11, 1)(12, 2)(13, 3)(17, 6)(19, 7)(22, 9)
55dde762dc283ee301065f670b6d7c08c3c32668.flv,fca7e9c46b6ec4b8cb53ff17d93bef484a341c5b.flv	(8, 0)(9, 1)(11, 3)(12, 4)(13, 5)(16, 6)(17, 8)(18, 10)(19, 11)(20, 13)(21, 14)(22, 15)
55dde762dc283ee301065f670b6d7c08c3c32668.flv,fca7e9c46b6ec4b8cb53ff17d93bef484a341c5b.flv	(34, 25)
66246823d79897fd7d93677c6c0244a3cbd4657f.flv,66246823d79897fd7d93677c6c0244a3cbd4657f.flv	(0, 0)(1, 1)(2, 2)(3, 3)(4, 4)(5, 5)(6, 6)(7, 7)(8, 8)(9, 9)(10, 10)(11, 11)(12, 12)(13, 13)(14, 14)(15, 15)(16, 16)(17, 17)(18, 18)(19, 19)(20, 20)(21, 21)(22, 22)(23, 23)(24, 24)(25, 25)(26, 26)(27, 27)(28, 28)(29, 29)(30, 30)(31, 31)(32, 32)
66246823d79897fd7d93677c6c0244a3cbd4657f.flv,69bcf906c79504494d9f23192f4801b61b4fd966.flv	(10, 3)(12, 4)(14, 5)(16, 6)
66246823d79897fd7d93677c6c0244a3cbd4657f.flv,69bcf906c79504494d9f23192f4801b61b4fd966.flv	(27, 12)
66246823d79897fd7d93677c6c0244a3cbd4657f.flv,750357acf34899c1c99eb2ae22880c88a776c946.flv	(13, 0)(14, 1)(16, 2)(17, 3)(18, 4)
66246823d79897fd7d93677c6c0244a3cbd4657f.flv,7c34e7d6022bcd3c7c225feed3fca1e8e72249a4.flv	(10, 0)(12, 1)(14, 2)(15, 3)(16, 4)(17, 5)(18, 6)
66246823d79897fd7d93677c6c0244a3cbd4657f.flv,855f0c045b8b0f8f74a6e8a8d7cfc4aff5fbcc4b.flv	(12, 6)(13, 7)
66246823d79897fd7d93677c6c0244a3cbd4657f.flv,8cd04dbb4576f83ebe1f480d6a33a24c3a5882bd.flv	(9, 0)(11, 3)(12, 4)(13, 6)(15, 11)(16, 12)(17, 13)(18, 14)
66246823d79897fd7d93677c6c0244a3cbd4657f.flv,8f95e2c9940b1ea46fa23702ca70f4cbefd9e3ef.flv	(9, 0)(10, 0)(12, 2)(13, 3)(16, 9)(17, 10)(18, 11)
66246823d79897fd7d93677c6c0244a3cbd4657f.flv,9d4fe306b83253fdd9734daaf6d56df5a5ec648f.flv	(9, 0)(12, 1)(13, 2)(16, 7)(17, 8)(18, 9)
66246823d79897fd7d93677c6c0244a3cbd4657f.flv,9e9f2730f5f2bb277d07f7125372352597274f6b.flv	(9, 0)(10, 1)(12, 2)(13, 3)(14, 4)(15, 7)(16, 8)(17, 9)(18, 10)
66246823d79897fd7d93677c6c0244a3cbd4657f.flv,9efa8c1165cc587476f284ecda53b88c9fd92697.flv	(9, 0)(12, 1)(13, 2)(16, 7)(17, 8)(18, 9)
66246823d79897fd7d93677c6c0244a3cbd4657f.flv,a9edef40077c3d7c638dae4a24a83bf6e42b34b1.flv	(9, 0)(12, 1)(14, 2)
66246823d79897fd7d93677c6c0244a3cbd4657f.flv,b728eae73b1705d4ef3884b5d536273c5cb47fbd.flv	(9, 0)(10, 1)(12, 2)(13, 3)(14, 4)(15, 6)(16, 7)(17, 8)(18, 9)
66246823d79897fd7d93677c6c0244a3cbd4657f.flv,d083d6a9a987fb0e37dddc0f134704a29677899c.flv	(9, 0)(12, 1)(13, 2)(14, 4)
66246823d79897fd7d93677c6c0244a3cbd4657f.flv,df097cb467b3a43683f48082099cfdfddae84f37.flv	(9, 0)(12, 1)(13, 2)(16, 7)(17, 8)(18, 9)
66246823d79897fd7d93677c6c0244a3cbd4657f.flv,e29e65d0e362b8e7d450d833227ea3c0f5f65f12.flv	(10, 0)(12, 1)(14, 2)(15, 3)(16, 4)(17, 5)(18, 6)
66246823d79897fd7d93677c6c0244a3cbd4657f.flv,e2cecbbd4e5683a610152e4b0e83deaa5090384a.flv	(7, 0)(8, 1)(10, 2)(12, 3)(13, 4)(14, 7)(15, 8)(16, 9)(17, 10)(18, 11)(19, 12)(20, 13)(21, 14)(22, 15)(23, 16)(24, 17)(25, 18)(28, 20)(30, 22)(32, 24)
66246823d79897fd7d93677c6c0244a3cbd4657f.flv,ea224722e7d3ef9c44d8140a2e435469384204d8.flv	(10, 15)(12, 16)(15, 22)(16, 23)(18, 24)
66246823d79897fd7d93677c6c0244a3cbd4657f.flv,f410b354eec142d6e0f1124bffe6aad83d8dc427.flv	(4, 0)(6, 1)(7, 2)(10, 4)(11, 5)(12, 6)(14, 7)(15, 8)(16, 9)
66246823d79897fd7d93677c6c0244a3cbd4657f.flv,fca7e9c46b6ec4b8cb53ff17d93bef484a341c5b.flv	(3, 0)(4, 1)(5, 2)(6, 3)(7, 4)(10, 6)(12, 8)(14, 11)(15, 13)(16, 15)(17, 16)(18, 17)(19, 18)(22, 21)(24, 22)(25, 23)(26, 24)(27, 25)(28, 26)(30, 28)(32, 30)
69bcf906c79504494d9f23192f4801b61b4fd966.flv,69bcf906c79504494d9f23192f4801b61b4fd966.flv	(0, 0)(1, 1)(2, 2)(3, 3)(4, 4)(5, 5)(6, 6)(7, 7)(8, 8)(9, 9)(10, 10)(11, 11)(12, 12)(13, 13)(14, 14)(15, 15)
69bcf906c79504494d9f23192f4801b61b4fd966.flv,750357acf34899c1c99eb2ae22880c88a776c946.flv	(4, 0)(5, 1)(6, 2)
69bcf906c79504494d9f23192f4801b61b4fd966.flv,7c34e7d6022bcd3c7c225feed3fca1e8e72249a4.flv	(3, 0)(4, 1)(5, 3)(6, 4)
69bcf906c79504494d9f23192f4801b61b4fd966.flv,855f0c045b8b0f8f74a6e8a8d7cfc4aff5fbcc4b.flv	(4, 6)
69bcf906c79504494d9f23192f4801b61b4fd966.flv,8cd04dbb4576f83ebe1f480d6a33a24c3a5882bd.flv	(3, 0)(6, 12)
69bcf906c79504494d9f23192f4801b61b4fd966.flv,8cd04dbb4576f83ebe1f480d6a33a24c3a5882bd.flv	(11, 22)(11, 23)
69bcf906c79504494d9f23192f4801b61b4fd966.flv,8f95e2c9940b1ea46fa23702ca70f4cbefd9e3ef.flv	(3, 0)(4, 2)(6, 9)
69bcf906c79504494d9f23192f4801b61b4fd966.flv,8f95e2c9940b1ea46fa23702ca70f4cbefd9e3ef.flv	(11, 19)(12, 20)
69bcf906c79504494d9f23192f4801b61b4fd966.flv,9d4fe306b83253fdd9734daaf6d56df5a5ec648f.flv	(3, 0)(4, 1)(5, 5)(6, 7)
69bcf906c79504494d9f23192f4801b61b4fd966.flv,9e9f2730f5f2bb277d07f7125372352597274f6b.flv	(3, 0)(5, 6)(6, 8)
69bcf906c79504494d9f23192f4801b61b4fd966.flv,9e9f2730f5f2bb277d07f7125372352597274f6b.flv	(11, 17)(12, 18)
69bcf906c79504494d9f23192f4801b61b4fd966.flv,9efa8c1165cc587476f284ecda53b88c9fd92697.flv	(3, 0)(4, 1)(5, 5)(6, 7)
69bcf906c79504494d9f23192f4801b61b4fd966.flv,a9edef40077c3d7c638dae4a24a83bf6e42b34b1.flv	(3, 0)(4, 1)
69bcf906c79504494d9f23192f4801b61b4fd966.flv,b728eae73b1705d4ef3884b5d536273c5cb47fbd.flv	(3, 0)(4, 2)(5, 5)(6, 7)
69bcf906c79504494d9f23192f4801b61b4fd966.flv,b728eae73b1705d4ef3884b5d536273c5cb47fbd.flv	(11, 16)
69bcf906c79504494d9f23192f4801b61b4fd966.flv,d083d6a9a987fb0e37dddc0f134704a29677899c.flv	(3, 0)(4, 1)
69bcf906c79504494d9f23192f4801b61b4fd966.flv,df097cb467b3a43683f48082099cfdfddae84f37.flv	(3, 0)(4, 1)(5, 5)(6, 7)
69bcf906c79504494d9f23192f4801b61b4fd966.flv,e29e65d0e362b8e7d450d833227ea3c0f5f65f12.flv	(3, 0)(4, 1)(5, 3)(6, 4)
69bcf906c79504494d9f23192f4801b61b4fd966.flv,e29e65d0e362b8e7d450d833227ea3c0f5f65f12.flv	(11, 13)
69bcf906c79504494d9f23192f4801b61b4fd966.flv,e2cecbbd4e5683a610152e4b0e83deaa5090384a.flv	(3, 1)(4, 3)(6, 9)
69bcf906c79504494d9f23192f4801b61b4fd966.flv,e2cecbbd4e5683a610152e4b0e83deaa5090384a.flv	(12, 19)
69bcf906c79504494d9f23192f4801b61b4fd966.flv,ea224722e7d3ef9c44d8140a2e435469384204d8.flv	(1, 8)(3, 14)(6, 23)
69bcf906c79504494d9f23192f4801b61b4fd966.flv,f410b354eec142d6e0f1124bffe6aad83d8dc427.flv	(2, 1)(3, 3)(4, 6)(5, 7)(6, 9)
69bcf906c79504494d9f23192f4801b61b4fd966.flv,fca7e9c46b6ec4b8cb53ff17d93bef484a341c5b.flv	(1, 0)(4, 8)(6, 15)
69bcf906c79504494d9f23192f4801b61b4fd966.flv,fca7e9c46b6ec4b8cb53ff17d93bef484a341c5b.flv	(12, 25)
750357acf34899c1c99eb2ae22880c88a776c946.flv,750357acf34899c1c99eb2ae22880c88a776c946.flv	(0, 0)(1, 1)(2, 2)(3, 3)(4, 4)(5, 5)
750357acf34899c1c99eb2ae22880c88a776c946.flv,7c34e7d6022bcd3c7c225feed3fca1e8e72249a4.flv	(0, 1)(1, 3)(2, 4)(3, 5)(4, 6)
750357acf34899c1c99eb2ae22880c88a776c946.flv,7c34e7d6022bcd3c7c225feed3fca1e8e72249a4.flv	(4, 10)(5, 11)
750357acf34899c1c99eb2ae22880c88a776c946.flv,855f0c045b8b0f8f74a6e8a8d7cfc4aff5fbcc4b.flv	(0, 6)
750357acf34899c1c99eb2ae22880c88a776c946.flv,8cd04dbb4576f83ebe1f480d6a33a24c3a5882bd.flv	(0, 6)(2, 12)(3, 13)
750357acf34899c1c99eb2ae22880c88a776c946.flv,8f95e2c9940b1ea46fa23702ca70f4cbefd9e3ef.flv	(0, 2)(2, 9)(3, 10)(4, 11)
750357acf34899c1c99eb2ae22880c88a776c946.flv,8f95e2c9940b1ea46fa23702ca70f4cbefd9e3ef.flv	(4, 16)(5, 17)
750357acf34899c1c99eb2ae22880c88a776c946.flv,9d4fe306b83253fdd9734daaf6d56df5a5ec648f.flv	(0, 2)(1, 5)(2, 7)(4, 9)
750357acf34899c1c99eb2ae22880c88a776c946.flv,9e9f2730f5f2bb277d07f7125372352597274f6b.flv	(0, 3)(2, 8)(3, 9)(4, 10)
750357acf34899c1c99eb2ae22880c88a776c946.flv,9e9f2730f5f2bb277d07f7125372352597274f6b.flv	(4, 14)(5, 15)
750357acf34899c1c99eb2ae22880c88a776c946.flv,9efa8c1165cc587476f284ecda53b88c9fd92697.flv	(0, 2)(1, 5)(2, 7)(4, 9)
750357acf34899c1c99eb2ae22880c88a776c946.flv,a9edef40077c3d7c638dae4a24a83bf6e42b34b1.flv	(0, 1)
750357acf34899c1c99eb2ae22880c88a776c946.flv,b728eae73b1705d4ef3884b5d536273c5cb47fbd.flv	(0, 3)(2, 7)(3, 8)(4, 9)
750357acf34899c1c99eb2ae22880c88a776c946.flv,b728eae73b1705d4ef3884b5d536273c5cb47fbd.flv	(4, 13)(5, 14)
750357acf34899c1c99eb2ae22880c88a776c946.flv,d083d6a9a987fb0e37dddc0f134704a29677899c.flv	(0, 1)(2, 5)(3, 6)(4, 7)
750357acf34899c1c99eb2ae22880c88a776c946.flv,df097cb467b3a43683f48082099cfdfddae84f37.flv	(0, 2)(1, 5)(2, 7)(4, 9)
750357acf34899c1c99eb2ae22880c88a776c946.flv,e29e65d0e362b8e7d450d833227ea3c0f5f65f12.flv	(0, 1)(1, 3)(2, 4)(3, 5)(4, 6)
750357acf34899c1c99eb2ae22880c88a776c946.flv,e29e65d0e362b8e7d450d833227ea3c0f5f65f12.flv	(4, 10)(5, 11)
750357acf34899c1c99eb2ae22880c88a776c946.flv,e2cecbbd4e5683a610152e4b0e83deaa5090384a.flv	(0, 3)(2, 9)(3, 10)(4, 11)
750357acf34899c1c99eb2ae22880c88a776c946.flv,ea224722e7d3ef9c44d8140a2e435469384204d8.flv	(0, 17)(2, 23)(4, 24)
750357acf34899c1c99eb2ae22880c88a776c946.flv,f410b354eec142d6e0f1124bffe6aad83d8dc427.flv	(0, 6)(1, 7)(2, 9)
750357acf34899c1c99eb2ae22880c88a776c946.flv,fca7e9c46b6ec4b8cb53ff17d93bef484a341c5b.flv	(0, 8)(2, 15)(3, 16)(4, 17)
7c34e7d6022bcd3c7c225feed3fca1e8e72249a4.flv,7c34e7d6022bcd3c7c225feed3fca1e8e72249a4.flv	(0, 0)(1, 1)(2, 2)(3, 3)(4, 4)(5, 5)(6, 6)(7, 7)(8, 8)(9, 9)(10, 10)(11, 11)(12, 12)(13, 13)(14, 14)(15, 15)(16, 16)(17, 17)(18, 18)(19, 19)(20, 20)(21, 21)(22, 22)
7c34e7d6022bcd3c7c225feed3fca1e8e72249a4.flv,855f0c045b8b0f8f74a6e8a8d7cfc4aff5fbcc4b.flv	(1, 6)
7c34e7d6022bcd3c7c225feed3fca1e8e72249a4.flv,8cd04dbb4576f83ebe1f480d6a33a24c3a5882bd.flv	(0, 1)(0, 2)(2, 7)(4, 12)(5, 13)(6, 14)
7c34e7d6022bcd3c7c225feed3fca1e8e72249a4.flv,8cd04dbb4576f83ebe1f480d6a33a24c3a5882bd.flv	(12, 21)(13, 22)(14, 23)(15, 24)(16, 25)(17, 27)(18, 28)(19, 29)
7c34e7d6022bcd3c7c225feed3fca1e8e72249a4.flv,8f95e2c9940b1ea46fa23702ca70f4cbefd9e3ef.flv	(0, 0)(1, 2)(2, 5)(3, 7)(4, 9)(5, 10)(6, 11)
7c34e7d6022bcd3c7c225feed3fca1e8e72249a4.flv,8f95e2c9940b1ea46fa23702ca70f4cbefd9e3ef.flv	(10, 16)(11, 17)(12, 18)(13, 19)(14, 20)
7c34e7d6022bcd3c7c225feed3fca1e8e72249a4.flv,9d4fe306b83253fdd9734daaf6d56df5a5ec648f.flv	(0, 0)(1, 1)(2, 3)(3, 5)(4, 7)(5, 8)(6, 9)
7c34e7d6022bcd3c7c225feed3fca1e8e72249a4.flv,9e9f2730f5f2bb277d07f7125372352597274f6b.flv	(0, 1)(1, 2)(1, 3)(2, 4)(3, 6)(4, 8)(5, 9)(6, 10)
7c34e7d6022bcd3c7c225feed3fca1e8e72249a4.flv,9e9f2730f5f2bb277d07f7125372352597274f6b.flv	(9, 13)(10, 14)(11, 15)(12, 16)(13, 17)(14, 18)(15, 19)(16, 20)
7c34e7d6022bcd3c7c225feed3fca1e8e72249a4.flv,9efa8c1165cc587476f284ecda53b88c9fd92697.flv	(0, 0)(1, 1)(2, 3)(3, 5)(4, 7)(5, 8)(6, 9)
7c34e7d6022bcd3c7c225feed3fca1e8e72249a4.flv,a9edef40077c3d7c638dae4a24a83bf6e42b34b1.flv	(0, 0)(1, 1)(2, 2)(3, 3)
7c34e7d6022bcd3c7c225feed3fca1e8e72249a4.flv,b728eae73b1705d4ef3884b5d536273c5cb47fbd.flv	(0, 1)(1, 2)(2, 4)(3, 5)(4, 7)(5, 8)(6, 9)
7c34e7d6022bcd3c7c225feed3fca1e8e72249a4.flv,b728eae73b1705d4ef3884b5d536273c5cb47fbd.flv	(9, 12)(10, 13)(11, 14)(12, 15)(13, 16)(14, 17)(15, 18)(16, 19)(17, 21)(18, 22)(19, 23)
7c34e7d6022bcd3c7c225feed3fca1e8e72249a4.flv,d083d6a9a987fb0e37dddc0f134704a29677899c.flv	(1, 1)
7c34e7d6022bcd3c7c225feed3fca1e8e72249a4.flv,df097cb467b3a43683f48082099cfdfddae84f37.flv	(0, 0)(1, 1)(2, 3)(3, 5)(4, 7)(5, 8)(6, 9)
7c34e7d6022bcd3c7c225feed3fca1e8e72249a4.flv,e29e65d0e362b8e7d450d833227ea3c0f5f65f12.flv	(0, 0)(1, 1)(2, 2)(3, 3)(4, 4)(5, 5)(6, 6)(7, 7)(8, 8)(9, 9)(10, 10)(11, 11)(12, 12)(13, 13)(14, 14)(15, 15)(16, 16)(17, 17)(18, 18)(19, 19)(20, 20)(21, 21)(22, 22)
7c34e7d6022bcd3c7c225feed3fca1e8e72249a4.flv,e2cecbbd4e5683a610152e4b0e83deaa5090384a.flv	(0, 2)(1, 3)(2, 6)(3, 8)(4, 9)(5, 10)(6, 11)
7c34e7d6022bcd3c7c225feed3fca1e8e72249a4.flv,ea224722e7d3ef9c44d8140a2e435469384204d8.flv	(0, 15)(1, 16)(2, 19)(4, 23)(6, 24)
7c34e7d6022bcd3c7c225feed3fca1e8e72249a4.flv,f410b354eec142d6e0f1124bffe6aad83d8dc427.flv	(0, 4)(1, 6)(2, 7)(3, 8)(4, 9)
7c34e7d6022bcd3c7c225feed3fca1e8e72249a4.flv,fca7e9c46b6ec4b8cb53ff17d93bef484a341c5b.flv	(0, 6)(1, 8)(2, 10)(4, 15)(5, 16)(6, 17)
855f0c045b8b0f8f74a6e8a8d7cfc4aff5fbcc4b.flv,855f0c045b8b0f8f74a6e8a8d7cfc4aff5fbcc4b.flv	(0, 0)(1, 1)(2, 2)(3, 3)(4, 4)(5, 5)(6, 6)(7, 7)(8, 8)(9, 9)(10, 10)(11, 11)(12, 12)(13, 13)(14, 14)(15, 15)(16, 16)(17, 17)(18, 18)(19, 19)(20, 20)(21, 21)(22, 22)(23, 23)(24, 24)(25, 25)(26, 26)(27, 27)(28, 28)(29, 29)(30, 30)(31, 31)(32, 32)(33, 33)(34, 34)(35, 35)(36, 36)(37, 37)(38, 38)(39, 39)(40, 40)(41, 41)
855f0c045b8b0f8f74a6e8a8d7cfc4aff5fbcc4b.flv,8cd04dbb4576f83ebe1f480d6a33a24c3a5882bd.flv	(7, 6)
855f0c045b8b0f8f74a6e8a8d7cfc4aff5fbcc4b.flv,8f95e2c9940b1ea46fa23702ca70f4cbefd9e3ef.flv	(5, 1)(6, 2)(7, 3)
855f0c045b8b0f8f74a6e8a8d7cfc4aff5fbcc4b.flv,9d4fe306b83253fdd9734daaf6d56df5a5ec648f.flv	(6, 1)(7, 2)
855f0c045b8b0f8f74a6e8a8d7cfc4aff5fbcc4b.flv,9e9f2730f5f2bb277d07f7125372352597274f6b.flv	(6, 2)(7, 3)
855f0c045b8b0f8f74a6e8a8d7cfc4aff5fbcc4b.flv,9efa8c1165cc587476f284ecda53b88c9fd92697.flv	(6, 1)(7, 2)
855f0c045b8b0f8f74a6e8a8d7cfc4aff5fbcc4b.flv,a9edef40077c3d7c638dae4a24a83bf6e42b34b1.flv	(6, 1)
855f0c045b8b0f8f74a6e8a8d7cfc4aff5fbcc4b.flv,b728eae73b1705d4ef3884b5d536273c5cb47fbd.flv	(6, 2)(7, 3)
855f0c045b8b0f8f74a6e8a8d7cfc4aff5fbcc4b.flv,d083d6a9a987fb0e37dddc0f134704a29677899c.flv	(6, 1)(7, 3)
855f0c045b8b0f8f74a6e8a8d7cfc4aff5fbcc4b.flv,df097cb467b3a43683f48082099cfdfddae84f37.flv	(6, 1)(7, 2)
855f0c045b8b0f8f74a6e8a8d7cfc4aff5fbcc4b.flv,e29e65d0e362b8e7d450d833227ea3c0f5f65f12.flv	(6, 1)
855f0c045b8b0f8f74a6e8a8d7cfc4aff5fbcc4b.flv,e2cecbbd4e5683a610152e4b0e83deaa5090384a.flv	(6, 3)(7, 4)
855f0c045b8b0f8f74a6e8a8d7cfc4aff5fbcc4b.flv,ea224722e7d3ef9c44d8140a2e435469384204d8.flv	(7, 18)
855f0c045b8b0f8f74a6e8a8d7cfc4aff5fbcc4b.flv,f410b354eec142d6e0f1124bffe6aad83d8dc427.flv	(5, 5)(6, 6)
855f0c045b8b0f8f74a6e8a8d7cfc4aff5fbcc4b.flv,fca7e9c46b6ec4b8cb53ff17d93bef484a341c5b.flv	(5, 7)(6, 8)(7, 9)
8cd04dbb4576f83ebe1f480d6a33a24c3a5882bd.flv,8cd04dbb4576f83ebe1f480d6a33a24c3a5882bd.flv	(0, 0)(1, 1)(2, 2)(3, 3)(4, 4)(5, 5)(6, 6)(7, 7)(8, 8)(9, 9)(10, 10)(11, 11)(12, 12)(13, 13)(14, 14)(15, 15)(16, 16)(17, 17)(18, 18)(19, 19)(20, 20)(21, 21)(22, 22)(23, 23)(24, 24)(25, 25)(26, 26)(27, 27)(28, 28)(29, 29)
8cd04dbb4576f83ebe1f480d6a33a24c3a5882bd.flv,8f95e2c9940b1ea46fa23702ca70f4cbefd9e3ef.flv	(0, 0)(3, 1)(4, 2)(6, 3)(7, 5)(11, 8)(12, 9)(13, 10)(14, 11)
8cd04dbb4576f83ebe1f480d6a33a24c3a5882bd.flv,8f95e2c9940b1ea46fa23702ca70f4cbefd9e3ef.flv	(22, 19)(23, 20)
8cd04dbb4576f83ebe1f480d6a33a24c3a5882bd.flv,9d4fe306b83253fdd9734daaf6d56df5a5ec648f.flv	(0, 0)(4, 1)(6, 2)(7, 3)(12, 7)(13, 8)(14, 9)
8cd04dbb4576f83ebe1f480d6a33a24c3a5882bd.flv,9e9f2730f5f2bb277d07f7125372352597274f6b.flv	(0, 0)(4, 2)(6, 3)(7, 4)(11, 7)(12, 8)(13, 9)(14, 10)
8cd04dbb4576f83ebe1f480d6a33a24c3a5882bd.flv,9e9f2730f5f2bb277d07f7125372352597274f6b.flv	(21, 16)(22, 17)(23, 18)(24, 19)(25, 20)
8cd04dbb4576f83ebe1f480d6a33a24c3a5882bd.flv,9efa8c1165cc587476f284ecda53b88c9fd92697.flv	(0, 0)(4, 1)(6, 2)(7, 3)(12, 7)(13, 8)(14, 9)
8cd04dbb4576f83ebe1f480d6a33a24c3a5882bd.flv,a9edef40077c3d7c638dae4a24a83bf6e42b34b1.flv	(0, 0)(7, 2)(11, 4)
8cd04dbb4576f83ebe1f480d6a33a24c3a5882bd.flv,b728eae73b1705d4ef3884b5d536273c5cb47fbd.flv	(0, 0)(1, 1)(4, 2)(6, 3)(7, 4)(11, 6)(12, 7)(13, 8)(14, 9)
8cd04dbb4576f83ebe1f480d6a33a24c3a5882bd.flv,b728eae73b1705d4ef3884b5d536273c5cb47fbd.flv	(21, 15)(22, 16)(23, 17)(24, 18)(25, 19)(26, 20)(28, 22)(29, 23)
8cd04dbb4576f83ebe1f480d6a33a24c3a5882bd.flv,d083d6a9a987fb0e37dddc0f134704a29677899c.flv	(0, 0)(7, 2)(8, 3)(12, 5)(13, 6)(14, 7)
8cd04dbb4576f83ebe1f480d6a33a24c3a5882bd.flv,df097cb467b3a43683f48082099cfdfddae84f37.flv	(0, 0)(4, 1)(6, 2)(7, 3)(12, 7)(13, 8)(14, 9)
8cd04dbb4576f83ebe1f480d6a33a24c3a5882bd.flv,e29e65d0e362b8e7d450d833227ea3c0f5f65f12.flv	(1, 0)(2, 0)(7, 2)(12, 4)(13, 5)(14, 6)
8cd04dbb4576f83ebe1f480d6a33a24c3a5882bd.flv,e29e65d0e362b8e7d450d833227ea3c0f5f65f12.flv	(21, 12)(22, 13)(25, 16)(27, 17)(28, 18)(29, 19)
8cd04dbb4576f83ebe1f480d6a33a24c3a5882bd.flv,e2cecbbd4e5683a610152e4b0e83deaa5090384a.flv	(0, 1)(7, 6)(8, 7)(12, 9)(13, 10)(14, 11)
8cd04dbb4576f83ebe1f480d6a33a24c3a5882bd.flv,ea224722e7d3ef9c44d8140a2e435469384204d8.flv	(0, 14)(2, 15)(4, 16)(6, 17)(7, 19)(10, 21)(11, 22)(12, 23)(14, 24)
8cd04dbb4576f83ebe1f480d6a33a24c3a5882bd.flv,f410b354eec142d6e0f1124bffe6aad83d8dc427.flv	(0, 3)(1, 4)(3, 5)(11, 8)(12, 9)
8cd04dbb4576f83ebe1f480d6a33a24c3a5882bd.flv,fca7e9c46b6ec4b8cb53ff17d93bef484a341c5b.flv	(0, 5)(3, 7)(7, 10)(8, 11)(9, 12)(11, 13)(12, 15)(13, 16)(14, 17)
8f95e2c9940b1ea46fa23702ca70f4cbefd9e3ef.flv,8f95e2c9940b1ea46fa23702ca70f4cbefd9e3ef.flv	(0, 0)(1, 1)(2, 2)(3, 3)(4, 4)(5, 5)(6, 6)(7, 7)(8, 8)(9, 9)(10, 10)(11, 11)(12, 12)(13, 13)(14, 14)(15, 15)(16, 16)(17, 17)(18, 18)(19, 19)(20, 20)(21, 21)(22, 22)(23, 23)
8f95e2c9940b1ea46fa23702ca70f4cbefd9e3ef.flv,9d4fe306b83253fdd9734daaf6d56df5a5ec648f.flv	(0, 0)(2, 1)(3, 2)(5, 3)(6, 4)(7, 5)(9, 7)(10, 8)(11, 9)
8f95e2c9940b1ea46fa23702ca70f4cbefd9e3ef.flv,9e9f2730f5f2bb277d07f7125372352597274f6b.flv	(0, 1)(3, 3)(5, 4)(6, 5)(7, 6)(8, 7)(9, 8)(10, 9)(11, 10)(13, 12)
8f95e2c9940b1ea46fa23702ca70f4cbefd9e3ef.flv,9e9f2730f5f2bb277d07f7125372352597274f6b.flv	(15, 13)(16, 14)(17, 15)(18, 16)(19, 17)(20, 18)
8f95e2c9940b1ea46fa23702ca70f4cbefd9e3ef.flv,9efa8c1165cc587476f284ecda53b88c9fd92697.flv	(0, 0)(2, 1)(3, 2)(5, 3)(6, 4)(7, 5)(9, 7)(10, 8)(11, 9)
8f95e2c9940b1ea46fa23702ca70f4cbefd9e3ef.flv,a9edef40077c3d7c638dae4a24a83bf6e42b34b1.flv	(0, 0)(2, 1)(7, 3)(8, 4)
8f95e2c9940b1ea46fa23702ca70f4cbefd9e3ef.flv,b728eae73b1705d4ef3884b5d536273c5cb47fbd.flv	(0, 0)(2, 2)(3, 3)(7, 5)(8, 6)(9, 7)(10, 8)(11, 9)
8f95e2c9940b1ea46fa23702ca70f4cbefd9e3ef.flv,b728eae73b1705d4ef3884b5d536273c5cb47fbd.flv	(15, 12)(16, 13)(17, 14)(18, 15)(19, 16)(20, 17)
8f95e2c9940b1ea46fa23702ca70f4cbefd9e3ef.flv,d083d6a9a987fb0e37dddc0f134704a29677899c.flv	(0, 0)(2, 1)(5, 2)(9, 5)(10, 6)(11, 7)
8f95e2c9940b1ea46fa23702ca70f4cbefd9e3ef.flv,df097cb467b3a43683f48082099cfdfddae84f37.flv	(0, 0)(2, 1)(3, 2)(5, 3)(6, 4)(7, 5)(9, 7)(10, 8)(11, 9)
8f95e2c9940b1ea46fa23702ca70f4cbefd9e3ef.flv,e29e65d0e362b8e7d450d833227ea3c0f5f65f12.flv	(0, 0)(2, 1)(5, 2)(7, 3)(9, 4)(10, 5)(11, 6)
8f95e2c9940b1ea46fa23702ca70f4cbefd9e3ef.flv,e29e65d0e362b8e7d450d833227ea3c0f5f65f12.flv	(16, 10)(17, 11)
8f95e2c9940b1ea46fa23702ca70f4cbefd9e3ef.flv,e29e65d0e362b8e7d450d833227ea3c0f5f65f12.flv	(19, 13)
8f95e2c9940b1ea46fa23702ca70f4cbefd9e3ef.flv,e2cecbbd4e5683a610152e4b0e83deaa5090384a.flv	(0, 2)(2, 3)(3, 4)(5, 6)(9, 9)(10, 10)(11, 11)
8f95e2c9940b1ea46fa23702ca70f4cbefd9e3ef.flv,ea224722e7d3ef9c44d8140a2e435469384204d8.flv	(0, 14)(3, 18)(5, 19)(7, 21)(8, 22)(9, 23)(11, 24)
8f95e2c9940b1ea46fa23702ca70f4cbefd9e3ef.flv,f410b354eec142d6e0f1124bffe6aad83d8dc427.flv	(0, 3)(1, 5)(2, 6)(8, 8)(9, 9)
8f95e2c9940b1ea46fa23702ca70f4cbefd9e3ef.flv,fca7e9c46b6ec4b8cb53ff17d93bef484a341c5b.flv	(0, 6)(1, 7)(2, 8)(3, 9)(5, 10)(9, 15)(10, 16)(11, 17)
9d4fe306b83253fdd9734daaf6d56df5a5ec648f.flv,9d4fe306b83253fdd9734daaf6d56df5a5ec648f.flv	(0, 0)(1, 1)(2, 2)(3, 3)(4, 4)(5, 5)(6, 6)(7, 7)(8, 8)(9, 9)(10, 10)(11, 11)(12, 12)(13, 13)
9d4fe306b83253fdd9734daaf6d56df5a5ec648f.flv,9e9f2730f5f2bb277d07f7125372352597274f6b.flv	(0, 0)(1, 2)(2, 3)(3, 4)(5, 6)(7, 8)(8, 9)(9, 10)
9d4fe306b83253fdd9734daaf6d56df5a5ec648f.flv,9efa8c1165cc587476f284ecda53b88c9fd92697.flv	(0, 0)(1, 1)(2, 2)(3, 3)(4, 4)(5, 5)(6, 6)(7, 7)(8, 8)(9, 9)(10, 10)(11, 11)(12, 12)(13, 13)
9d4fe306b83253fdd9734daaf6d56df5a5ec648f.flv,a9edef40077c3d7c638dae4a24a83bf6e42b34b1.flv	(0, 0)(1, 1)(5, 3)(6, 4)
9d4fe306b83253fdd9734daaf6d56df5a5ec648f.flv,b728eae73b1705d4ef3884b5d536273c5cb47fbd.flv	(0, 0)(1, 2)(2, 3)(3, 4)(5, 5)(7, 7)(8, 8)(9, 9)
9d4fe306b83253fdd9734daaf6d56df5a5ec648f.flv,d083d6a9a987fb0e37dddc0f134704a29677899c.flv	(0, 0)(1, 1)(3, 2)(5, 4)(7, 5)(8, 6)(9, 7)
9d4fe306b83253fdd9734daaf6d56df5a5ec648f.flv,df097cb467b3a43683f48082099cfdfddae84f37.flv	(0, 0)(1, 1)(2, 2)(3, 3)(4, 4)(5, 5)(6, 6)(7, 7)(8, 8)(9, 9)(10, 10)(11, 11)(12, 12)(13, 13)
9d4fe306b83253fdd9734daaf6d56df5a5ec648f.flv,e29e65d0e362b8e7d450d833227ea3c0f5f65f12.flv	(0, 0)(1, 1)(3, 2)(5, 3)(7, 4)(8, 5)(9, 6)
9d4fe306b83253fdd9734daaf6d56df5a5ec648f.flv,e2cecbbd4e5683a610152e4b0e83deaa5090384a.flv	(0, 2)(1, 3)(3, 6)(7, 9)(8, 10)(9, 11)
9d4fe306b83253fdd9734daaf6d56df5a5ec648f.flv,ea224722e7d3ef9c44d8140a2e435469384204d8.flv	(0, 14)(0, 15)(1, 16)(2, 18)(3, 19)(6, 22)(7, 23)(9, 24)(10, 25)(11, 26)
9d4fe306b83253fdd9734daaf6d56df5a5ec648f.flv,f410b354eec142d6e0f1124bffe6aad83d8dc427.flv	(0, 3)(2, 6)(7, 9)
9d4fe306b83253fdd9734daaf6d56df5a5ec648f.flv,fca7e9c46b6ec4b8cb53ff17d93bef484a341c5b.flv	(0, 6)(3, 10)(7, 15)(9, 17)
9e9f2730f5f2bb277d07f7125372352597274f6b.flv,9e9f2730f5f2bb277d07f7125372352597274f6b.flv	(0, 0)(1, 1)(2, 2)(3, 3)(4, 4)(5, 5)(6, 6)(7, 7)(8, 8)(9, 9)(10, 10)(11, 11)(12, 12)(13, 13)(14, 14)(15, 15)(16, 16)(17, 17)(18, 18)(19, 19)(20, 20)
9e9f2730f5f2bb277d07f7125372352597274f6b.flv,9efa8c1165cc587476f284ecda53b88c9fd92697.flv	(0, 0)(2, 1)(3, 2)(4, 3)(6, 5)(8, 7)(9, 8)(10, 9)
9e9f2730f5f2bb277d07f7125372352597274f6b.flv,a9edef40077c3d7c638dae4a24a83bf6e42b34b1.flv	(0, 0)(4, 2)(6, 3)(7, 4)
9e9f2730f5f2bb277d07f7125372352597274f6b.flv,b728eae73b1705d4ef3884b5d536273c5cb47fbd.flv	(0, 0)(1, 1)(2, 2)(3, 3)(4, 4)(6, 5)(7, 6)(8, 7)(9, 8)(10, 9)(11, 10)(12, 11)(13, 12)(14, 13)(15, 14)(16, 15)(17, 16)(18, 17)(19, 18)(20, 19)
9e9f2730f5f2bb277d07f7125372352597274f6b.flv,d083d6a9a987fb0e37dddc0f134704a29677899c.flv	(0, 0)(4, 2)(8, 5)(9, 6)(10, 7)
9e9f2730f5f2bb277d07f7125372352597274f6b.flv,df097cb467b3a43683f48082099cfdfddae84f37.flv	(0, 0)(2, 1)(3, 2)(4, 3)(6, 5)(8, 7)(9, 8)(10, 9)
9e9f2730f5f2bb277d07f7125372352597274f6b.flv,e29e65d0e362b8e7d450d833227ea3c0f5f65f12.flv	(1, 0)(2, 1)(3, 1)(4, 2)(6, 3)(8, 4)(9, 5)(10, 6)
9e9f2730f5f2bb277d07f7125372352597274f6b.flv,e29e65d0e362b8e7d450d833227ea3c0f5f65f12.flv	(14, 10)(15, 11)(16, 12)(17, 13)(18, 14)(19, 15)(20, 16)
9e9f2730f5f2bb277d07f7125372352597274f6b.flv,e2cecbbd4e5683a610152e4b0e83deaa5090384a.flv	(0, 1)(1, 2)(2, 3)(4, 6)(8, 9)(9, 10)(10, 11)
9e9f2730f5f2bb277d07f7125372352597274f6b.flv,ea224722e7d3ef9c44d8140a2e435469384204d8.flv	(0, 14)(1, 15)(2, 16)(3, 17)(4, 19)(6, 20)(7, 22)(8, 23)(10, 24)
9e9f2730f5f2bb277d07f7125372352597274f6b.flv,f410b354eec142d6e0f1124bffe6aad83d8dc427.flv	(0, 3)(1, 4)(3, 6)(7, 8)(8, 9)
9e9f2730f5f2bb277d07f7125372352597274f6b.flv,fca7e9c46b6ec4b8cb53ff17d93bef484a341c5b.flv	(0, 5)(1, 6)(4, 10)(7, 13)(8, 15)(9, 16)(10, 17)
9efa8c1165cc587476f284ecda53b88c9fd92697.flv,9efa8c1165cc587476f284ecda53b88c9fd92697.flv	(0, 0)(1, 1)(2, 2)(3, 3)(4, 4)(5, 5)(6, 6)(7, 7)(8, 8)(9, 9)(10, 10)(11, 11)(12, 12)(13, 13)
9efa8c1165cc587476f284ecda53b88c9fd92697.flv,a9edef40077c3d7c638dae4a24a83bf6e42b34b1.flv	(0, 0)(1, 1)(5, 3)(6, 4)
9efa8c1165cc587476f284ecda53b88c9fd92697.flv,b728eae73b1705d4ef3884b5d536273c5cb47fbd.flv	(0, 0)(1, 2)(2, 3)(3, 4)(5, 5)(7, 7)(8, 8)(9, 9)
9efa8c1165cc587476f284ecda53b88c9fd92697.flv,d083d6a9a987fb0e37dddc0f134704a29677899c.flv	(0, 0)(1, 1)(3, 2)(5, 4)(7, 5)(8, 6)(9, 7)
9efa8c1165cc587476f284ecda53b88c9fd92697.flv,df097cb467b3a43683f48082099cfdfddae84f37.flv	(0, 0)(1, 1)(2, 2)(3, 3)(4, 4)(5, 5)(6, 6)(7, 7)(8, 8)(9, 9)(10, 10)(11, 11)(12, 12)(13, 13)
9efa8c1165cc587476f284ecda53b88c9fd92697.flv,e29e65d0e362b8e7d450d833227ea3c0f5f65f12.flv	(0, 0)(1, 1)(3, 2)(5, 3)(7, 4)(8, 5)(9, 6)
9efa8c1165cc587476f284ecda53b88c9fd92697.flv,e2cecbbd4e5683a610152e4b0e83deaa5090384a.flv	(0, 2)(1, 3)(3, 6)(7, 9)(8, 10)(9, 11)
9efa8c1165cc587476f284ecda53b88c9fd92697.flv,ea224722e7d3ef9c44d8140a2e435469384204d8.flv	(0, 14)(0, 15)(1, 16)(2, 18)(3, 19)(6, 22)(7, 23)(9, 24)(10, 25)(11, 26)
9efa8c1165cc587476f284ecda53b88c9fd92697.flv,f410b354eec142d6e0f1124bffe6aad83d8dc427.flv	(0, 3)(2, 6)(7, 9)
9efa8c1165cc587476f284ecda53b88c9fd92697.flv,fca7e9c46b6ec4b8cb53ff17d93bef484a341c5b.flv	(0, 6)(3, 10)(7, 15)(9, 17)
a9edef40077c3d7c638dae4a24a83bf6e42b34b1.flv,a9edef40077c3d7c638dae4a24a83bf6e42b34b1.flv	(0, 0)(1, 1)(2, 2)(3, 3)(4, 4)
a9edef40077c3d7c638dae4a24a83bf6e42b34b1.flv,b728eae73b1705d4ef3884b5d536273c5cb47fbd.flv	(0, 0)(1, 2)(2, 4)(3, 5)(4, 6)
a9edef40077c3d7c638dae4a24a83bf6e42b34b1.flv,d083d6a9a987fb0e37dddc0f134704a29677899c.flv	(0, 0)(1, 1)
a9edef40077c3d7c638dae4a24a83bf6e42b34b1.flv,df097cb467b3a43683f48082099cfdfddae84f37.flv	(0, 0)(1, 1)(3, 5)(4, 6)
a9edef40077c3d7c638dae4a24a83bf6e42b34b1.flv,e29e65d0e362b8e7d450d833227ea3c0f5f65f12.flv	(0, 0)(1, 1)(2, 2)(3, 3)
a9edef40077c3d7c638dae4a24a83bf6e42b34b1.flv,e2cecbbd4e5683a610152e4b0e83deaa5090384a.flv	(0, 2)(1, 3)(3, 8)
a9edef40077c3d7c638dae4a24a83bf6e42b34b1.flv,ea224722e7d3ef9c44d8140a2e435469384204d8.flv	(0, 14)(1, 16)(2, 19)(3, 21)(4, 22)
a9edef40077c3d7c638dae4a24a83bf6e42b34b1.flv,f410b354eec142d6e0f1124bffe6aad83d8dc427.flv	(0, 3)(1, 6)(2, 7)(4, 8)
a9edef40077c3d7c638dae4a24a83bf6e42b34b1.flv,fca7e9c46b6ec4b8cb53ff17d93bef484a341c5b.flv	(0, 6)(1, 8)(4, 13)
b728eae73b1705d4ef3884b5d536273c5cb47fbd.flv,b728eae73b1705d4ef3884b5d536273c5cb47fbd.flv	(0, 0)(1, 1)(2, 2)(3, 3)(4, 4)(5, 5)(6, 6)(7, 7)(8, 8)(9, 9)(10, 10)(11, 11)(12, 12)(13, 13)(14, 14)(15, 15)(16, 16)(17, 17)(18, 18)(19, 19)(20, 20)(21, 21)(22, 22)(23, 23)
b728eae73b1705d4ef3884b5d536273c5cb47fbd.flv,d083d6a9a987fb0e37dddc0f134704a29677899c.flv	(0, 0)(2, 1)(4, 2)(7, 5)(8, 6)(9, 7)
b728eae73b1705d4ef3884b5d536273c5cb47fbd.flv,df097cb467b3a43683f48082099cfdfddae84f37.flv	(0, 0)(2, 1)(3, 2)(4, 3)(5, 5)(7, 7)(8, 8)(9, 9)
b728eae73b1705d4ef3884b5d536273c5cb47fbd.flv,e29e65d0e362b8e7d450d833227ea3c0f5f65f12.flv	(1, 0)(2, 1)(4, 2)(5, 3)(7, 4)(8, 5)(9, 6)
b728eae73b1705d4ef3884b5d536273c5cb47fbd.flv,e29e65d0e362b8e7d450d833227ea3c0f5f65f12.flv	(13, 10)(14, 11)(15, 12)(16, 13)(17, 14)(18, 15)(19, 16)(21, 17)(22, 18)(23, 19)
b728eae73b1705d4ef3884b5d536273c5cb47fbd.flv,e2cecbbd4e5683a610152e4b0e83deaa5090384a.flv	(2, 3)(7, 9)(8, 10)(9, 11)
b728eae73b1705d4ef3884b5d536273c5cb47fbd.flv,ea224722e7d3ef9c44d8140a2e435469384204d8.flv	(0, 14)(1, 15)(2, 16)(3, 17)(4, 19)(5, 20)(6, 22)(7, 23)(9, 24)
b728eae73b1705d4ef3884b5d536273c5cb47fbd.flv,f410b354eec142d6e0f1124bffe6aad83d8dc427.flv	(0, 3)(1, 4)(3, 6)(4, 7)(6, 8)(7, 9)
b728eae73b1705d4ef3884b5d536273c5cb47fbd.flv,fca7e9c46b6ec4b8cb53ff17d93bef484a341c5b.flv	(1, 6)(2, 8)(4, 10)(6, 13)(7, 15)(8, 16)(9, 17)
d083d6a9a987fb0e37dddc0f134704a29677899c.flv,d083d6a9a987fb0e37dddc0f134704a29677899c.flv	(0, 0)(1, 1)(2, 2)(3, 3)(4, 4)(5, 5)(6, 6)(7, 7)(8, 8)
d083d6a9a987fb0e37dddc0f134704a29677899c.flv,df097cb467b3a43683f48082099cfdfddae84f37.flv	(0, 0)(1, 1)(2, 3)(4, 5)(5, 7)(6, 8)(7, 9)
d083d6a9a987fb0e37dddc0f134704a29677899c.flv,e29e65d0e362b8e7d450d833227ea3c0f5f65f12.flv	(0, 0)(1, 1)(2, 2)(4, 3)(5, 4)(6, 5)(7, 6)
d083d6a9a987fb0e37dddc0f134704a29677899c.flv,e2cecbbd4e5683a610152e4b0e83deaa5090384a.flv	(0, 1)(0, 2)(1, 3)(2, 6)(3, 7)(4, 8)(5, 9)(6, 10)(7, 11)
d083d6a9a987fb0e37dddc0f134704a29677899c.flv,ea224722e7d3ef9c44d8140a2e435469384204d8.flv	(0, 14)(1, 16)
d083d6a9a987fb0e37dddc0f134704a29677899c.flv,f410b354eec142d6e0f1124bffe6aad83d8dc427.flv	(0, 3)(1, 6)(4, 8)(5, 9)
d083d6a9a987fb0e37dddc0f134704a29677899c.flv,fca7e9c46b6ec4b8cb53ff17d93bef484a341c5b.flv	(0, 5)(1, 8)(2, 10)(3, 11)(4, 13)(5, 15)(6, 16)(7, 17)
df097cb467b3a43683f48082099cfdfddae84f37.flv,df097cb467b3a43683f48082099cfdfddae84f37.flv	(0, 0)(1, 1)(2, 2)(3, 3)(4, 4)(5, 5)(6, 6)(7, 7)(8, 8)(9, 9)(10, 10)(11, 11)(12, 12)(13, 13)
df097cb467b3a43683f48082099cfdfddae84f37.flv,e29e65d0e362b8e7d450d833227ea3c0f5f65f12.flv	(0, 0)(1, 1)(3, 2)(5, 3)(7, 4)(8, 5)(9, 6)
df097cb467b3a43683f48082099cfdfddae84f37.flv,e2cecbbd4e5683a610152e4b0e83deaa5090384a.flv	(0, 2)(1, 3)(3, 6)(7, 9)(8, 10)(9, 11)
df097cb467b3a43683f48082099cfdfddae84f37.flv,ea224722e7d3ef9c44d8140a2e435469384204d8.flv	(0, 14)(0, 15)(1, 16)(2, 18)(3, 19)(6, 22)(7, 23)(9, 24)(10, 25)(11, 26)
df097cb467b3a43683f48082099cfdfddae84f37.flv,f410b354eec142d6e0f1124bffe6aad83d8dc427.flv	(0, 3)(2, 6)(7, 9)
df097cb467b3a43683f48082099cfdfddae84f37.flv,fca7e9c46b6ec4b8cb53ff17d93bef484a341c5b.flv	(0, 6)(3, 10)(7, 15)(9, 17)
e29e65d0e362b8e7d450d833227ea3c0f5f65f12.flv,e29e65d0e362b8e7d450d833227ea3c0f5f65f12.flv	(0, 0)(1, 1)(2, 2)(3, 3)(4, 4)(5, 5)(6, 6)(7, 7)(8, 8)(9, 9)(10, 10)(11, 11)(12, 12)(13, 13)(14, 14)(15, 15)(16, 16)(17, 17)(18, 18)(19, 19)(20, 20)(21, 21)(22, 22)
e29e65d0e362b8e7d450d833227ea3c0f5f65f12.flv,e2cecbbd4e5683a610152e4b0e83deaa5090384a.flv	(0, 2)(1, 3)(2, 6)(3, 8)(4, 9)(5, 10)(6, 11)
e29e65d0e362b8e7d450d833227ea3c0f5f65f12.flv,ea224722e7d3ef9c44d8140a2e435469384204d8.flv	(0, 15)(1, 16)(2, 19)(4, 23)(6, 24)
e29e65d0e362b8e7d450d833227ea3c0f5f65f12.flv,f410b354eec142d6e0f1124bffe6aad83d8dc427.flv	(0, 4)(1, 6)(2, 7)(3, 8)(4, 9)
e29e65d0e362b8e7d450d833227ea3c0f5f65f12.flv,fca7e9c46b6ec4b8cb53ff17d93bef484a341c5b.flv	(0, 6)(1, 8)(2, 10)(4, 15)(5, 16)(6, 17)
e2cecbbd4e5683a610152e4b0e83deaa5090384a.flv,e2cecbbd4e5683a610152e4b0e83deaa5090384a.flv	(0, 0)(1, 1)(2, 2)(3, 3)(4, 4)(5, 5)(6, 6)(7, 7)(8, 8)(9, 9)(10, 10)(11, 11)(12, 12)(13, 13)(14, 14)(15, 15)(16, 16)(17, 17)(18, 18)(19, 19)(20, 20)(21, 21)(22, 22)(23, 23)(24, 24)(25, 25)(26, 26)(27, 27)(28, 28)(29, 29)(30, 30)(31, 31)
e2cecbbd4e5683a610152e4b0e83deaa5090384a.flv,ea224722e7d3ef9c44d8140a2e435469384204d8.flv	(0, 13)(1, 14)(3, 16)(5, 18)(6, 19)(7, 20)(9, 23)(11, 24)
e2cecbbd4e5683a610152e4b0e83deaa5090384a.flv,f410b354eec142d6e0f1124bffe6aad83d8dc427.flv	(0, 2)(1, 3)(3, 6)(8, 8)(9, 9)
e2cecbbd4e5683a610152e4b0e83deaa5090384a.flv,fca7e9c46b6ec4b8cb53ff17d93bef484a341c5b.flv	(0, 4)(1, 5)(2, 6)(3, 8)(6, 10)(7, 11)(8, 13)(9, 15)(11, 17)
ea224722e7d3ef9c44d8140a2e435469384204d8.flv,ea224722e7d3ef9c44d8140a2e435469384204d8.flv	(0, 0)(1, 1)(2, 2)(3, 3)(4, 4)(5, 5)(6, 6)(7, 7)(8, 8)(9, 9)(10, 10)(11, 11)(12, 12)(13, 13)(14, 14)(15, 15)(16, 16)(17, 17)(18, 18)(19, 19)(20, 20)(21, 21)(22, 22)(23, 23)(24, 24)(25, 25)(26, 26)(27, 27)(28, 28)(29, 29)(30, 30)(31, 31)(32, 32)(33, 33)(34, 34)(35, 35)(36, 36)(37, 37)(38, 38)(39, 39)(40, 40)(41, 41)(42, 42)(43, 43)(44, 44)(45, 45)(46, 46)(47, 47)(48, 48)
ea224722e7d3ef9c44d8140a2e435469384204d8.flv,ea224722e7d3ef9c44d8140a2e435469384204d8.flv	(2, 2)(3, 3)(4, 4)(5, 5)(6, 6)(7, 7)(8, 8)(9, 9)(10, 10)(11, 11)(12, 12)(13, 13)(14, 14)(15, 15)(16, 16)(17, 17)(18, 18)(19, 19)(20, 20)(21, 21)(22, 22)(23, 23)(24, 24)
ea224722e7d3ef9c44d8140a2e435469384204d8.flv,f410b354eec142d6e0f1124bffe6aad83d8dc427.flv	(9, 0)(11, 1)(12, 2)(14, 3)(15, 4)(22, 8)(23, 9)
ea224722e7d3ef9c44d8140a2e435469384204d8.flv,fca7e9c46b6ec4b8cb53ff17d93bef484a341c5b.flv	(8, 0)(9, 1)(10, 2)(11, 3)(14, 5)(15, 6)(17, 8)(18, 9)(19, 10)(20, 11)(21, 12)(23, 15)(24, 17)
f410b354eec142d6e0f1124bffe6aad83d8dc427.flv,f410b354eec142d6e0f1124bffe6aad83d8dc427.flv	(0, 0)(1, 1)(2, 2)(3, 3)(4, 4)(5, 5)(6, 6)(7, 7)(8, 8)(9, 9)(10, 10)
f410b354eec142d6e0f1124bffe6aad83d8dc427.flv,fca7e9c46b6ec4b8cb53ff17d93bef484a341c5b.flv	(0, 1)(1, 3)(2, 4)(3, 5)(4, 6)(5, 7)(6, 8)(7, 11)(8, 13)(9, 15)
fca7e9c46b6ec4b8cb53ff17d93bef484a341c5b.flv,fca7e9c46b6ec4b8cb53ff17d93bef484a341c5b.flv	(0, 0)(1, 1)(2, 2)(3, 3)(4, 4)(5, 5)(6, 6)(7, 7)(8, 8)(9, 9)(10, 10)(11, 11)(12, 12)(13, 13)(14, 14)(15, 15)(16, 16)(17, 17)(18, 18)(19, 19)(20, 20)(21, 21)(22, 22)(23, 23)(24, 24)(25, 25)(26, 26)(27, 27)(28, 28)(29, 29)(30, 30)(31, 31)(32, 32)(33, 33)(34, 34)(35, 35)(36, 36)(37, 37)(38, 38)(39, 39)(40, 40)(41, 41)(42, 42)(43, 43)(44, 44)
