067fb2aa9623905a42a2b0b286de1386e45c5bf8.flv,067fb2aa9623905a42a2b0b286de1386e45c5bf8.flv	(0, 0)(1, 1)(2, 2)(3, 3)(4, 4)(5, 5)(6, 6)(7, 7)(8, 8)(9, 9)(10, 10)(11, 11)(12, 12)(13, 13)(14, 14)(15, 15)(16, 16)(17, 17)(18, 18)(19, 19)(20, 20)(21, 21)(22, 22)(23, 23)(24, 24)(25, 25)(26, 26)(27, 27)
067fb2aa9623905a42a2b0b286de1386e45c5bf8.flv,1777dc7aada63176bc9d3d87a5ce322163cfe4e6.flv	(14, 0)(17, 8)(18, 9)(20, 12)(21, 13)(22, 15)(23, 16)(24, 17)(25, 20)(26, 21)(27, 22)
067fb2aa9623905a42a2b0b286de1386e45c5bf8.flv,1e5aec100a5b897342a4be9246995fc16f784e66.flv	(5, 50)(7, 51)
067fb2aa9623905a42a2b0b286de1386e45c5bf8.flv,7ac8224504f430258be5cf7c3e21bd2611fa7c77.flv	(14, 1)(14, 2)(16, 9)(20, 13)(21, 15)(25, 21)(26, 22)(27, 23)
067fb2aa9623905a42a2b0b286de1386e45c5bf8.flv,8f19329946455ae5c2c7b788ea6f6513bf5e1c9a.flv	
067fb2aa9623905a42a2b0b286de1386e45c5bf8.flv,b545808db002bde2b5f478efbb57e5fe62a8f324.flv	(14, 0)(15, 3)(17, 6)(18, 7)(20, 9)(22, 12)(23, 13)(24, 14)(25, 15)(27, 16)
067fb2aa9623905a42a2b0b286de1386e45c5bf8.flv,c39a06345b2c3b563c5f8a43dfef7541cf8f0e61.flv	(14, 0)(15, 3)(17, 6)(18, 7)(20, 9)(22, 12)(23, 13)(24, 14)(25, 15)(27, 16)
067fb2aa9623905a42a2b0b286de1386e45c5bf8.flv,da8b354493c2707adb8f361814cd2af92a7a040d.flv	(14, 0)(15, 3)(17, 6)(18, 7)(20, 9)(22, 12)(23, 13)(24, 14)(25, 15)(27, 16)
1777dc7aada63176bc9d3d87a5ce322163cfe4e6.flv,1777dc7aada63176bc9d3d87a5ce322163cfe4e6.flv	(0, 0)(1, 1)(2, 2)(3, 3)(4, 4)(5, 5)(6, 6)(7, 7)(8, 8)(9, 9)(10, 10)(11, 11)(12, 12)(13, 13)(14, 14)(15, 15)(16, 16)(17, 17)(18, 18)(19, 19)(20, 20)(21, 21)(22, 22)(23, 23)(24, 24)(25, 25)(26, 26)(27, 27)(28, 28)
1777dc7aada63176bc9d3d87a5ce322163cfe4e6.flv,1e5aec100a5b897342a4be9246995fc16f784e66.flv	(3, 53)(4, 54)(5, 55)(6, 57)(7, 58)(8, 59)(12, 63)(19, 69)(20, 70)(21, 71)(22, 72)
1777dc7aada63176bc9d3d87a5ce322163cfe4e6.flv,7ac8224504f430258be5cf7c3e21bd2611fa7c77.flv	(3, 4)(4, 5)(5, 6)(6, 8)(7, 9)(8, 10)(9, 11)(10, 12)(12, 13)(13, 14)(14, 15)(15, 16)(18, 19)(19, 20)(20, 21)(21, 22)(22, 23)(23, 24)(24, 25)
1777dc7aada63176bc9d3d87a5ce322163cfe4e6.flv,8f19329946455ae5c2c7b788ea6f6513bf5e1c9a.flv	(6, 0)
1777dc7aada63176bc9d3d87a5ce322163cfe4e6.flv,b545808db002bde2b5f478efbb57e5fe62a8f324.flv	(0, 0)(1, 1)(3, 3)(6, 4)(7, 5)(8, 6)(9, 7)(10, 8)(12, 9)(13, 10)(14, 11)(15, 12)(16, 13)(17, 14)(22, 16)(23, 17)(24, 18)(26, 19)(28, 21)
1777dc7aada63176bc9d3d87a5ce322163cfe4e6.flv,c39a06345b2c3b563c5f8a43dfef7541cf8f0e61.flv	(0, 0)(1, 1)(3, 3)(6, 4)(7, 5)(8, 6)(9, 7)(10, 8)(12, 9)(13, 10)(14, 11)(15, 12)(16, 13)(17, 14)(22, 16)(23, 17)(24, 18)(26, 19)(28, 21)
1777dc7aada63176bc9d3d87a5ce322163cfe4e6.flv,da8b354493c2707adb8f361814cd2af92a7a040d.flv	(0, 0)(1, 1)(3, 3)(6, 4)(7, 5)(8, 6)(9, 7)(10, 8)(12, 9)(13, 10)(14, 11)(15, 12)(16, 13)(17, 14)(22, 16)(23, 17)(24, 18)(26, 19)(28, 21)
1e5aec100a5b897342a4be9246995fc16f784e66.flv,1e5aec100a5b897342a4be9246995fc16f784e66.flv	(0, 0)(1, 1)(2, 2)(3, 3)(4, 4)(5, 5)(6, 6)(7, 7)(8, 8)(9, 9)(10, 10)(11, 11)(12, 12)(13, 13)(14, 14)(15, 15)(16, 16)(17, 17)(18, 18)(19, 19)(20, 20)(21, 21)(22, 22)(23, 23)(24, 24)(25, 25)(26, 26)(27, 27)(28, 28)(29, 29)(30, 30)(31, 31)(32, 32)(33, 33)(34, 34)(35, 35)(36, 36)(37, 37)(38, 38)(39, 39)(40, 40)(41, 41)(42, 42)(43, 43)(44, 44)(45, 45)(46, 46)(47, 47)(48, 48)(49, 49)(50, 50)(51, 51)(52, 52)(53, 53)(54, 54)(55, 55)(56, 56)(57, 57)(58, 58)(59, 59)(60, 60)(61, 61)(62, 62)(63, 63)(64, 64)(65, 65)(66, 66)(67, 67)(68, 68)(69, 69)(70, 70)(71, 71)(72, 72)(73, 73)(74, 74)(75, 75)(76, 76)(77, 77)(78, 78)(79, 79)(80, 80)(81, 81)(82, 82)(83, 83)(84, 84)(85, 85)(86, 86)(87, 87)(88, 88)(89, 89)(90, 90)(91, 91)(92, 92)(93, 93)(94, 94)(95, 95)(96, 96)(97, 97)(98, 98)(99, 99)(100, 100)(101, 101)(102, 102)(103, 103)(104, 104)(105, 105)(106, 106)(107, 107)(108, 108)(109, 109)(110, 110)(111, 111)(112, 112)(113, 113)(114, 114)(115, 115)(116, 116)(117, 117)(118, 118)(119, 119)(120, 120)(121, 121)(122, 122)(123, 123)(124, 124)(125, 125)(126, 126)(127, 127)(128, 128)(129, 129)(130, 130)(131, 131)(132, 132)(133, 133)(134, 134)(135, 135)
1e5aec100a5b897342a4be9246995fc16f784e66.flv,7ac8224504f430258be5cf7c3e21bd2611fa7c77.flv	(53, 4)(54, 5)(55, 6)(56, 7)(57, 8)(58, 9)(59, 10)(63, 13)(65, 16)(69, 20)(70, 21)(71, 22)(72, 23)
1e5aec100a5b897342a4be9246995fc16f784e66.flv,8f19329946455ae5c2c7b788ea6f6513bf5e1c9a.flv	(57, 0)
1e5aec100a5b897342a4be9246995fc16f784e66.flv,b545808db002bde2b5f478efbb57e5fe62a8f324.flv	(58, 5)(59, 6)(60, 7)(63, 9)(68, 14)(72, 16)(77, 20)
1e5aec100a5b897342a4be9246995fc16f784e66.flv,c39a06345b2c3b563c5f8a43dfef7541cf8f0e61.flv	(57, 4)(58, 5)(59, 6)(60, 7)(63, 9)(68, 14)(72, 16)(77, 20)
1e5aec100a5b897342a4be9246995fc16f784e66.flv,da8b354493c2707adb8f361814cd2af92a7a040d.flv	(58, 5)(59, 6)(60, 7)(63, 9)(68, 14)(72, 16)(77, 20)
7ac8224504f430258be5cf7c3e21bd2611fa7c77.flv,7ac8224504f430258be5cf7c3e21bd2611fa7c77.flv	(1, 1)(2, 2)(3, 3)(4, 4)(5, 5)(6, 6)(7, 7)(8, 8)(9, 9)(10, 10)(11, 11)(12, 12)(13, 13)(14, 14)(15, 15)(16, 16)(17, 17)(18, 18)(19, 19)(20, 20)(21, 21)(22, 22)(23, 23)(24, 24)(25, 25)
7ac8224504f430258be5cf7c3e21bd2611fa7c77.flv,8f19329946455ae5c2c7b788ea6f6513bf5e1c9a.flv	(8, 0)
7ac8224504f430258be5cf7c3e21bd2611fa7c77.flv,b545808db002bde2b5f478efbb57e5fe62a8f324.flv	(1, 0)(2, 1)(4, 3)(9, 5)(13, 9)(14, 10)(23, 16)
7ac8224504f430258be5cf7c3e21bd2611fa7c77.flv,c39a06345b2c3b563c5f8a43dfef7541cf8f0e61.flv	(1, 0)(2, 1)(9, 5)(10, 6)(11, 7)(12, 8)(13, 9)(15, 11)(16, 12)(17, 14)(23, 16)(24, 17)(25, 18)
7ac8224504f430258be5cf7c3e21bd2611fa7c77.flv,da8b354493c2707adb8f361814cd2af92a7a040d.flv	(1, 0)(2, 1)(4, 3)(9, 5)(13, 9)(14, 10)(23, 16)(24, 17)
8f19329946455ae5c2c7b788ea6f6513bf5e1c9a.flv,8f19329946455ae5c2c7b788ea6f6513bf5e1c9a.flv	(0, 0)
8f19329946455ae5c2c7b788ea6f6513bf5e1c9a.flv,b545808db002bde2b5f478efbb57e5fe62a8f324.flv	(0, 4)
8f19329946455ae5c2c7b788ea6f6513bf5e1c9a.flv,c39a06345b2c3b563c5f8a43dfef7541cf8f0e61.flv	(0, 4)
8f19329946455ae5c2c7b788ea6f6513bf5e1c9a.flv,da8b354493c2707adb8f361814cd2af92a7a040d.flv	(0, 4)
b545808db002bde2b5f478efbb57e5fe62a8f324.flv,b545808db002bde2b5f478efbb57e5fe62a8f324.flv	(0, 0)(1, 1)(2, 2)(3, 3)(4, 4)(5, 5)(6, 6)(7, 7)(8, 8)(9, 9)(10, 10)(11, 11)(12, 12)(13, 13)(14, 14)(15, 15)(16, 16)(17, 17)(18, 18)(19, 19)(20, 20)(21, 21)(22, 22)(23, 23)(24, 24)(25, 25)(26, 26)(27, 27)
b545808db002bde2b5f478efbb57e5fe62a8f324.flv,c39a06345b2c3b563c5f8a43dfef7541cf8f0e61.flv	(0, 0)(1, 1)(2, 2)(3, 3)(4, 4)(5, 5)(6, 6)(7, 7)(8, 8)(9, 9)(10, 10)(11, 11)(12, 12)(13, 13)(14, 14)(15, 15)(16, 16)(17, 17)(18, 18)(19, 19)(20, 20)(21, 21)(22, 22)(23, 23)(24, 24)(25, 25)(26, 26)(27, 27)(28, 28)(29, 29)(30, 30)(31, 31)(32, 32)(33, 33)
b545808db002bde2b5f478efbb57e5fe62a8f324.flv,da8b354493c2707adb8f361814cd2af92a7a040d.flv	(0, 0)(1, 1)(2, 2)(3, 3)(4, 4)(5, 5)(6, 6)(7, 7)(8, 8)(9, 9)(10, 10)(11, 11)(12, 12)(13, 13)(14, 14)(15, 15)(16, 16)(17, 17)(18, 18)(19, 19)(20, 20)(21, 21)(22, 22)(23, 23)(24, 24)(25, 25)(26, 26)(27, 27)(28, 28)(29, 29)(30, 30)(31, 31)(32, 32)(33, 33)
c39a06345b2c3b563c5f8a43dfef7541cf8f0e61.flv,c39a06345b2c3b563c5f8a43dfef7541cf8f0e61.flv	(0, 0)(1, 1)(2, 2)(3, 3)(4, 4)(5, 5)(6, 6)(7, 7)(8, 8)(9, 9)(10, 10)(11, 11)(12, 12)(13, 13)(14, 14)(15, 15)(16, 16)(17, 17)(18, 18)(19, 19)(20, 20)(21, 21)(22, 22)(23, 23)(24, 24)(25, 25)(26, 26)(27, 27)(28, 28)(29, 29)(30, 30)
c39a06345b2c3b563c5f8a43dfef7541cf8f0e61.flv,da8b354493c2707adb8f361814cd2af92a7a040d.flv	(0, 0)(1, 1)(2, 2)(3, 3)(4, 4)(5, 5)(6, 6)(7, 7)(8, 8)(9, 9)(10, 10)(11, 11)(12, 12)(13, 13)(14, 14)(15, 15)(16, 16)(17, 17)(18, 18)(19, 19)(20, 20)(21, 21)(22, 22)(23, 23)(24, 24)(25, 25)(26, 26)(27, 27)(28, 28)(29, 29)(30, 30)(31, 31)(32, 32)(33, 33)
da8b354493c2707adb8f361814cd2af92a7a040d.flv,da8b354493c2707adb8f361814cd2af92a7a040d.flv	(0, 0)(1, 1)(2, 2)(3, 3)(4, 4)(5, 5)(6, 6)(7, 7)(8, 8)(9, 9)(10, 10)(11, 11)(12, 12)(13, 13)(14, 14)(15, 15)(16, 16)(17, 17)(18, 18)(19, 19)(20, 20)(21, 21)(22, 22)(23, 23)(24, 24)(25, 25)(26, 26)(27, 27)(28, 28)(29, 29)(30, 30)(31, 31)(32, 32)(33, 33)
