0421e862855ae81fd14e804d0758ab7917b5335c.flv,0421e862855ae81fd14e804d0758ab7917b5335c.flv	(0, 0)(1, 1)(2, 2)(3, 3)(4, 4)(5, 5)(6, 6)(7, 7)(8, 8)(9, 9)(10, 10)(11, 11)(12, 12)(13, 13)(14, 14)(15, 15)(16, 16)(17, 17)(18, 18)
0421e862855ae81fd14e804d0758ab7917b5335c.flv,1a9a30abe7dee2eaa52c82490ee117cc399f583e.flv	(18, 89)
0421e862855ae81fd14e804d0758ab7917b5335c.flv,200130e0c39f0239a22ad3f873feac30e88134df.flv	(2, 0)
0421e862855ae81fd14e804d0758ab7917b5335c.flv,25b4ccc2b3166b565dde7192ed3b7b43921439dd.flv	(1, 2)
0421e862855ae81fd14e804d0758ab7917b5335c.flv,25ba77da725f9247cf8a84bb370cf40ac74297d2.flv	(2, 20)
0421e862855ae81fd14e804d0758ab7917b5335c.flv,25ba77da725f9247cf8a84bb370cf40ac74297d2.flv	(16, 50)
0421e862855ae81fd14e804d0758ab7917b5335c.flv,283043f1c1433d9205416d2922764421d3d7e34e.flv	(16, 3)
0421e862855ae81fd14e804d0758ab7917b5335c.flv,31a250020d2cd699bc5fc42897f7522043713cf5.flv	(1, 4)
0421e862855ae81fd14e804d0758ab7917b5335c.flv,694b83f937e8ae9a390c5ed1004d5ef1f8643ae4.flv	(2, 1)(3, 2)
0421e862855ae81fd14e804d0758ab7917b5335c.flv,7033506abf8c15d8f22f26f9ad88dd531cbffb8f.flv	(3, 22)
0421e862855ae81fd14e804d0758ab7917b5335c.flv,704ed7f6755163d92e4344ede58a30e14ceb5ed4.flv	
0421e862855ae81fd14e804d0758ab7917b5335c.flv,743b4b30bf4fa11e3231dd0cc319016db1cb5b73.flv	(4, 33)
0421e862855ae81fd14e804d0758ab7917b5335c.flv,7759574accbb8bf3b47365c39f31ba8a728481c4.flv	(0, 7)(1, 10)
0421e862855ae81fd14e804d0758ab7917b5335c.flv,7759574accbb8bf3b47365c39f31ba8a728481c4.flv	(2, 14)(3, 15)
0421e862855ae81fd14e804d0758ab7917b5335c.flv,81898f5820b268138f9c80284d0118105ffc3712.flv	(1, 4)
0421e862855ae81fd14e804d0758ab7917b5335c.flv,81898f5820b268138f9c80284d0118105ffc3712.flv	(2, 17)(3, 18)
0421e862855ae81fd14e804d0758ab7917b5335c.flv,8bb9090a95a07edf2fd021d64335bf7b4f428eb2.flv	(0, 15)
0421e862855ae81fd14e804d0758ab7917b5335c.flv,952cdd6aa1a8c2f63f9900960b3e18ffb217b97f.flv	(2, 7)
0421e862855ae81fd14e804d0758ab7917b5335c.flv,96642d7998cdd226b395153b7d8f3d36655c0176.flv	(2, 20)
0421e862855ae81fd14e804d0758ab7917b5335c.flv,96642d7998cdd226b395153b7d8f3d36655c0176.flv	(11, 39)(14, 41)
0421e862855ae81fd14e804d0758ab7917b5335c.flv,9f3d3762943c662470d78368a29a067952a97933.flv	(0, 0)(1, 1)
0421e862855ae81fd14e804d0758ab7917b5335c.flv,a257de343d6734f0fc478da98cfedf773ea407a4.mp4	(0, 0)(1, 2)
0421e862855ae81fd14e804d0758ab7917b5335c.flv,aa314017a4a18f05208d8702c27d16d57df3f55f.mp4	(0, 0)(1, 3)
0421e862855ae81fd14e804d0758ab7917b5335c.flv,aba6851ca7f78f3a83216005bef58766e3dfb26d.flv	(0, 0)
0421e862855ae81fd14e804d0758ab7917b5335c.flv,aba6851ca7f78f3a83216005bef58766e3dfb26d.flv	(2, 0)
0421e862855ae81fd14e804d0758ab7917b5335c.flv,db06eed340d0873fc48b2129115f16c79c48678c.flv	(17, 18)
0421e862855ae81fd14e804d0758ab7917b5335c.flv,e7831eba03ee7083a9d547fdde6adadaa05f3eeb.flv	(2, 8)(4, 9)
1a9a30abe7dee2eaa52c82490ee117cc399f583e.flv,1a9a30abe7dee2eaa52c82490ee117cc399f583e.flv	(0, 0)(1, 1)(2, 2)(3, 3)(4, 4)(5, 5)(6, 6)(7, 7)(8, 8)(9, 9)(10, 10)(11, 11)(12, 12)(13, 13)(14, 14)(15, 15)(16, 16)(17, 17)(18, 18)(19, 19)(20, 20)(21, 21)(22, 22)(23, 23)(24, 24)(25, 25)(26, 26)(27, 27)(28, 28)(29, 29)(30, 30)(31, 31)(32, 32)(33, 33)(34, 34)(35, 35)(36, 36)(37, 37)(38, 38)(39, 39)(40, 40)(41, 41)(42, 42)(43, 43)(44, 44)(45, 45)(46, 46)(47, 47)(48, 48)(49, 49)(50, 50)(51, 51)(52, 52)(53, 53)(54, 54)(55, 55)(56, 56)(57, 57)(58, 58)(59, 59)(60, 60)(61, 61)(62, 62)(63, 63)(64, 64)(65, 65)(66, 66)(67, 67)(68, 68)(69, 69)(70, 70)(71, 71)(72, 72)(73, 73)(74, 74)(75, 75)(76, 76)(77, 77)(78, 78)(79, 79)(80, 80)(81, 81)(82, 82)(83, 83)(84, 84)(85, 85)(86, 86)(87, 87)(88, 88)(89, 89)(90, 90)(91, 91)(92, 92)(93, 93)(94, 94)(95, 95)(96, 96)(97, 97)(98, 98)(99, 99)(100, 100)(101, 101)(102, 102)(103, 103)(104, 104)(105, 105)(106, 106)(107, 107)(108, 108)(109, 109)(110, 110)(111, 111)(112, 112)(113, 113)(114, 114)(115, 115)(116, 116)(117, 117)(118, 118)(119, 119)(120, 120)(121, 121)(122, 122)(123, 123)(124, 124)(125, 125)
1a9a30abe7dee2eaa52c82490ee117cc399f583e.flv,200130e0c39f0239a22ad3f873feac30e88134df.flv	(21, 0)
1a9a30abe7dee2eaa52c82490ee117cc399f583e.flv,25b4ccc2b3166b565dde7192ed3b7b43921439dd.flv	(18, 8)(19, 8)(21, 9)(22, 11)
1a9a30abe7dee2eaa52c82490ee117cc399f583e.flv,25ba77da725f9247cf8a84bb370cf40ac74297d2.flv	(0, 6)(3, 7)(5, 8)(7, 10)(8, 11)(9, 12)(10, 13)(12, 14)(14, 15)(15, 16)(16, 17)(17, 18)(21, 20)(22, 21)(23, 22)(24, 23)(26, 25)(29, 26)(30, 27)(31, 28)(32, 29)(33, 31)(36, 33)(42, 36)(43, 37)(50, 45)(52, 46)(53, 47)(55, 48)(56, 49)(57, 50)(58, 51)(59, 52)(62, 53)(64, 54)(68, 56)(71, 57)(73, 58)(75, 59)
1a9a30abe7dee2eaa52c82490ee117cc399f583e.flv,283043f1c1433d9205416d2922764421d3d7e34e.flv	(53, 0)(55, 1)(56, 2)(58, 3)(59, 4)(62, 5)(64, 6)(65, 7)(67, 8)(68, 9)(71, 10)(76, 12)(78, 13)(79, 14)(80, 15)(83, 16)(84, 17)(86, 18)
1a9a30abe7dee2eaa52c82490ee117cc399f583e.flv,31a250020d2cd699bc5fc42897f7522043713cf5.flv	
1a9a30abe7dee2eaa52c82490ee117cc399f583e.flv,694b83f937e8ae9a390c5ed1004d5ef1f8643ae4.flv	(20, 0)(21, 1)(23, 3)(25, 5)(26, 6)(27, 7)(29, 8)(32, 11)(40, 19)(41, 20)(42, 22)(43, 23)(49, 29)(54, 35)(55, 36)(56, 37)(57, 38)(62, 43)(66, 46)(67, 47)(76, 55)
1a9a30abe7dee2eaa52c82490ee117cc399f583e.flv,7033506abf8c15d8f22f26f9ad88dd531cbffb8f.flv	(0, 6)(10, 13)(11, 14)(20, 22)(21, 23)(22, 24)
1a9a30abe7dee2eaa52c82490ee117cc399f583e.flv,704ed7f6755163d92e4344ede58a30e14ceb5ed4.flv	(4, 3)(5, 4)(7, 5)(8, 6)(9, 8)(10, 9)(11, 10)(12, 11)(14, 12)(15, 13)(17, 14)(21, 16)(22, 17)(23, 18)(29, 28)(30, 29)(32, 31)(33, 33)(36, 37)(41, 44)(45, 52)(49, 57)(50, 60)(53, 61)(64, 68)(65, 69)(66, 70)(67, 71)(68, 73)
1a9a30abe7dee2eaa52c82490ee117cc399f583e.flv,743b4b30bf4fa11e3231dd0cc319016db1cb5b73.flv	(6, 4)(7, 5)(8, 6)(9, 8)(10, 9)(21, 16)(22, 17)(23, 18)(29, 28)(30, 29)(31, 30)(32, 31)(33, 33)(37, 40)(38, 42)(39, 43)(41, 44)(42, 45)(45, 52)(47, 56)(48, 57)(50, 60)(57, 65)(68, 73)
1a9a30abe7dee2eaa52c82490ee117cc399f583e.flv,7759574accbb8bf3b47365c39f31ba8a728481c4.flv	(53, 30)(55, 31)(56, 32)(57, 33)(58, 34)
1a9a30abe7dee2eaa52c82490ee117cc399f583e.flv,81898f5820b268138f9c80284d0118105ffc3712.flv	(7, 6)(9, 7)(14, 9)(22, 13)(26, 17)(27, 18)(29, 19)(36, 22)(38, 23)(43, 27)(44, 29)(47, 32)(55, 35)(56, 36)(58, 38)(63, 41)(64, 42)
1a9a30abe7dee2eaa52c82490ee117cc399f583e.flv,8bb9090a95a07edf2fd021d64335bf7b4f428eb2.flv	(0, 20)(5, 23)(6, 24)(7, 25)(8, 27)(9, 28)
1a9a30abe7dee2eaa52c82490ee117cc399f583e.flv,8bb9090a95a07edf2fd021d64335bf7b4f428eb2.flv	(21, 42)(22, 44)(23, 46)(24, 47)(25, 48)(26, 49)
1a9a30abe7dee2eaa52c82490ee117cc399f583e.flv,952cdd6aa1a8c2f63f9900960b3e18ffb217b97f.flv	(0, 7)(3, 8)(5, 9)(7, 11)(8, 12)(9, 13)(11, 15)(12, 17)(14, 18)(17, 20)(22, 24)(24, 26)(27, 29)(31, 33)(32, 34)(33, 35)(34, 37)(35, 38)(37, 39)(43, 45)(47, 51)(48, 52)(49, 53)(50, 54)(53, 55)(59, 63)(72, 72)(80, 78)(83, 80)(85, 81)(89, 87)(90, 89)(91, 91)(92, 92)(94, 97)(96, 100)(100, 102)(103, 104)(105, 109)(107, 110)(110, 115)(111, 117)(113, 118)(117, 121)(122, 125)
1a9a30abe7dee2eaa52c82490ee117cc399f583e.flv,96642d7998cdd226b395153b7d8f3d36655c0176.flv	(0, 1)(3, 2)(7, 6)(9, 8)(14, 12)(15, 13)(16, 14)(17, 15)(24, 21)(29, 24)(30, 25)(31, 26)(32, 27)(33, 29)(37, 31)(38, 32)(42, 35)(43, 36)(44, 37)
1a9a30abe7dee2eaa52c82490ee117cc399f583e.flv,9f3d3762943c662470d78368a29a067952a97933.flv	(7, 4)(8, 5)(12, 7)(14, 8)(15, 9)(16, 10)(17, 11)(22, 13)
1a9a30abe7dee2eaa52c82490ee117cc399f583e.flv,a257de343d6734f0fc478da98cfedf773ea407a4.mp4	(7, 5)(9, 7)(46, 22)(62, 26)(79, 30)(80, 31)(91, 34)(93, 36)
1a9a30abe7dee2eaa52c82490ee117cc399f583e.flv,aa314017a4a18f05208d8702c27d16d57df3f55f.mp4	(9, 5)(11, 8)(12, 10)(14, 11)
1a9a30abe7dee2eaa52c82490ee117cc399f583e.flv,aba6851ca7f78f3a83216005bef58766e3dfb26d.flv	
1a9a30abe7dee2eaa52c82490ee117cc399f583e.flv,aba6851ca7f78f3a83216005bef58766e3dfb26d.flv	
1a9a30abe7dee2eaa52c82490ee117cc399f583e.flv,db06eed340d0873fc48b2129115f16c79c48678c.flv	(53, 0)(54, 1)(56, 2)(58, 3)(59, 4)(62, 5)(68, 8)(75, 11)(79, 13)(86, 16)(88, 18)
1a9a30abe7dee2eaa52c82490ee117cc399f583e.flv,e7831eba03ee7083a9d547fdde6adadaa05f3eeb.flv	(0, 6)
200130e0c39f0239a22ad3f873feac30e88134df.flv,200130e0c39f0239a22ad3f873feac30e88134df.flv	(0, 0)(1, 1)(2, 2)(3, 3)
200130e0c39f0239a22ad3f873feac30e88134df.flv,25b4ccc2b3166b565dde7192ed3b7b43921439dd.flv	(0, 9)
200130e0c39f0239a22ad3f873feac30e88134df.flv,25ba77da725f9247cf8a84bb370cf40ac74297d2.flv	(0, 20)
200130e0c39f0239a22ad3f873feac30e88134df.flv,31a250020d2cd699bc5fc42897f7522043713cf5.flv	(0, 0)
200130e0c39f0239a22ad3f873feac30e88134df.flv,5aff6ecadb439bb9c16a215188258f9474052fae.flv	(0, 14)
200130e0c39f0239a22ad3f873feac30e88134df.flv,694b83f937e8ae9a390c5ed1004d5ef1f8643ae4.flv	
200130e0c39f0239a22ad3f873feac30e88134df.flv,7033506abf8c15d8f22f26f9ad88dd531cbffb8f.flv	
200130e0c39f0239a22ad3f873feac30e88134df.flv,704ed7f6755163d92e4344ede58a30e14ceb5ed4.flv	(0, 22)
200130e0c39f0239a22ad3f873feac30e88134df.flv,743b4b30bf4fa11e3231dd0cc319016db1cb5b73.flv	(0, 7)
200130e0c39f0239a22ad3f873feac30e88134df.flv,7759574accbb8bf3b47365c39f31ba8a728481c4.flv	(0, 14)
200130e0c39f0239a22ad3f873feac30e88134df.flv,81898f5820b268138f9c80284d0118105ffc3712.flv	(0, 17)
200130e0c39f0239a22ad3f873feac30e88134df.flv,8bb9090a95a07edf2fd021d64335bf7b4f428eb2.flv	(0, 42)
200130e0c39f0239a22ad3f873feac30e88134df.flv,952cdd6aa1a8c2f63f9900960b3e18ffb217b97f.flv	(0, 7)
200130e0c39f0239a22ad3f873feac30e88134df.flv,96642d7998cdd226b395153b7d8f3d36655c0176.flv	(0, 20)
200130e0c39f0239a22ad3f873feac30e88134df.flv,9f3d3762943c662470d78368a29a067952a97933.flv	(0, 11)
200130e0c39f0239a22ad3f873feac30e88134df.flv,aa314017a4a18f05208d8702c27d16d57df3f55f.mp4	(0, 8)
200130e0c39f0239a22ad3f873feac30e88134df.flv,aba6851ca7f78f3a83216005bef58766e3dfb26d.flv	(0, 0)
200130e0c39f0239a22ad3f873feac30e88134df.flv,e7831eba03ee7083a9d547fdde6adadaa05f3eeb.flv	(0, 8)
25b4ccc2b3166b565dde7192ed3b7b43921439dd.flv,25b4ccc2b3166b565dde7192ed3b7b43921439dd.flv	(0, 0)(1, 1)(2, 2)(3, 3)(4, 4)(5, 5)(6, 6)(7, 7)(8, 8)(9, 9)(10, 10)(11, 11)(12, 12)(13, 13)(14, 14)(15, 15)(16, 16)(17, 17)(18, 18)(19, 19)(20, 20)(21, 21)(22, 22)(23, 23)(24, 24)(25, 25)(26, 26)(27, 27)(28, 28)(29, 29)(30, 30)(31, 31)(32, 32)(33, 33)(34, 34)(35, 35)(36, 36)(37, 37)(38, 38)(39, 39)(40, 40)(41, 41)(42, 42)(43, 43)(44, 44)(45, 45)(46, 46)(47, 47)(48, 48)(49, 49)(50, 50)
25b4ccc2b3166b565dde7192ed3b7b43921439dd.flv,25ba77da725f9247cf8a84bb370cf40ac74297d2.flv	(8, 18)(9, 20)
25b4ccc2b3166b565dde7192ed3b7b43921439dd.flv,283043f1c1433d9205416d2922764421d3d7e34e.flv	(23, 1)
25b4ccc2b3166b565dde7192ed3b7b43921439dd.flv,31a250020d2cd699bc5fc42897f7522043713cf5.flv	(1, 2)(2, 4)
25b4ccc2b3166b565dde7192ed3b7b43921439dd.flv,5aff6ecadb439bb9c16a215188258f9474052fae.flv	(37, 5)(38, 6)(39, 7)
25b4ccc2b3166b565dde7192ed3b7b43921439dd.flv,694b83f937e8ae9a390c5ed1004d5ef1f8643ae4.flv	(9, 1)(10, 2)(11, 3)(12, 3)
25b4ccc2b3166b565dde7192ed3b7b43921439dd.flv,7033506abf8c15d8f22f26f9ad88dd531cbffb8f.flv	(8, 19)(9, 21)(11, 22)(12, 23)
25b4ccc2b3166b565dde7192ed3b7b43921439dd.flv,704ed7f6755163d92e4344ede58a30e14ceb5ed4.flv	(8, 20)(8, 21)(9, 22)(11, 26)(12, 27)
25b4ccc2b3166b565dde7192ed3b7b43921439dd.flv,743b4b30bf4fa11e3231dd0cc319016db1cb5b73.flv	(8, 20)(8, 21)(9, 22)(11, 26)(12, 27)
25b4ccc2b3166b565dde7192ed3b7b43921439dd.flv,7759574accbb8bf3b47365c39f31ba8a728481c4.flv	(1, 7)
25b4ccc2b3166b565dde7192ed3b7b43921439dd.flv,7759574accbb8bf3b47365c39f31ba8a728481c4.flv	(9, 14)
25b4ccc2b3166b565dde7192ed3b7b43921439dd.flv,81898f5820b268138f9c80284d0118105ffc3712.flv	(1, 2)(2, 4)
25b4ccc2b3166b565dde7192ed3b7b43921439dd.flv,81898f5820b268138f9c80284d0118105ffc3712.flv	(9, 17)(11, 18)(12, 19)
25b4ccc2b3166b565dde7192ed3b7b43921439dd.flv,8bb9090a95a07edf2fd021d64335bf7b4f428eb2.flv	(1, 15)(2, 17)
25b4ccc2b3166b565dde7192ed3b7b43921439dd.flv,8bb9090a95a07edf2fd021d64335bf7b4f428eb2.flv	(9, 42)
25b4ccc2b3166b565dde7192ed3b7b43921439dd.flv,952cdd6aa1a8c2f63f9900960b3e18ffb217b97f.flv	
25b4ccc2b3166b565dde7192ed3b7b43921439dd.flv,952cdd6aa1a8c2f63f9900960b3e18ffb217b97f.flv	(8, 22)(9, 24)(11, 25)(12, 26)
25b4ccc2b3166b565dde7192ed3b7b43921439dd.flv,96642d7998cdd226b395153b7d8f3d36655c0176.flv	
25b4ccc2b3166b565dde7192ed3b7b43921439dd.flv,9f3d3762943c662470d78368a29a067952a97933.flv	(1, 0)(2, 1)
25b4ccc2b3166b565dde7192ed3b7b43921439dd.flv,a257de343d6734f0fc478da98cfedf773ea407a4.mp4	(1, 0)
25b4ccc2b3166b565dde7192ed3b7b43921439dd.flv,aa314017a4a18f05208d8702c27d16d57df3f55f.mp4	(1, 0)(2, 1)
25b4ccc2b3166b565dde7192ed3b7b43921439dd.flv,aba6851ca7f78f3a83216005bef58766e3dfb26d.flv	(2, 0)
25b4ccc2b3166b565dde7192ed3b7b43921439dd.flv,aba6851ca7f78f3a83216005bef58766e3dfb26d.flv	(9, 0)
25b4ccc2b3166b565dde7192ed3b7b43921439dd.flv,db06eed340d0873fc48b2129115f16c79c48678c.flv	(24, 5)
25b4ccc2b3166b565dde7192ed3b7b43921439dd.flv,e7831eba03ee7083a9d547fdde6adadaa05f3eeb.flv	(9, 8)(12, 11)
25ba77da725f9247cf8a84bb370cf40ac74297d2.flv,25ba77da725f9247cf8a84bb370cf40ac74297d2.flv	(0, 0)(1, 1)(2, 2)(3, 3)(4, 4)(5, 5)(6, 6)(7, 7)(8, 8)(9, 9)(10, 10)(11, 11)(12, 12)(13, 13)(14, 14)(15, 15)(16, 16)(17, 17)(18, 18)(19, 19)(20, 20)(21, 21)(22, 22)(23, 23)(24, 24)(25, 25)(26, 26)(27, 27)(28, 28)(29, 29)(30, 30)(31, 31)(32, 32)(33, 33)(34, 34)(35, 35)(36, 36)(37, 37)(38, 38)(39, 39)(40, 40)(41, 41)(42, 42)(43, 43)(44, 44)(45, 45)(46, 46)(47, 47)(48, 48)(49, 49)(50, 50)(51, 51)(52, 52)(53, 53)(54, 54)(55, 55)(56, 56)(57, 57)(58, 58)(59, 59)
25ba77da725f9247cf8a84bb370cf40ac74297d2.flv,283043f1c1433d9205416d2922764421d3d7e34e.flv	(50, 3)
25ba77da725f9247cf8a84bb370cf40ac74297d2.flv,31a250020d2cd699bc5fc42897f7522043713cf5.flv	(0, 0)(2, 1)(4, 4)
25ba77da725f9247cf8a84bb370cf40ac74297d2.flv,31a250020d2cd699bc5fc42897f7522043713cf5.flv	
25ba77da725f9247cf8a84bb370cf40ac74297d2.flv,694b83f937e8ae9a390c5ed1004d5ef1f8643ae4.flv	(19, 0)(20, 1)
25ba77da725f9247cf8a84bb370cf40ac74297d2.flv,7033506abf8c15d8f22f26f9ad88dd531cbffb8f.flv	(6, 6)(9, 9)(12, 12)(13, 13)(14, 15)(16, 18)(17, 19)(18, 21)(19, 22)(20, 23)
25ba77da725f9247cf8a84bb370cf40ac74297d2.flv,704ed7f6755163d92e4344ede58a30e14ceb5ed4.flv	(9, 4)(10, 5)(11, 6)(12, 8)(15, 12)(16, 13)(20, 16)(21, 17)(22, 18)(27, 29)(29, 31)(35, 44)(36, 45)(38, 48)(43, 52)(48, 62)(50, 65)(54, 68)(56, 73)
25ba77da725f9247cf8a84bb370cf40ac74297d2.flv,743b4b30bf4fa11e3231dd0cc319016db1cb5b73.flv	(9, 4)(10, 5)(11, 6)(12, 8)(20, 16)(21, 17)(24, 24)(27, 29)(28, 30)(29, 31)(31, 34)(35, 44)(36, 45)(38, 48)(39, 49)(48, 62)(50, 65)(54, 68)(56, 73)
25ba77da725f9247cf8a84bb370cf40ac74297d2.flv,7759574accbb8bf3b47365c39f31ba8a728481c4.flv	(20, 14)
25ba77da725f9247cf8a84bb370cf40ac74297d2.flv,81898f5820b268138f9c80284d0118105ffc3712.flv	(10, 6)(12, 7)(13, 8)(18, 11)(20, 12)(21, 13)(25, 17)(26, 19)(32, 21)(33, 22)(34, 23)(35, 25)(36, 26)(43, 30)(44, 32)(48, 35)(49, 36)(51, 38)(54, 42)
25ba77da725f9247cf8a84bb370cf40ac74297d2.flv,8bb9090a95a07edf2fd021d64335bf7b4f428eb2.flv	(6, 20)(8, 23)(12, 28)
25ba77da725f9247cf8a84bb370cf40ac74297d2.flv,8bb9090a95a07edf2fd021d64335bf7b4f428eb2.flv	(19, 41)(20, 42)(24, 49)
25ba77da725f9247cf8a84bb370cf40ac74297d2.flv,8bb9090a95a07edf2fd021d64335bf7b4f428eb2.flv	(20, 42)
25ba77da725f9247cf8a84bb370cf40ac74297d2.flv,952cdd6aa1a8c2f63f9900960b3e18ffb217b97f.flv	(6, 7)(7, 8)(9, 10)(13, 14)(18, 19)(19, 20)(20, 21)(21, 22)(23, 25)(24, 26)(25, 27)(27, 30)(29, 31)(32, 35)(33, 37)(34, 39)(39, 44)(43, 46)(44, 48)(46, 52)(48, 54)(53, 62)(56, 65)(57, 66)(59, 68)
25ba77da725f9247cf8a84bb370cf40ac74297d2.flv,96642d7998cdd226b395153b7d8f3d36655c0176.flv	(19, 18)(20, 20)
25ba77da725f9247cf8a84bb370cf40ac74297d2.flv,9f3d3762943c662470d78368a29a067952a97933.flv	(19, 9)(20, 11)
25ba77da725f9247cf8a84bb370cf40ac74297d2.flv,a257de343d6734f0fc478da98cfedf773ea407a4.mp4	(6, 2)(13, 7)(14, 8)(20, 10)(23, 12)(31, 15)(32, 16)(34, 17)(36, 19)(48, 24)(52, 26)(69, 34)(71, 36)
25ba77da725f9247cf8a84bb370cf40ac74297d2.flv,aa314017a4a18f05208d8702c27d16d57df3f55f.mp4	(14, 10)
25ba77da725f9247cf8a84bb370cf40ac74297d2.flv,aba6851ca7f78f3a83216005bef58766e3dfb26d.flv	(20, 0)
25ba77da725f9247cf8a84bb370cf40ac74297d2.flv,db06eed340d0873fc48b2129115f16c79c48678c.flv	(50, 3)
25ba77da725f9247cf8a84bb370cf40ac74297d2.flv,e7831eba03ee7083a9d547fdde6adadaa05f3eeb.flv	(6, 6)
25ba77da725f9247cf8a84bb370cf40ac74297d2.flv,e7831eba03ee7083a9d547fdde6adadaa05f3eeb.flv	(20, 8)
283043f1c1433d9205416d2922764421d3d7e34e.flv,283043f1c1433d9205416d2922764421d3d7e34e.flv	(0, 0)(1, 1)(2, 2)(3, 3)(4, 4)(5, 5)(6, 6)(7, 7)(8, 8)(9, 9)(10, 10)(11, 11)(12, 12)(13, 13)(14, 14)(15, 15)(16, 16)(17, 17)(18, 18)(19, 19)(20, 20)(21, 21)(22, 22)(23, 23)(24, 24)(25, 25)
283043f1c1433d9205416d2922764421d3d7e34e.flv,31a250020d2cd699bc5fc42897f7522043713cf5.flv	(3, 0)
283043f1c1433d9205416d2922764421d3d7e34e.flv,694b83f937e8ae9a390c5ed1004d5ef1f8643ae4.flv	(0, 35)(1, 36)(2, 38)(3, 40)(4, 41)(7, 46)(8, 47)(9, 49)(10, 51)(11, 52)
283043f1c1433d9205416d2922764421d3d7e34e.flv,704ed7f6755163d92e4344ede58a30e14ceb5ed4.flv	(8, 73)
283043f1c1433d9205416d2922764421d3d7e34e.flv,743b4b30bf4fa11e3231dd0cc319016db1cb5b73.flv	(6, 49)(7, 50)(8, 52)(9, 54)
283043f1c1433d9205416d2922764421d3d7e34e.flv,7759574accbb8bf3b47365c39f31ba8a728481c4.flv	(0, 30)(1, 31)(2, 32)(3, 34)
283043f1c1433d9205416d2922764421d3d7e34e.flv,81898f5820b268138f9c80284d0118105ffc3712.flv	(5, 40)(6, 42)
283043f1c1433d9205416d2922764421d3d7e34e.flv,952cdd6aa1a8c2f63f9900960b3e18ffb217b97f.flv	(0, 62)(1, 63)(3, 64)(4, 66)(5, 67)(7, 68)(10, 72)(12, 75)(13, 76)
283043f1c1433d9205416d2922764421d3d7e34e.flv,9f3d3762943c662470d78368a29a067952a97933.flv	
283043f1c1433d9205416d2922764421d3d7e34e.flv,a257de343d6734f0fc478da98cfedf773ea407a4.mp4	(18, 34)(20, 35)
283043f1c1433d9205416d2922764421d3d7e34e.flv,aba6851ca7f78f3a83216005bef58766e3dfb26d.flv	
283043f1c1433d9205416d2922764421d3d7e34e.flv,db06eed340d0873fc48b2129115f16c79c48678c.flv	(0, 0)(1, 1)(2, 2)(3, 3)(4, 4)(5, 5)(6, 6)(7, 7)(8, 8)(9, 9)(10, 10)(11, 11)(12, 12)(13, 13)(14, 14)(15, 15)(16, 16)(17, 17)(18, 18)(19, 19)(20, 20)(21, 21)(22, 22)(23, 23)(24, 24)(25, 25)
283043f1c1433d9205416d2922764421d3d7e34e.flv,e7831eba03ee7083a9d547fdde6adadaa05f3eeb.flv	(2, 25)(3, 26)
31a250020d2cd699bc5fc42897f7522043713cf5.flv,31a250020d2cd699bc5fc42897f7522043713cf5.flv	(0, 0)(1, 1)(2, 2)(3, 3)(4, 4)
31a250020d2cd699bc5fc42897f7522043713cf5.flv,5aff6ecadb439bb9c16a215188258f9474052fae.flv	(0, 14)
31a250020d2cd699bc5fc42897f7522043713cf5.flv,694b83f937e8ae9a390c5ed1004d5ef1f8643ae4.flv	
31a250020d2cd699bc5fc42897f7522043713cf5.flv,7033506abf8c15d8f22f26f9ad88dd531cbffb8f.flv	
31a250020d2cd699bc5fc42897f7522043713cf5.flv,704ed7f6755163d92e4344ede58a30e14ceb5ed4.flv	
31a250020d2cd699bc5fc42897f7522043713cf5.flv,743b4b30bf4fa11e3231dd0cc319016db1cb5b73.flv	
31a250020d2cd699bc5fc42897f7522043713cf5.flv,7759574accbb8bf3b47365c39f31ba8a728481c4.flv	(2, 8)(3, 9)(4, 10)
31a250020d2cd699bc5fc42897f7522043713cf5.flv,81898f5820b268138f9c80284d0118105ffc3712.flv	(0, 0)(1, 2)(4, 4)
31a250020d2cd699bc5fc42897f7522043713cf5.flv,8bb9090a95a07edf2fd021d64335bf7b4f428eb2.flv	(3, 17)
31a250020d2cd699bc5fc42897f7522043713cf5.flv,952cdd6aa1a8c2f63f9900960b3e18ffb217b97f.flv	
31a250020d2cd699bc5fc42897f7522043713cf5.flv,96642d7998cdd226b395153b7d8f3d36655c0176.flv	
31a250020d2cd699bc5fc42897f7522043713cf5.flv,9f3d3762943c662470d78368a29a067952a97933.flv	
31a250020d2cd699bc5fc42897f7522043713cf5.flv,a257de343d6734f0fc478da98cfedf773ea407a4.mp4	
31a250020d2cd699bc5fc42897f7522043713cf5.flv,aa314017a4a18f05208d8702c27d16d57df3f55f.mp4	(3, 1)(4, 3)
31a250020d2cd699bc5fc42897f7522043713cf5.flv,aba6851ca7f78f3a83216005bef58766e3dfb26d.flv	
31a250020d2cd699bc5fc42897f7522043713cf5.flv,e7831eba03ee7083a9d547fdde6adadaa05f3eeb.flv	(0, 8)
5aff6ecadb439bb9c16a215188258f9474052fae.flv,5aff6ecadb439bb9c16a215188258f9474052fae.flv	(0, 0)(1, 1)(2, 2)(3, 3)(4, 4)(5, 5)(6, 6)(7, 7)(8, 8)(9, 9)(10, 10)(11, 11)(12, 12)(13, 13)(14, 14)(15, 15)(16, 16)(17, 17)(18, 18)(19, 19)(20, 20)(21, 21)(22, 22)(23, 23)(24, 24)(25, 25)(26, 26)(27, 27)(28, 28)(29, 29)(30, 30)(31, 31)(32, 32)(33, 33)(34, 34)(35, 35)(36, 36)(37, 37)(38, 38)(39, 39)(40, 40)(41, 41)(42, 42)(43, 43)(44, 44)(45, 45)(46, 46)(47, 47)(48, 48)(49, 49)(50, 50)(51, 51)(52, 52)(53, 53)(54, 54)(55, 55)(56, 56)(57, 57)(58, 58)(59, 59)(60, 60)(61, 61)(62, 62)(63, 63)(64, 64)(65, 65)(66, 66)(67, 67)(68, 68)(69, 69)(70, 70)(71, 71)(72, 72)(73, 73)(74, 74)(75, 75)(76, 76)(77, 77)(78, 78)(79, 79)
5aff6ecadb439bb9c16a215188258f9474052fae.flv,7759574accbb8bf3b47365c39f31ba8a728481c4.flv	(11, 39)
5aff6ecadb439bb9c16a215188258f9474052fae.flv,bdce7faffa2ce63db64ddab4fa10ac6752079020.flv	(14, 60)(15, 62)
694b83f937e8ae9a390c5ed1004d5ef1f8643ae4.flv,694b83f937e8ae9a390c5ed1004d5ef1f8643ae4.flv	(0, 0)(1, 1)(2, 2)(3, 3)(4, 4)(5, 5)(6, 6)(7, 7)(8, 8)(9, 9)(10, 10)(11, 11)(12, 12)(13, 13)(14, 14)(15, 15)(16, 16)(17, 17)(18, 18)(19, 19)(20, 20)(21, 21)(22, 22)(23, 23)(24, 24)(25, 25)(26, 26)(27, 27)(28, 28)(29, 29)(30, 30)(31, 31)(32, 32)(33, 33)(34, 34)(35, 35)(36, 36)(37, 37)(38, 38)(39, 39)(40, 40)(41, 41)(42, 42)(43, 43)(44, 44)(45, 45)(46, 46)(47, 47)(48, 48)(49, 49)(50, 50)(51, 51)(52, 52)(53, 53)(54, 54)(55, 55)(56, 56)(57, 57)(58, 58)(59, 59)(60, 60)(61, 61)
694b83f937e8ae9a390c5ed1004d5ef1f8643ae4.flv,7033506abf8c15d8f22f26f9ad88dd531cbffb8f.flv	(0, 20)(1, 21)(2, 22)
694b83f937e8ae9a390c5ed1004d5ef1f8643ae4.flv,704ed7f6755163d92e4344ede58a30e14ceb5ed4.flv	(47, 73)
694b83f937e8ae9a390c5ed1004d5ef1f8643ae4.flv,743b4b30bf4fa11e3231dd0cc319016db1cb5b73.flv	(32, 25)
694b83f937e8ae9a390c5ed1004d5ef1f8643ae4.flv,7759574accbb8bf3b47365c39f31ba8a728481c4.flv	(1, 14)(2, 15)
694b83f937e8ae9a390c5ed1004d5ef1f8643ae4.flv,81898f5820b268138f9c80284d0118105ffc3712.flv	(0, 15)(1, 17)
694b83f937e8ae9a390c5ed1004d5ef1f8643ae4.flv,8bb9090a95a07edf2fd021d64335bf7b4f428eb2.flv	(0, 28)(6, 48)
694b83f937e8ae9a390c5ed1004d5ef1f8643ae4.flv,952cdd6aa1a8c2f63f9900960b3e18ffb217b97f.flv	(1, 24)(3, 25)(5, 27)(6, 29)(7, 30)(8, 31)(10, 33)(11, 34)(13, 37)(14, 38)(24, 46)(35, 54)(37, 55)(40, 58)(45, 63)(51, 67)(52, 68)
694b83f937e8ae9a390c5ed1004d5ef1f8643ae4.flv,96642d7998cdd226b395153b7d8f3d36655c0176.flv	(0, 19)(1, 20)(5, 22)(6, 23)(8, 25)(9, 26)(15, 31)(23, 36)(28, 39)(32, 41)(35, 44)
694b83f937e8ae9a390c5ed1004d5ef1f8643ae4.flv,9f3d3762943c662470d78368a29a067952a97933.flv	(0, 9)
694b83f937e8ae9a390c5ed1004d5ef1f8643ae4.flv,9f3d3762943c662470d78368a29a067952a97933.flv	
694b83f937e8ae9a390c5ed1004d5ef1f8643ae4.flv,a257de343d6734f0fc478da98cfedf773ea407a4.mp4	(0, 11)(18, 17)(23, 20)(55, 29)
694b83f937e8ae9a390c5ed1004d5ef1f8643ae4.flv,aba6851ca7f78f3a83216005bef58766e3dfb26d.flv	(1, 0)
694b83f937e8ae9a390c5ed1004d5ef1f8643ae4.flv,db06eed340d0873fc48b2129115f16c79c48678c.flv	(35, 0)(36, 1)(38, 2)(40, 3)(41, 4)(45, 5)(46, 6)(47, 7)(49, 8)(51, 9)(55, 11)
694b83f937e8ae9a390c5ed1004d5ef1f8643ae4.flv,e7831eba03ee7083a9d547fdde6adadaa05f3eeb.flv	(1, 8)(3, 11)
7033506abf8c15d8f22f26f9ad88dd531cbffb8f.flv,7033506abf8c15d8f22f26f9ad88dd531cbffb8f.flv	(0, 0)(1, 1)(2, 2)(3, 3)(4, 4)(5, 5)(6, 6)(7, 7)(8, 8)(9, 9)(10, 10)(11, 11)(12, 12)(13, 13)(14, 14)(15, 15)(16, 16)(17, 17)(18, 18)(19, 19)(20, 20)(21, 21)(22, 22)(23, 23)(24, 24)(25, 25)(26, 26)(27, 27)(28, 28)(29, 29)
7033506abf8c15d8f22f26f9ad88dd531cbffb8f.flv,704ed7f6755163d92e4344ede58a30e14ceb5ed4.flv	(9, 5)(10, 6)(13, 10)(14, 11)(15, 12)(16, 13)(18, 14)(21, 15)(22, 16)
7033506abf8c15d8f22f26f9ad88dd531cbffb8f.flv,743b4b30bf4fa11e3231dd0cc319016db1cb5b73.flv	(9, 5)(10, 6)(11, 8)(12, 9)(13, 10)(14, 11)(15, 12)(16, 13)(18, 14)(22, 16)(23, 17)(24, 18)
7033506abf8c15d8f22f26f9ad88dd531cbffb8f.flv,7759574accbb8bf3b47365c39f31ba8a728481c4.flv	(19, 13)(21, 14)(22, 15)
7033506abf8c15d8f22f26f9ad88dd531cbffb8f.flv,81898f5820b268138f9c80284d0118105ffc3712.flv	(21, 17)
7033506abf8c15d8f22f26f9ad88dd531cbffb8f.flv,8bb9090a95a07edf2fd021d64335bf7b4f428eb2.flv	
7033506abf8c15d8f22f26f9ad88dd531cbffb8f.flv,952cdd6aa1a8c2f63f9900960b3e18ffb217b97f.flv	(7, 7)(9, 8)(12, 10)(18, 12)
7033506abf8c15d8f22f26f9ad88dd531cbffb8f.flv,96642d7998cdd226b395153b7d8f3d36655c0176.flv	(20, 20)(21, 22)
7033506abf8c15d8f22f26f9ad88dd531cbffb8f.flv,9f3d3762943c662470d78368a29a067952a97933.flv	(20, 9)(21, 10)(22, 11)
7033506abf8c15d8f22f26f9ad88dd531cbffb8f.flv,a257de343d6734f0fc478da98cfedf773ea407a4.mp4	(11, 5)(13, 6)
7033506abf8c15d8f22f26f9ad88dd531cbffb8f.flv,aa314017a4a18f05208d8702c27d16d57df3f55f.mp4	(11, 5)(12, 6)(13, 7)(14, 8)(15, 10)(16, 11)
7033506abf8c15d8f22f26f9ad88dd531cbffb8f.flv,aba6851ca7f78f3a83216005bef58766e3dfb26d.flv	
7033506abf8c15d8f22f26f9ad88dd531cbffb8f.flv,e7831eba03ee7083a9d547fdde6adadaa05f3eeb.flv	
704ed7f6755163d92e4344ede58a30e14ceb5ed4.flv,704ed7f6755163d92e4344ede58a30e14ceb5ed4.flv	(0, 0)(1, 1)(2, 2)(3, 3)(4, 4)(5, 5)(6, 6)(7, 7)(8, 8)(9, 9)(10, 10)(11, 11)(12, 12)(13, 13)(14, 14)(15, 15)(16, 16)(17, 17)(18, 18)(19, 19)(20, 20)(21, 21)(22, 22)(23, 23)(24, 24)(25, 25)(26, 26)(27, 27)(28, 28)(29, 29)(30, 30)(31, 31)(32, 32)(33, 33)(34, 34)(35, 35)(36, 36)(37, 37)(38, 38)(39, 39)(40, 40)(41, 41)(42, 42)(43, 43)(44, 44)(45, 45)(46, 46)(47, 47)(48, 48)(49, 49)(50, 50)(51, 51)(52, 52)(53, 53)(54, 54)(55, 55)(56, 56)(57, 57)(58, 58)(59, 59)(60, 60)(61, 61)(62, 62)(63, 63)(64, 64)(65, 65)(66, 66)(67, 67)(68, 68)(69, 69)(70, 70)(71, 71)(72, 72)(73, 73)
704ed7f6755163d92e4344ede58a30e14ceb5ed4.flv,743b4b30bf4fa11e3231dd0cc319016db1cb5b73.flv	(4, 4)(5, 5)(8, 8)(10, 10)(11, 11)(12, 12)(13, 13)(14, 14)(15, 15)(16, 16)(17, 17)(18, 18)(19, 19)(20, 21)(22, 22)(24, 24)(26, 26)(27, 27)(29, 29)(31, 31)(33, 33)(34, 34)(35, 36)(37, 37)(38, 39)(40, 40)(42, 42)(43, 43)(44, 44)(45, 45)(46, 47)(48, 48)(49, 49)(50, 50)(52, 52)(54, 54)(55, 55)(56, 56)(57, 57)(58, 59)(60, 60)(61, 61)(62, 62)(63, 64)(65, 65)(66, 66)(68, 68)(70, 70)(71, 71)(73, 73)
704ed7f6755163d92e4344ede58a30e14ceb5ed4.flv,7759574accbb8bf3b47365c39f31ba8a728481c4.flv	(20, 13)
704ed7f6755163d92e4344ede58a30e14ceb5ed4.flv,81898f5820b268138f9c80284d0118105ffc3712.flv	(5, 6)(12, 9)(13, 10)(14, 11)(22, 15)(27, 18)(40, 23)(43, 24)(44, 25)(45, 26)(52, 30)(61, 34)(66, 40)(68, 42)
704ed7f6755163d92e4344ede58a30e14ceb5ed4.flv,8bb9090a95a07edf2fd021d64335bf7b4f428eb2.flv	(3, 22)(4, 24)(5, 25)(6, 27)(7, 28)
704ed7f6755163d92e4344ede58a30e14ceb5ed4.flv,952cdd6aa1a8c2f63f9900960b3e18ffb217b97f.flv	(4, 10)(5, 11)(7, 12)(8, 13)(9, 14)(10, 15)(12, 17)(13, 18)(14, 19)(15, 20)(16, 21)(17, 22)(22, 25)(24, 26)(27, 27)(31, 31)(32, 32)(33, 33)(34, 34)(40, 38)(45, 42)(48, 43)(49, 44)(62, 54)(65, 55)(73, 64)
704ed7f6755163d92e4344ede58a30e14ceb5ed4.flv,96642d7998cdd226b395153b7d8f3d36655c0176.flv	(20, 17)(21, 18)
704ed7f6755163d92e4344ede58a30e14ceb5ed4.flv,9f3d3762943c662470d78368a29a067952a97933.flv	
704ed7f6755163d92e4344ede58a30e14ceb5ed4.flv,a257de343d6734f0fc478da98cfedf773ea407a4.mp4	(4, 4)(8, 6)(12, 8)(22, 10)
704ed7f6755163d92e4344ede58a30e14ceb5ed4.flv,a257de343d6734f0fc478da98cfedf773ea407a4.mp4	(73, 29)
704ed7f6755163d92e4344ede58a30e14ceb5ed4.flv,aba6851ca7f78f3a83216005bef58766e3dfb26d.flv	
704ed7f6755163d92e4344ede58a30e14ceb5ed4.flv,aba6851ca7f78f3a83216005bef58766e3dfb26d.flv	(22, 0)
704ed7f6755163d92e4344ede58a30e14ceb5ed4.flv,e7831eba03ee7083a9d547fdde6adadaa05f3eeb.flv	(22, 8)
743b4b30bf4fa11e3231dd0cc319016db1cb5b73.flv,743b4b30bf4fa11e3231dd0cc319016db1cb5b73.flv	(0, 0)(1, 1)(2, 2)(3, 3)(4, 4)(5, 5)(6, 6)(7, 7)(8, 8)(9, 9)(10, 10)(11, 11)(12, 12)(13, 13)(14, 14)(15, 15)(16, 16)(17, 17)(18, 18)(19, 19)(20, 20)(21, 21)(22, 22)(23, 23)(24, 24)(25, 25)(26, 26)(27, 27)(28, 28)(29, 29)(30, 30)(31, 31)(32, 32)(33, 33)(34, 34)(35, 35)(36, 36)(37, 37)(38, 38)(39, 39)(40, 40)(41, 41)(42, 42)(43, 43)(44, 44)(45, 45)(46, 46)(47, 47)(48, 48)(49, 49)(50, 50)(51, 51)(52, 52)(53, 53)(54, 54)(55, 55)(56, 56)(57, 57)(58, 58)(59, 59)(60, 60)(61, 61)(62, 62)(63, 63)(64, 64)(65, 65)(66, 66)(67, 67)(68, 68)(69, 69)(70, 70)(71, 71)(72, 72)(73, 73)
743b4b30bf4fa11e3231dd0cc319016db1cb5b73.flv,7759574accbb8bf3b47365c39f31ba8a728481c4.flv	(22, 14)
743b4b30bf4fa11e3231dd0cc319016db1cb5b73.flv,81898f5820b268138f9c80284d0118105ffc3712.flv	(5, 6)(8, 7)(12, 9)(13, 10)(14, 11)(17, 13)(22, 15)(23, 16)(27, 18)(43, 24)(45, 26)(52, 30)(61, 34)
743b4b30bf4fa11e3231dd0cc319016db1cb5b73.flv,8bb9090a95a07edf2fd021d64335bf7b4f428eb2.flv	(4, 24)(5, 25)(7, 27)(8, 28)
743b4b30bf4fa11e3231dd0cc319016db1cb5b73.flv,952cdd6aa1a8c2f63f9900960b3e18ffb217b97f.flv	(4, 10)(5, 11)(7, 12)(8, 13)(9, 14)(10, 15)(12, 17)(13, 18)(14, 19)(15, 20)(16, 21)(17, 22)(22, 25)(24, 26)(27, 27)(31, 31)(33, 33)(34, 34)(37, 35)(45, 42)(48, 43)(49, 44)(62, 54)(65, 55)(73, 64)
743b4b30bf4fa11e3231dd0cc319016db1cb5b73.flv,96642d7998cdd226b395153b7d8f3d36655c0176.flv	(20, 17)(21, 18)(22, 19)
743b4b30bf4fa11e3231dd0cc319016db1cb5b73.flv,9f3d3762943c662470d78368a29a067952a97933.flv	
743b4b30bf4fa11e3231dd0cc319016db1cb5b73.flv,a257de343d6734f0fc478da98cfedf773ea407a4.mp4	(4, 4)(5, 5)(7, 6)(8, 7)(16, 10)(24, 13)(52, 21)(66, 25)(73, 27)
743b4b30bf4fa11e3231dd0cc319016db1cb5b73.flv,aa314017a4a18f05208d8702c27d16d57df3f55f.mp4	(7, 8)
743b4b30bf4fa11e3231dd0cc319016db1cb5b73.flv,aba6851ca7f78f3a83216005bef58766e3dfb26d.flv	(5, 0)
743b4b30bf4fa11e3231dd0cc319016db1cb5b73.flv,db06eed340d0873fc48b2129115f16c79c48678c.flv	(72, 7)(73, 8)
743b4b30bf4fa11e3231dd0cc319016db1cb5b73.flv,e7831eba03ee7083a9d547fdde6adadaa05f3eeb.flv	(25, 11)
7759574accbb8bf3b47365c39f31ba8a728481c4.flv,7759574accbb8bf3b47365c39f31ba8a728481c4.flv	(0, 0)(1, 1)(2, 2)(3, 3)(4, 4)(5, 5)(6, 6)(7, 7)(8, 8)(9, 9)(10, 10)(11, 11)(12, 12)(13, 13)(14, 14)(15, 15)(16, 16)(17, 17)(18, 18)(19, 19)(20, 20)(21, 21)(22, 22)(23, 23)(24, 24)(25, 25)(26, 26)(27, 27)(28, 28)(29, 29)(30, 30)(31, 31)(32, 32)(33, 33)(34, 34)(35, 35)(36, 36)(37, 37)(38, 38)(39, 39)(40, 40)(41, 41)
7759574accbb8bf3b47365c39f31ba8a728481c4.flv,81898f5820b268138f9c80284d0118105ffc3712.flv	(19, 18)(22, 19)(35, 23)
7759574accbb8bf3b47365c39f31ba8a728481c4.flv,8bb9090a95a07edf2fd021d64335bf7b4f428eb2.flv	(7, 15)(9, 17)
7759574accbb8bf3b47365c39f31ba8a728481c4.flv,952cdd6aa1a8c2f63f9900960b3e18ffb217b97f.flv	(9, 4)
7759574accbb8bf3b47365c39f31ba8a728481c4.flv,952cdd6aa1a8c2f63f9900960b3e18ffb217b97f.flv	(19, 27)(22, 29)(24, 31)(25, 33)(26, 34)(28, 37)(30, 38)(31, 39)(33, 40)
7759574accbb8bf3b47365c39f31ba8a728481c4.flv,96642d7998cdd226b395153b7d8f3d36655c0176.flv	(19, 22)(24, 27)(25, 29)(26, 30)(28, 32)(32, 35)(35, 37)(36, 38)
7759574accbb8bf3b47365c39f31ba8a728481c4.flv,9f3d3762943c662470d78368a29a067952a97933.flv	(14, 8)
7759574accbb8bf3b47365c39f31ba8a728481c4.flv,a257de343d6734f0fc478da98cfedf773ea407a4.mp4	(7, 0)(9, 1)(10, 2)
7759574accbb8bf3b47365c39f31ba8a728481c4.flv,aa314017a4a18f05208d8702c27d16d57df3f55f.mp4	(7, 0)(9, 1)(10, 3)
7759574accbb8bf3b47365c39f31ba8a728481c4.flv,aba6851ca7f78f3a83216005bef58766e3dfb26d.flv	(14, 0)
7759574accbb8bf3b47365c39f31ba8a728481c4.flv,aba6851ca7f78f3a83216005bef58766e3dfb26d.flv	
7759574accbb8bf3b47365c39f31ba8a728481c4.flv,db06eed340d0873fc48b2129115f16c79c48678c.flv	(30, 0)(31, 1)(32, 2)(34, 3)
7759574accbb8bf3b47365c39f31ba8a728481c4.flv,e7831eba03ee7083a9d547fdde6adadaa05f3eeb.flv	(14, 8)
81898f5820b268138f9c80284d0118105ffc3712.flv,81898f5820b268138f9c80284d0118105ffc3712.flv	(0, 0)(1, 1)(2, 2)(3, 3)(4, 4)(5, 5)(6, 6)(7, 7)(8, 8)(9, 9)(10, 10)(11, 11)(12, 12)(13, 13)(14, 14)(15, 15)(16, 16)(17, 17)(18, 18)(19, 19)(20, 20)(21, 21)(22, 22)(23, 23)(24, 24)(25, 25)(26, 26)(27, 27)(28, 28)(29, 29)(30, 30)(31, 31)(32, 32)(33, 33)(34, 34)(35, 35)(36, 36)(37, 37)(38, 38)(39, 39)(40, 40)(41, 41)(42, 42)
81898f5820b268138f9c80284d0118105ffc3712.flv,8bb9090a95a07edf2fd021d64335bf7b4f428eb2.flv	(2, 15)(5, 20)
81898f5820b268138f9c80284d0118105ffc3712.flv,952cdd6aa1a8c2f63f9900960b3e18ffb217b97f.flv	(6, 11)(7, 13)(8, 15)(9, 17)(11, 19)(12, 21)(14, 24)(15, 25)(19, 29)(23, 38)(24, 39)(25, 41)(26, 42)(27, 43)(40, 58)(42, 62)
81898f5820b268138f9c80284d0118105ffc3712.flv,96642d7998cdd226b395153b7d8f3d36655c0176.flv	(6, 6)(7, 8)(10, 14)(12, 20)(13, 21)(14, 22)(18, 25)(19, 27)(21, 32)(22, 34)(23, 35)(24, 36)(25, 37)
81898f5820b268138f9c80284d0118105ffc3712.flv,9f3d3762943c662470d78368a29a067952a97933.flv	(15, 8)
81898f5820b268138f9c80284d0118105ffc3712.flv,a257de343d6734f0fc478da98cfedf773ea407a4.mp4	(6, 5)(8, 8)(11, 9)(12, 10)(26, 18)(27, 19)(29, 20)(34, 23)(38, 24)(40, 25)
81898f5820b268138f9c80284d0118105ffc3712.flv,aa314017a4a18f05208d8702c27d16d57df3f55f.mp4	(2, 0)(3, 1)(4, 3)
81898f5820b268138f9c80284d0118105ffc3712.flv,aba6851ca7f78f3a83216005bef58766e3dfb26d.flv	
81898f5820b268138f9c80284d0118105ffc3712.flv,db06eed340d0873fc48b2129115f16c79c48678c.flv	(40, 5)(42, 6)
81898f5820b268138f9c80284d0118105ffc3712.flv,e7831eba03ee7083a9d547fdde6adadaa05f3eeb.flv	(17, 8)(19, 11)
8bb9090a95a07edf2fd021d64335bf7b4f428eb2.flv,8bb9090a95a07edf2fd021d64335bf7b4f428eb2.flv	(0, 0)(1, 1)(2, 2)(3, 3)(4, 4)(5, 5)(6, 6)(7, 7)(8, 8)(9, 9)(10, 10)(11, 11)(12, 12)(13, 13)(14, 14)(15, 15)(16, 16)(17, 17)(18, 18)(19, 19)(20, 20)(21, 21)(22, 22)(23, 23)(24, 24)(25, 25)(26, 26)(27, 27)(28, 28)(29, 29)(30, 30)(31, 31)(32, 32)(33, 33)(34, 34)(35, 35)(36, 36)(37, 37)(38, 38)(39, 39)(40, 40)(41, 41)(42, 42)(43, 43)(44, 44)(45, 45)(46, 46)(47, 47)(48, 48)(49, 49)(50, 50)(51, 51)(52, 52)(53, 53)(54, 54)(55, 55)(56, 56)(57, 57)(58, 58)(59, 59)(60, 60)(61, 61)(62, 62)(63, 63)(64, 64)(65, 65)(66, 66)(67, 67)(68, 68)(69, 69)(70, 70)(71, 71)(72, 72)(73, 73)(74, 74)(75, 75)(76, 76)(77, 77)(78, 78)(79, 79)(80, 80)(81, 81)(82, 82)(83, 83)(84, 84)(85, 85)(86, 86)(87, 87)(88, 88)(89, 89)(90, 90)(91, 91)(92, 92)(93, 93)(94, 94)(95, 95)(96, 96)(97, 97)(98, 98)(99, 99)(100, 100)(101, 101)(102, 102)(103, 103)(104, 104)(105, 105)(106, 106)(107, 107)(108, 108)(109, 109)(110, 110)(111, 111)(112, 112)(113, 113)(114, 114)(115, 115)(116, 116)(117, 117)(118, 118)(119, 119)(120, 120)(121, 121)(122, 122)(123, 123)(124, 124)(125, 125)(126, 126)(127, 127)(128, 128)(129, 129)(130, 130)(131, 131)(132, 132)(133, 133)(134, 134)
8bb9090a95a07edf2fd021d64335bf7b4f428eb2.flv,952cdd6aa1a8c2f63f9900960b3e18ffb217b97f.flv	(17, 4)(20, 7)
8bb9090a95a07edf2fd021d64335bf7b4f428eb2.flv,96642d7998cdd226b395153b7d8f3d36655c0176.flv	(20, 1)(25, 4)(28, 6)
8bb9090a95a07edf2fd021d64335bf7b4f428eb2.flv,9f3d3762943c662470d78368a29a067952a97933.flv	(15, 0)(17, 1)
8bb9090a95a07edf2fd021d64335bf7b4f428eb2.flv,9f3d3762943c662470d78368a29a067952a97933.flv	(42, 11)
8bb9090a95a07edf2fd021d64335bf7b4f428eb2.flv,a257de343d6734f0fc478da98cfedf773ea407a4.mp4	(15, 0)(20, 3)
8bb9090a95a07edf2fd021d64335bf7b4f428eb2.flv,aa314017a4a18f05208d8702c27d16d57df3f55f.mp4	(15, 0)(17, 1)
8bb9090a95a07edf2fd021d64335bf7b4f428eb2.flv,aa314017a4a18f05208d8702c27d16d57df3f55f.mp4	
8bb9090a95a07edf2fd021d64335bf7b4f428eb2.flv,aba6851ca7f78f3a83216005bef58766e3dfb26d.flv	
8bb9090a95a07edf2fd021d64335bf7b4f428eb2.flv,aba6851ca7f78f3a83216005bef58766e3dfb26d.flv	
8bb9090a95a07edf2fd021d64335bf7b4f428eb2.flv,aba6851ca7f78f3a83216005bef58766e3dfb26d.flv	(42, 0)
8bb9090a95a07edf2fd021d64335bf7b4f428eb2.flv,db06eed340d0873fc48b2129115f16c79c48678c.flv	(64, 5)
8bb9090a95a07edf2fd021d64335bf7b4f428eb2.flv,e7831eba03ee7083a9d547fdde6adadaa05f3eeb.flv	(42, 8)(44, 9)
952cdd6aa1a8c2f63f9900960b3e18ffb217b97f.flv,952cdd6aa1a8c2f63f9900960b3e18ffb217b97f.flv	(0, 0)(1, 1)(2, 2)(3, 3)(4, 4)(5, 5)(6, 6)(7, 7)(8, 8)(9, 9)(10, 10)(11, 11)(12, 12)(13, 13)(14, 14)(15, 15)(16, 16)(17, 17)(18, 18)(19, 19)(20, 20)(21, 21)(22, 22)(23, 23)(24, 24)(25, 25)(26, 26)(27, 27)(28, 28)(29, 29)(30, 30)(31, 31)(32, 32)(33, 33)(34, 34)(35, 35)(36, 36)(37, 37)(38, 38)(39, 39)(40, 40)(41, 41)(42, 42)(43, 43)(44, 44)(45, 45)(46, 46)(47, 47)(48, 48)(49, 49)(50, 50)(51, 51)(52, 52)(53, 53)(54, 54)(55, 55)(56, 56)(57, 57)(58, 58)(59, 59)(60, 60)(61, 61)(62, 62)(63, 63)(64, 64)(65, 65)(66, 66)(67, 67)(68, 68)(69, 69)(70, 70)(71, 71)(72, 72)(73, 73)(74, 74)(75, 75)(76, 76)(77, 77)(78, 78)(79, 79)(80, 80)(81, 81)(82, 82)(83, 83)(84, 84)(85, 85)(86, 86)(87, 87)(88, 88)(89, 89)(90, 90)(91, 91)(92, 92)(93, 93)(94, 94)(95, 95)(96, 96)(97, 97)(98, 98)(99, 99)(100, 100)(101, 101)(102, 102)(103, 103)(104, 104)(105, 105)(106, 106)(107, 107)(108, 108)(109, 109)(110, 110)(111, 111)(112, 112)(113, 113)(114, 114)(115, 115)(116, 116)(117, 117)(118, 118)(119, 119)(120, 120)(121, 121)(122, 122)(123, 123)(124, 124)(125, 125)(126, 126)(127, 127)(128, 128)(129, 129)(130, 130)(131, 131)(132, 132)(133, 133)(134, 134)(135, 135)(136, 136)(137, 137)(138, 138)(139, 139)(140, 140)(141, 141)(142, 142)(143, 143)(144, 144)(145, 145)(146, 146)(147, 147)(148, 148)(149, 149)(150, 150)(151, 151)(152, 152)(153, 153)(154, 154)(155, 155)(156, 156)(157, 157)(158, 158)(159, 159)(160, 160)(161, 161)(162, 162)(163, 163)(164, 164)(165, 165)(166, 166)(167, 167)(168, 168)(169, 169)(170, 170)(171, 171)(172, 172)(173, 173)(174, 174)(175, 175)(176, 176)(177, 177)(178, 178)(179, 179)(180, 180)(181, 181)(182, 182)(183, 183)(184, 184)(185, 185)(186, 186)(187, 187)(188, 188)
952cdd6aa1a8c2f63f9900960b3e18ffb217b97f.flv,96642d7998cdd226b395153b7d8f3d36655c0176.flv	(11, 6)(12, 7)(13, 8)(17, 11)(20, 17)(27, 23)(34, 30)(37, 32)(42, 36)(48, 41)
952cdd6aa1a8c2f63f9900960b3e18ffb217b97f.flv,9f3d3762943c662470d78368a29a067952a97933.flv	(24, 11)
952cdd6aa1a8c2f63f9900960b3e18ffb217b97f.flv,a257de343d6734f0fc478da98cfedf773ea407a4.mp4	(11, 5)(12, 6)(13, 7)(15, 8)(21, 10)(35, 15)(43, 19)(45, 20)(48, 22)(58, 24)(70, 28)(84, 33)(89, 35)
952cdd6aa1a8c2f63f9900960b3e18ffb217b97f.flv,aa314017a4a18f05208d8702c27d16d57df3f55f.mp4	(4, 1)(5, 2)(6, 3)
952cdd6aa1a8c2f63f9900960b3e18ffb217b97f.flv,aba6851ca7f78f3a83216005bef58766e3dfb26d.flv	
952cdd6aa1a8c2f63f9900960b3e18ffb217b97f.flv,aba6851ca7f78f3a83216005bef58766e3dfb26d.flv	(24, 0)
952cdd6aa1a8c2f63f9900960b3e18ffb217b97f.flv,aba6851ca7f78f3a83216005bef58766e3dfb26d.flv	
952cdd6aa1a8c2f63f9900960b3e18ffb217b97f.flv,db06eed340d0873fc48b2129115f16c79c48678c.flv	(62, 0)(64, 3)(66, 4)(67, 5)(68, 6)(78, 15)
952cdd6aa1a8c2f63f9900960b3e18ffb217b97f.flv,e7831eba03ee7083a9d547fdde6adadaa05f3eeb.flv	(24, 8)(26, 11)
96642d7998cdd226b395153b7d8f3d36655c0176.flv,96642d7998cdd226b395153b7d8f3d36655c0176.flv	(0, 0)(1, 1)(2, 2)(3, 3)(4, 4)(5, 5)(6, 6)(7, 7)(8, 8)(9, 9)(10, 10)(11, 11)(12, 12)(13, 13)(14, 14)(15, 15)(16, 16)(17, 17)(18, 18)(19, 19)(20, 20)(21, 21)(22, 22)(23, 23)(24, 24)(25, 25)(26, 26)(27, 27)(28, 28)(29, 29)(30, 30)(31, 31)(32, 32)(33, 33)(34, 34)(35, 35)(36, 36)(37, 37)(38, 38)(39, 39)(40, 40)(41, 41)(42, 42)(43, 43)(44, 44)(45, 45)(46, 46)(47, 47)(48, 48)
96642d7998cdd226b395153b7d8f3d36655c0176.flv,9f3d3762943c662470d78368a29a067952a97933.flv	(1, 2)(8, 6)(14, 11)(16, 12)(20, 14)(22, 15)
96642d7998cdd226b395153b7d8f3d36655c0176.flv,a257de343d6734f0fc478da98cfedf773ea407a4.mp4	(7, 5)(8, 6)(9, 7)
96642d7998cdd226b395153b7d8f3d36655c0176.flv,aa314017a4a18f05208d8702c27d16d57df3f55f.mp4	(9, 10)(10, 11)
96642d7998cdd226b395153b7d8f3d36655c0176.flv,aba6851ca7f78f3a83216005bef58766e3dfb26d.flv	(1, 0)
96642d7998cdd226b395153b7d8f3d36655c0176.flv,aba6851ca7f78f3a83216005bef58766e3dfb26d.flv	(20, 0)
96642d7998cdd226b395153b7d8f3d36655c0176.flv,e7831eba03ee7083a9d547fdde6adadaa05f3eeb.flv	(20, 8)
9f3d3762943c662470d78368a29a067952a97933.flv,9f3d3762943c662470d78368a29a067952a97933.flv	(0, 0)(1, 1)(2, 2)(3, 3)(4, 4)(5, 5)(6, 6)(7, 7)(8, 8)(9, 9)(10, 10)(11, 11)(12, 12)(13, 13)(14, 14)(15, 15)(16, 16)(17, 17)(18, 18)(19, 19)(20, 20)(21, 21)(22, 22)(23, 23)(24, 24)(25, 25)(26, 26)(27, 27)(28, 28)(29, 29)(30, 30)(31, 31)(32, 32)(33, 33)(34, 34)(35, 35)(36, 36)(37, 37)(38, 38)(39, 39)(40, 40)(41, 41)(42, 42)(43, 43)(44, 44)
9f3d3762943c662470d78368a29a067952a97933.flv,a257de343d6734f0fc478da98cfedf773ea407a4.mp4	(0, 0)
9f3d3762943c662470d78368a29a067952a97933.flv,aa314017a4a18f05208d8702c27d16d57df3f55f.mp4	(0, 0)(1, 1)
9f3d3762943c662470d78368a29a067952a97933.flv,aba6851ca7f78f3a83216005bef58766e3dfb26d.flv	(1, 0)
9f3d3762943c662470d78368a29a067952a97933.flv,aba6851ca7f78f3a83216005bef58766e3dfb26d.flv	(10, 0)(11, 0)
9f3d3762943c662470d78368a29a067952a97933.flv,aba6851ca7f78f3a83216005bef58766e3dfb26d.flv	(17, 0)
9f3d3762943c662470d78368a29a067952a97933.flv,db06eed340d0873fc48b2129115f16c79c48678c.flv	(17, 1)
9f3d3762943c662470d78368a29a067952a97933.flv,e7831eba03ee7083a9d547fdde6adadaa05f3eeb.flv	(11, 8)
a257de343d6734f0fc478da98cfedf773ea407a4.mp4,a257de343d6734f0fc478da98cfedf773ea407a4.mp4	(0, 0)(1, 1)(2, 2)(3, 3)(4, 4)(5, 5)(6, 6)(7, 7)(8, 8)(9, 9)(10, 10)(11, 11)(12, 12)(13, 13)(14, 14)(15, 15)(16, 16)(17, 17)(18, 18)(19, 19)(20, 20)(21, 21)(22, 22)(23, 23)(24, 24)(25, 25)(26, 26)(27, 27)(28, 28)(29, 29)(30, 30)(31, 31)(32, 32)(33, 33)(34, 34)(35, 35)(36, 36)
a257de343d6734f0fc478da98cfedf773ea407a4.mp4,aa314017a4a18f05208d8702c27d16d57df3f55f.mp4	(0, 0)(1, 1)
a257de343d6734f0fc478da98cfedf773ea407a4.mp4,aa314017a4a18f05208d8702c27d16d57df3f55f.mp4	(5, 5)(6, 6)(7, 8)(8, 10)
a257de343d6734f0fc478da98cfedf773ea407a4.mp4,aba6851ca7f78f3a83216005bef58766e3dfb26d.flv	
a257de343d6734f0fc478da98cfedf773ea407a4.mp4,db06eed340d0873fc48b2129115f16c79c48678c.flv	(28, 5)(29, 7)(31, 10)(32, 12)(33, 13)
a257de343d6734f0fc478da98cfedf773ea407a4.mp4,e7831eba03ee7083a9d547fdde6adadaa05f3eeb.flv	(13, 12)
aa314017a4a18f05208d8702c27d16d57df3f55f.mp4,aa314017a4a18f05208d8702c27d16d57df3f55f.mp4	(0, 0)(1, 1)(2, 2)(3, 3)(4, 4)(5, 5)(6, 6)(7, 7)(8, 8)(9, 9)(10, 10)(11, 11)
aa314017a4a18f05208d8702c27d16d57df3f55f.mp4,aba6851ca7f78f3a83216005bef58766e3dfb26d.flv	
aa314017a4a18f05208d8702c27d16d57df3f55f.mp4,e7831eba03ee7083a9d547fdde6adadaa05f3eeb.flv	(0, 3)(1, 4)(3, 5)(5, 6)(6, 7)(8, 8)
aba6851ca7f78f3a83216005bef58766e3dfb26d.flv,aba6851ca7f78f3a83216005bef58766e3dfb26d.flv	(0, 0)(1, 1)(2, 2)(3, 3)(4, 4)(5, 5)
aba6851ca7f78f3a83216005bef58766e3dfb26d.flv,db06eed340d0873fc48b2129115f16c79c48678c.flv	
aba6851ca7f78f3a83216005bef58766e3dfb26d.flv,e7831eba03ee7083a9d547fdde6adadaa05f3eeb.flv	(0, 6)
aba6851ca7f78f3a83216005bef58766e3dfb26d.flv,e7831eba03ee7083a9d547fdde6adadaa05f3eeb.flv	(0, 8)
bdce7faffa2ce63db64ddab4fa10ac6752079020.flv,bdce7faffa2ce63db64ddab4fa10ac6752079020.flv	(0, 0)(1, 1)(2, 2)(3, 3)(4, 4)(5, 5)(6, 6)(7, 7)(8, 8)(9, 9)(10, 10)(11, 11)(12, 12)(13, 13)(14, 14)(15, 15)(16, 16)(17, 17)(18, 18)(19, 19)(20, 20)(21, 21)(22, 22)(23, 23)(24, 24)(25, 25)(26, 26)(27, 27)(28, 28)(29, 29)(30, 30)(31, 31)(32, 32)(33, 33)(34, 34)(35, 35)(36, 36)(37, 37)(38, 38)(39, 39)(40, 40)(41, 41)(42, 42)(43, 43)(44, 44)(45, 45)(46, 46)(47, 47)(48, 48)(49, 49)(50, 50)(51, 51)(52, 52)(53, 53)(54, 54)(55, 55)(56, 56)(57, 57)(58, 58)(59, 59)(60, 60)(61, 61)(62, 62)(63, 63)(64, 64)(65, 65)(66, 66)(67, 67)(68, 68)(69, 69)(70, 70)(71, 71)(72, 72)(73, 73)(74, 74)(75, 75)(76, 76)(77, 77)(78, 78)(79, 79)(80, 80)(81, 81)(82, 82)(83, 83)(84, 84)(85, 85)(86, 86)(87, 87)(88, 88)(89, 89)(90, 90)(91, 91)(92, 92)(93, 93)(94, 94)(95, 95)(96, 96)(97, 97)(98, 98)(99, 99)(100, 100)(101, 101)(102, 102)(103, 103)(104, 104)(105, 105)(106, 106)(107, 107)(108, 108)(109, 109)(110, 110)(111, 111)(112, 112)(113, 113)(114, 114)(115, 115)(116, 116)(117, 117)(118, 118)(119, 119)(120, 120)(121, 121)(122, 122)(123, 123)(124, 124)(125, 125)(126, 126)(127, 127)(128, 128)(129, 129)(130, 130)(131, 131)(132, 132)(133, 133)(134, 134)
db06eed340d0873fc48b2129115f16c79c48678c.flv,db06eed340d0873fc48b2129115f16c79c48678c.flv	(0, 0)(1, 1)(2, 2)(3, 3)(4, 4)(5, 5)(6, 6)(7, 7)(8, 8)(9, 9)(10, 10)(11, 11)(12, 12)(13, 13)(14, 14)(15, 15)(16, 16)(17, 17)(18, 18)(19, 19)(20, 20)(21, 21)(22, 22)(23, 23)(24, 24)(25, 25)
db06eed340d0873fc48b2129115f16c79c48678c.flv,e7831eba03ee7083a9d547fdde6adadaa05f3eeb.flv	(2, 25)(3, 26)
e7831eba03ee7083a9d547fdde6adadaa05f3eeb.flv,e7831eba03ee7083a9d547fdde6adadaa05f3eeb.flv	(0, 0)(1, 1)(2, 2)(3, 3)(4, 4)(5, 5)(6, 6)(7, 7)(8, 8)(9, 9)(10, 10)(11, 11)(12, 12)(13, 13)(14, 14)(15, 15)(16, 16)(17, 17)(18, 18)(19, 19)(20, 20)(21, 21)(22, 22)(23, 23)(24, 24)(25, 25)(26, 26)(27, 27)(28, 28)(29, 29)(30, 30)(31, 31)(32, 32)(33, 33)(34, 34)(35, 35)(36, 36)(37, 37)(38, 38)(39, 39)(40, 40)(41, 41)(42, 42)(43, 43)(44, 44)(45, 45)(46, 46)(47, 47)(48, 48)(49, 49)(50, 50)(51, 51)(52, 52)(53, 53)(54, 54)(55, 55)(56, 56)(57, 57)(58, 58)(59, 59)(60, 60)(61, 61)(62, 62)(63, 63)(64, 64)(65, 65)(66, 66)(67, 67)(68, 68)(69, 69)(70, 70)
