1e2598afd4d6a8728d6c0076354477db59702a5a.flv,1e2598afd4d6a8728d6c0076354477db59702a5a.flv	(0, 0)(1, 1)(2, 2)(3, 3)(4, 4)(5, 5)(6, 6)(7, 7)(8, 8)(9, 9)(10, 10)(11, 11)(12, 12)(13, 13)(14, 14)(15, 15)(16, 16)(17, 17)(18, 18)(19, 19)(20, 20)(21, 21)(22, 22)(23, 23)(24, 24)(25, 25)(26, 26)(27, 27)(28, 28)(29, 29)(30, 30)(31, 31)(32, 32)(33, 33)(34, 34)(35, 35)(36, 36)(37, 37)(38, 38)(39, 39)(40, 40)(41, 41)(42, 42)(43, 43)(44, 44)(45, 45)(46, 46)(47, 47)(48, 48)(49, 49)
1e2598afd4d6a8728d6c0076354477db59702a5a.flv,436657d23d80e9dbce2df57db62a3b45e05d475e.flv	(20, 0)
1e2598afd4d6a8728d6c0076354477db59702a5a.flv,436657d23d80e9dbce2df57db62a3b45e05d475e.flv	(47, 10)
1e2598afd4d6a8728d6c0076354477db59702a5a.flv,5f8d7efc28c6dd3e20cfd0060177edcb243a0456.flv	
1e2598afd4d6a8728d6c0076354477db59702a5a.flv,5f8d7efc28c6dd3e20cfd0060177edcb243a0456.flv	(47, 25)
1e2598afd4d6a8728d6c0076354477db59702a5a.flv,a62ac3f909e921e2ae89e2ed4c272cfadab838a3.mp4	(0, 0)
1e2598afd4d6a8728d6c0076354477db59702a5a.flv,a62ac3f909e921e2ae89e2ed4c272cfadab838a3.mp4	(5, 2)(6, 3)
1e2598afd4d6a8728d6c0076354477db59702a5a.flv,a62ac3f909e921e2ae89e2ed4c272cfadab838a3.mp4	(24, 18)
1e2598afd4d6a8728d6c0076354477db59702a5a.flv,a62ac3f909e921e2ae89e2ed4c272cfadab838a3.mp4	(27, 22)(28, 23)
1e2598afd4d6a8728d6c0076354477db59702a5a.flv,a62ac3f909e921e2ae89e2ed4c272cfadab838a3.mp4	(28, 12)(29, 12)
1e2598afd4d6a8728d6c0076354477db59702a5a.flv,a62ac3f909e921e2ae89e2ed4c272cfadab838a3.mp4	(38, 13)
1e2598afd4d6a8728d6c0076354477db59702a5a.flv,a62ac3f909e921e2ae89e2ed4c272cfadab838a3.mp4	(44, 19)
1e2598afd4d6a8728d6c0076354477db59702a5a.flv,a62ac3f909e921e2ae89e2ed4c272cfadab838a3.mp4	(46, 24)(46, 25)
1e2598afd4d6a8728d6c0076354477db59702a5a.flv,a62ac3f909e921e2ae89e2ed4c272cfadab838a3.mp4	(47, 31)
1e2598afd4d6a8728d6c0076354477db59702a5a.flv,a62ac3f909e921e2ae89e2ed4c272cfadab838a3.mp4	(47, 31)
2c6e77e63a5b12547ccdd5d0c2a32db71428fc98.flv,2c6e77e63a5b12547ccdd5d0c2a32db71428fc98.flv	(0, 0)(1, 1)(2, 2)(3, 3)(4, 4)(5, 5)(6, 6)(7, 7)(8, 8)(9, 9)(10, 10)(11, 11)(12, 12)(13, 13)(14, 14)(15, 15)(16, 16)(17, 17)(18, 18)(19, 19)(20, 20)(21, 21)(22, 22)(23, 23)(24, 24)(25, 25)(26, 26)(27, 27)(28, 28)(29, 29)(30, 30)(31, 31)(32, 32)(33, 33)(34, 34)(35, 35)(36, 36)(37, 37)(38, 38)(39, 39)(40, 40)(41, 41)(42, 42)(43, 43)(44, 44)(45, 45)(46, 46)(47, 47)(48, 48)(49, 49)(50, 50)(51, 51)(52, 52)(53, 53)(54, 54)(55, 55)(56, 56)(57, 57)(58, 58)(59, 59)(60, 60)(61, 61)(62, 62)(63, 63)(64, 64)(65, 65)(66, 66)(67, 67)(68, 68)(69, 69)(70, 70)(71, 71)(72, 72)(73, 73)(74, 74)(75, 75)(76, 76)(77, 77)(78, 78)(79, 79)(80, 80)(81, 81)(82, 82)(83, 83)(84, 84)(85, 85)(86, 86)(87, 87)(88, 88)(89, 89)(90, 90)(91, 91)(92, 92)(93, 93)(94, 94)(95, 95)(96, 96)(97, 97)(98, 98)(99, 99)(100, 100)(101, 101)(102, 102)(103, 103)(104, 104)(105, 105)(106, 106)(107, 107)(108, 108)(109, 109)(110, 110)(111, 111)(112, 112)(113, 113)(114, 114)(115, 115)(116, 116)(117, 117)(118, 118)(119, 119)(120, 120)(121, 121)(122, 122)(123, 123)(124, 124)(125, 125)(126, 126)(127, 127)(128, 128)(129, 129)(130, 130)(131, 131)(132, 132)(133, 133)(134, 134)(135, 135)(136, 136)(137, 137)(138, 138)(139, 139)(140, 140)(141, 141)(142, 142)(143, 143)(144, 144)(145, 145)(146, 146)(147, 147)(148, 148)(149, 149)(150, 150)(151, 151)(152, 152)(153, 153)(154, 154)(155, 155)(156, 156)(157, 157)(158, 158)(159, 159)(160, 160)(161, 161)(162, 162)(163, 163)(164, 164)(165, 165)(166, 166)(167, 167)(168, 168)(169, 169)(170, 170)(171, 171)(172, 172)(173, 173)(174, 174)(175, 175)(176, 176)(177, 177)(178, 178)(179, 179)(180, 180)(181, 181)(182, 182)(183, 183)(184, 184)(185, 185)(186, 186)(187, 187)(188, 188)(189, 189)(190, 190)(191, 191)(192, 192)(193, 193)(194, 194)(195, 195)(196, 196)(197, 197)
2c6e77e63a5b12547ccdd5d0c2a32db71428fc98.flv,436657d23d80e9dbce2df57db62a3b45e05d475e.flv	(79, 0)(80, 1)(81, 2)(85, 4)(90, 6)(91, 8)(96, 11)(98, 12)(100, 16)(106, 18)(118, 24)(124, 29)(125, 30)(131, 34)
2c6e77e63a5b12547ccdd5d0c2a32db71428fc98.flv,4a84b3090139a049a0dfd9cd4ae6db8b446fec99.flv	(49, 62)
2c6e77e63a5b12547ccdd5d0c2a32db71428fc98.flv,4a84b3090139a049a0dfd9cd4ae6db8b446fec99.flv	
2c6e77e63a5b12547ccdd5d0c2a32db71428fc98.flv,4a84b3090139a049a0dfd9cd4ae6db8b446fec99.flv	(157, 71)(159, 72)(160, 73)(161, 74)(163, 77)(165, 79)(167, 80)(168, 81)(169, 82)
2c6e77e63a5b12547ccdd5d0c2a32db71428fc98.flv,5f8d7efc28c6dd3e20cfd0060177edcb243a0456.flv	(73, 1)(74, 2)(84, 12)(85, 14)(93, 22)(96, 25)(100, 34)(102, 37)(105, 41)(108, 45)(109, 46)(110, 47)(111, 48)(112, 50)(113, 51)(114, 52)(115, 53)(117, 55)(118, 56)(122, 60)(123, 61)(126, 64)
2c6e77e63a5b12547ccdd5d0c2a32db71428fc98.flv,9067be820dde81e11fc69146317995110f408627.flv	(45, 1)(47, 3)
2c6e77e63a5b12547ccdd5d0c2a32db71428fc98.flv,9067be820dde81e11fc69146317995110f408627.flv	(89, 69)
2c6e77e63a5b12547ccdd5d0c2a32db71428fc98.flv,93cad7675cea2f7c761ad9fc2ee72baee61f38e3.flv	(22, 13)(27, 15)
2c6e77e63a5b12547ccdd5d0c2a32db71428fc98.flv,93cad7675cea2f7c761ad9fc2ee72baee61f38e3.flv	(34, 35)
2c6e77e63a5b12547ccdd5d0c2a32db71428fc98.flv,93cad7675cea2f7c761ad9fc2ee72baee61f38e3.flv	(39, 35)
2c6e77e63a5b12547ccdd5d0c2a32db71428fc98.flv,93cad7675cea2f7c761ad9fc2ee72baee61f38e3.flv	(84, 56)(85, 57)
2c6e77e63a5b12547ccdd5d0c2a32db71428fc98.flv,94d686ecfa99d431b9f35e589e601057a2075b8e.flv	(0, 0)(1, 1)(2, 2)(3, 3)(4, 4)(5, 5)(6, 6)(7, 7)(8, 8)(9, 9)(10, 10)(11, 11)(12, 12)(13, 13)(14, 14)(15, 15)(16, 16)(17, 17)(18, 18)(19, 19)(20, 20)(21, 21)(22, 22)(23, 23)(24, 24)(25, 25)(26, 26)(27, 27)(28, 28)(29, 29)(30, 30)(31, 31)(32, 32)(33, 33)(34, 34)(35, 35)(36, 36)(37, 37)(38, 38)(39, 39)(40, 40)(41, 41)(42, 42)(43, 43)(44, 44)(45, 45)(46, 46)(47, 47)(48, 48)(49, 49)(50, 50)(51, 51)(52, 52)(53, 53)(54, 54)(55, 55)(56, 56)(57, 57)(58, 58)(59, 59)(60, 60)(61, 61)(62, 62)(63, 63)(64, 64)(65, 65)(66, 66)(67, 67)(68, 68)(69, 69)(70, 70)(71, 71)(72, 72)(73, 73)(74, 74)(75, 75)(76, 76)(77, 77)(78, 78)(79, 79)(80, 80)(81, 81)(82, 82)(83, 83)(84, 84)(85, 85)(86, 86)(87, 87)(88, 88)(89, 89)(90, 90)(91, 91)(92, 92)(93, 93)(94, 94)(95, 95)(96, 96)(97, 97)(98, 98)(99, 99)(100, 100)(101, 101)(102, 102)(103, 103)(104, 104)(105, 105)(106, 106)(107, 107)(108, 108)(109, 109)(110, 110)(111, 111)(112, 112)(113, 113)(114, 114)(115, 115)(116, 116)(117, 117)(118, 118)(119, 119)(120, 120)(121, 121)(122, 122)(123, 123)(124, 124)(125, 125)(126, 126)(127, 127)(128, 128)(129, 129)(130, 130)(131, 131)(132, 132)(133, 133)(134, 134)(135, 135)(136, 136)(137, 137)(138, 138)(139, 139)(140, 140)(141, 141)(142, 142)(143, 143)(144, 144)(145, 145)(146, 146)(147, 147)(148, 148)(149, 149)(150, 150)(151, 151)(152, 152)(153, 153)(154, 154)(155, 155)(156, 156)(157, 157)(158, 158)(159, 159)(160, 160)(161, 161)(162, 162)(163, 163)(164, 164)(165, 165)(166, 166)(167, 167)(168, 168)(169, 169)(170, 170)(171, 171)(172, 172)(173, 173)(174, 174)(175, 175)(176, 176)(177, 177)(178, 178)(179, 179)(180, 180)(181, 181)(182, 182)(183, 183)(184, 184)(185, 185)(186, 186)(187, 187)(188, 188)(189, 189)(190, 190)(191, 191)(192, 192)(193, 193)(194, 194)(195, 195)(196, 196)(197, 197)
2c6e77e63a5b12547ccdd5d0c2a32db71428fc98.flv,9e94d3404faee3a1e3c78fb33064319511428103.flv	(1, 0)(2, 2)(3, 3)(4, 4)(8, 11)
2c6e77e63a5b12547ccdd5d0c2a32db71428fc98.flv,9e94d3404faee3a1e3c78fb33064319511428103.flv	(39, 54)
2c6e77e63a5b12547ccdd5d0c2a32db71428fc98.flv,9e94d3404faee3a1e3c78fb33064319511428103.flv	(99, 62)(100, 63)
2c6e77e63a5b12547ccdd5d0c2a32db71428fc98.flv,9e94d3404faee3a1e3c78fb33064319511428103.flv	(170, 65)(172, 66)(173, 67)(180, 71)
2c6e77e63a5b12547ccdd5d0c2a32db71428fc98.flv,a62ac3f909e921e2ae89e2ed4c272cfadab838a3.mp4	(34, 12)(35, 13)
2c6e77e63a5b12547ccdd5d0c2a32db71428fc98.flv,a62ac3f909e921e2ae89e2ed4c272cfadab838a3.mp4	(47, 20)
2c6e77e63a5b12547ccdd5d0c2a32db71428fc98.flv,a62ac3f909e921e2ae89e2ed4c272cfadab838a3.mp4	(47, 29)(48, 30)
2c6e77e63a5b12547ccdd5d0c2a32db71428fc98.flv,a62ac3f909e921e2ae89e2ed4c272cfadab838a3.mp4	(49, 32)
2c6e77e63a5b12547ccdd5d0c2a32db71428fc98.flv,c3ca62e39b8118a8773999ca5ed4757784032371.flv	(39, 2)(41, 3)(42, 4)(43, 5)(44, 6)(45, 7)(47, 8)
2c6e77e63a5b12547ccdd5d0c2a32db71428fc98.flv,c3ca62e39b8118a8773999ca5ed4757784032371.flv	(48, 20)(49, 23)
2c6e77e63a5b12547ccdd5d0c2a32db71428fc98.flv,c3ca62e39b8118a8773999ca5ed4757784032371.flv	(49, 24)
2c6e77e63a5b12547ccdd5d0c2a32db71428fc98.flv,cbe5dff0d1f7658b8e37d32ade9fd9b27a9f3fc9.flv	(79, 7)(80, 7)(81, 8)
2c6e77e63a5b12547ccdd5d0c2a32db71428fc98.flv,cbe5dff0d1f7658b8e37d32ade9fd9b27a9f3fc9.flv	(84, 10)(85, 11)(86, 12)
2c6e77e63a5b12547ccdd5d0c2a32db71428fc98.flv,cbe5dff0d1f7658b8e37d32ade9fd9b27a9f3fc9.flv	(89, 13)(90, 14)(91, 15)
2c6e77e63a5b12547ccdd5d0c2a32db71428fc98.flv,cbe5dff0d1f7658b8e37d32ade9fd9b27a9f3fc9.flv	(93, 17)
2c6e77e63a5b12547ccdd5d0c2a32db71428fc98.flv,cbe5dff0d1f7658b8e37d32ade9fd9b27a9f3fc9.flv	(99, 20)(100, 21)
2c6e77e63a5b12547ccdd5d0c2a32db71428fc98.flv,cbe5dff0d1f7658b8e37d32ade9fd9b27a9f3fc9.flv	(126, 28)(128, 29)
2c6e77e63a5b12547ccdd5d0c2a32db71428fc98.flv,cf6db37d583044431cc33c4c723988cb6c5edc46.flv	(100, 0)(102, 2)(104, 3)(118, 11)(119, 12)(126, 18)(128, 19)(132, 21)(136, 23)(137, 24)
2c6e77e63a5b12547ccdd5d0c2a32db71428fc98.flv,cf6db37d583044431cc33c4c723988cb6c5edc46.flv	(138, 29)(139, 30)(141, 31)(143, 32)(154, 41)(157, 43)(159, 44)(165, 48)(166, 50)(167, 51)(169, 52)(170, 54)(172, 55)(179, 59)(182, 61)(183, 63)(184, 65)(185, 66)(187, 67)(188, 68)(189, 69)(190, 70)(194, 73)
2c6e77e63a5b12547ccdd5d0c2a32db71428fc98.flv,fa89363182761c182136f54fc7650930265a5bb4.flv	(39, 6)(45, 8)(47, 10)
2c6e77e63a5b12547ccdd5d0c2a32db71428fc98.flv,fa89363182761c182136f54fc7650930265a5bb4.flv	(48, 20)
2c6e77e63a5b12547ccdd5d0c2a32db71428fc98.flv,fa89363182761c182136f54fc7650930265a5bb4.flv	(49, 25)
436657d23d80e9dbce2df57db62a3b45e05d475e.flv,436657d23d80e9dbce2df57db62a3b45e05d475e.flv	(0, 0)(1, 1)(2, 2)(3, 3)(4, 4)(5, 5)(6, 6)(7, 7)(8, 8)(9, 9)(10, 10)(11, 11)(12, 12)(13, 13)(14, 14)(15, 15)(16, 16)(17, 17)(18, 18)(19, 19)(20, 20)(21, 21)(22, 22)(23, 23)(24, 24)(25, 25)(26, 26)(27, 27)(28, 28)(29, 29)(30, 30)(31, 31)(32, 32)(33, 33)(34, 34)(35, 35)
436657d23d80e9dbce2df57db62a3b45e05d475e.flv,4a84b3090139a049a0dfd9cd4ae6db8b446fec99.flv	(8, 65)
436657d23d80e9dbce2df57db62a3b45e05d475e.flv,5f8d7efc28c6dd3e20cfd0060177edcb243a0456.flv	(0, 6)(1, 7)(2, 8)(3, 11)(4, 12)(5, 16)(6, 17)(8, 19)(10, 24)(11, 25)(14, 32)(15, 33)(20, 48)(22, 52)(31, 64)
436657d23d80e9dbce2df57db62a3b45e05d475e.flv,9067be820dde81e11fc69146317995110f408627.flv	(5, 69)(8, 70)
436657d23d80e9dbce2df57db62a3b45e05d475e.flv,93cad7675cea2f7c761ad9fc2ee72baee61f38e3.flv	(2, 54)(3, 55)(5, 56)(6, 57)(9, 59)(10, 60)
436657d23d80e9dbce2df57db62a3b45e05d475e.flv,93cad7675cea2f7c761ad9fc2ee72baee61f38e3.flv	(18, 61)
436657d23d80e9dbce2df57db62a3b45e05d475e.flv,94d686ecfa99d431b9f35e589e601057a2075b8e.flv	(0, 79)(1, 80)(2, 81)(4, 85)(6, 90)(8, 91)(11, 96)(12, 98)(16, 100)(18, 106)(24, 118)(29, 124)(30, 125)(34, 131)
436657d23d80e9dbce2df57db62a3b45e05d475e.flv,9e94d3404faee3a1e3c78fb33064319511428103.flv	(13, 61)
436657d23d80e9dbce2df57db62a3b45e05d475e.flv,9e94d3404faee3a1e3c78fb33064319511428103.flv	(16, 62)
436657d23d80e9dbce2df57db62a3b45e05d475e.flv,b4d71ae78d81a607ddc2951bfd0a2e3ce46e6d91.flv	(0, 50)(1, 51)(2, 52)(3, 54)
436657d23d80e9dbce2df57db62a3b45e05d475e.flv,b4d71ae78d81a607ddc2951bfd0a2e3ce46e6d91.flv	(5, 55)(6, 57)
436657d23d80e9dbce2df57db62a3b45e05d475e.flv,b4d71ae78d81a607ddc2951bfd0a2e3ce46e6d91.flv	(9, 57)
436657d23d80e9dbce2df57db62a3b45e05d475e.flv,cbe5dff0d1f7658b8e37d32ade9fd9b27a9f3fc9.flv	(0, 7)(2, 8)
436657d23d80e9dbce2df57db62a3b45e05d475e.flv,cbe5dff0d1f7658b8e37d32ade9fd9b27a9f3fc9.flv	(3, 10)(4, 11)(5, 12)
436657d23d80e9dbce2df57db62a3b45e05d475e.flv,cbe5dff0d1f7658b8e37d32ade9fd9b27a9f3fc9.flv	(5, 13)(6, 14)(8, 15)
436657d23d80e9dbce2df57db62a3b45e05d475e.flv,cbe5dff0d1f7658b8e37d32ade9fd9b27a9f3fc9.flv	(9, 17)
436657d23d80e9dbce2df57db62a3b45e05d475e.flv,cbe5dff0d1f7658b8e37d32ade9fd9b27a9f3fc9.flv	(16, 20)(17, 21)(21, 25)(23, 27)(32, 29)(35, 31)
436657d23d80e9dbce2df57db62a3b45e05d475e.flv,cf6db37d583044431cc33c4c723988cb6c5edc46.flv	(16, 0)(19, 4)(21, 5)(23, 7)(29, 13)(35, 19)
4a84b3090139a049a0dfd9cd4ae6db8b446fec99.flv,4a84b3090139a049a0dfd9cd4ae6db8b446fec99.flv	(0, 0)(1, 1)(2, 2)(3, 3)(4, 4)(5, 5)(6, 6)(7, 7)(8, 8)(9, 9)(10, 10)(11, 11)(12, 12)(13, 13)(14, 14)(15, 15)(16, 16)(17, 17)(18, 18)(19, 19)(20, 20)(21, 21)(22, 22)(23, 23)(24, 24)(25, 25)(26, 26)(27, 27)(28, 28)(29, 29)(30, 30)(31, 31)(32, 32)(33, 33)(34, 34)(35, 35)(36, 36)(37, 37)(38, 38)(39, 39)(40, 40)(41, 41)(42, 42)(43, 43)(44, 44)(45, 45)(46, 46)(47, 47)(48, 48)(49, 49)(50, 50)(51, 51)(52, 52)(53, 53)(54, 54)(55, 55)(56, 56)(57, 57)(58, 58)(59, 59)(60, 60)(61, 61)(62, 62)(63, 63)(64, 64)(65, 65)(66, 66)(67, 67)(68, 68)(69, 69)(70, 70)(71, 71)(72, 72)(73, 73)(74, 74)(75, 75)(76, 76)(77, 77)(78, 78)(79, 79)(80, 80)(81, 81)(82, 82)(83, 83)(84, 84)(85, 85)(86, 86)(87, 87)
4a84b3090139a049a0dfd9cd4ae6db8b446fec99.flv,5f8d7efc28c6dd3e20cfd0060177edcb243a0456.flv	(65, 21)
4a84b3090139a049a0dfd9cd4ae6db8b446fec99.flv,94d686ecfa99d431b9f35e589e601057a2075b8e.flv	(62, 49)
4a84b3090139a049a0dfd9cd4ae6db8b446fec99.flv,94d686ecfa99d431b9f35e589e601057a2075b8e.flv	
4a84b3090139a049a0dfd9cd4ae6db8b446fec99.flv,94d686ecfa99d431b9f35e589e601057a2075b8e.flv	(71, 157)(72, 159)(73, 160)(74, 161)(77, 163)(79, 165)(80, 167)(81, 168)(82, 169)
4a84b3090139a049a0dfd9cd4ae6db8b446fec99.flv,9e94d3404faee3a1e3c78fb33064319511428103.flv	(2, 33)(3, 34)(4, 35)(5, 36)(6, 37)(8, 38)(9, 40)(10, 41)
4a84b3090139a049a0dfd9cd4ae6db8b446fec99.flv,9e94d3404faee3a1e3c78fb33064319511428103.flv	(23, 27)(24, 28)(25, 29)(27, 30)(29, 32)
4a84b3090139a049a0dfd9cd4ae6db8b446fec99.flv,a62ac3f909e921e2ae89e2ed4c272cfadab838a3.mp4	(61, 31)(62, 32)
4a84b3090139a049a0dfd9cd4ae6db8b446fec99.flv,c3ca62e39b8118a8773999ca5ed4757784032371.flv	(61, 23)(62, 24)(63, 25)(65, 26)
4a84b3090139a049a0dfd9cd4ae6db8b446fec99.flv,cbe5dff0d1f7658b8e37d32ade9fd9b27a9f3fc9.flv	(69, 17)
4a84b3090139a049a0dfd9cd4ae6db8b446fec99.flv,cbe5dff0d1f7658b8e37d32ade9fd9b27a9f3fc9.flv	(71, 42)
4a84b3090139a049a0dfd9cd4ae6db8b446fec99.flv,cbe5dff0d1f7658b8e37d32ade9fd9b27a9f3fc9.flv	(73, 44)(74, 45)(77, 46)(78, 48)(79, 49)(80, 50)(82, 51)
4a84b3090139a049a0dfd9cd4ae6db8b446fec99.flv,cf6db37d583044431cc33c4c723988cb6c5edc46.flv	(73, 47)(74, 48)
4a84b3090139a049a0dfd9cd4ae6db8b446fec99.flv,fa89363182761c182136f54fc7650930265a5bb4.flv	(60, 23)(63, 26)
5f8d7efc28c6dd3e20cfd0060177edcb243a0456.flv,5f8d7efc28c6dd3e20cfd0060177edcb243a0456.flv	(0, 0)(1, 1)(2, 2)(3, 3)(4, 4)(5, 5)(6, 6)(7, 7)(8, 8)(9, 9)(10, 10)(11, 11)(12, 12)(13, 13)(14, 14)(15, 15)(16, 16)(17, 17)(18, 18)(19, 19)(20, 20)(21, 21)(22, 22)(23, 23)(24, 24)(25, 25)(26, 26)(27, 27)(28, 28)(29, 29)(30, 30)(31, 31)(32, 32)(33, 33)(34, 34)(35, 35)(36, 36)(37, 37)(38, 38)(39, 39)(40, 40)(41, 41)(42, 42)(43, 43)(44, 44)(45, 45)(46, 46)(47, 47)(48, 48)(49, 49)(50, 50)(51, 51)(52, 52)(53, 53)(54, 54)(55, 55)(56, 56)(57, 57)(58, 58)(59, 59)(60, 60)(61, 61)(62, 62)(63, 63)(64, 64)
5f8d7efc28c6dd3e20cfd0060177edcb243a0456.flv,9067be820dde81e11fc69146317995110f408627.flv	(21, 70)
5f8d7efc28c6dd3e20cfd0060177edcb243a0456.flv,93cad7675cea2f7c761ad9fc2ee72baee61f38e3.flv	(4, 52)(5, 53)(12, 57)(13, 58)
5f8d7efc28c6dd3e20cfd0060177edcb243a0456.flv,93cad7675cea2f7c761ad9fc2ee72baee61f38e3.flv	(25, 60)
5f8d7efc28c6dd3e20cfd0060177edcb243a0456.flv,93cad7675cea2f7c761ad9fc2ee72baee61f38e3.flv	(41, 61)
5f8d7efc28c6dd3e20cfd0060177edcb243a0456.flv,94d686ecfa99d431b9f35e589e601057a2075b8e.flv	(41, 61)
5f8d7efc28c6dd3e20cfd0060177edcb243a0456.flv,9e94d3404faee3a1e3c78fb33064319511428103.flv	(30, 61)
5f8d7efc28c6dd3e20cfd0060177edcb243a0456.flv,9e94d3404faee3a1e3c78fb33064319511428103.flv	(34, 62)
5f8d7efc28c6dd3e20cfd0060177edcb243a0456.flv,9e94d3404faee3a1e3c78fb33064319511428103.flv	(53, 63)
5f8d7efc28c6dd3e20cfd0060177edcb243a0456.flv,b4d71ae78d81a607ddc2951bfd0a2e3ce46e6d91.flv	(5, 48)(6, 49)(8, 50)(11, 52)(12, 53)(14, 54)
5f8d7efc28c6dd3e20cfd0060177edcb243a0456.flv,b4d71ae78d81a607ddc2951bfd0a2e3ce46e6d91.flv	(16, 55)
5f8d7efc28c6dd3e20cfd0060177edcb243a0456.flv,b4d71ae78d81a607ddc2951bfd0a2e3ce46e6d91.flv	(21, 57)
5f8d7efc28c6dd3e20cfd0060177edcb243a0456.flv,cbe5dff0d1f7658b8e37d32ade9fd9b27a9f3fc9.flv	
5f8d7efc28c6dd3e20cfd0060177edcb243a0456.flv,cbe5dff0d1f7658b8e37d32ade9fd9b27a9f3fc9.flv	
5f8d7efc28c6dd3e20cfd0060177edcb243a0456.flv,cbe5dff0d1f7658b8e37d32ade9fd9b27a9f3fc9.flv	(16, 13)(17, 14)(19, 15)
5f8d7efc28c6dd3e20cfd0060177edcb243a0456.flv,cbe5dff0d1f7658b8e37d32ade9fd9b27a9f3fc9.flv	(21, 17)(22, 17)
5f8d7efc28c6dd3e20cfd0060177edcb243a0456.flv,cbe5dff0d1f7658b8e37d32ade9fd9b27a9f3fc9.flv	(34, 20)
5f8d7efc28c6dd3e20cfd0060177edcb243a0456.flv,cf6db37d583044431cc33c4c723988cb6c5edc46.flv	(45, 4)(53, 6)(61, 12)(62, 13)(64, 14)
9067be820dde81e11fc69146317995110f408627.flv,9067be820dde81e11fc69146317995110f408627.flv	(0, 0)(1, 1)(2, 2)(3, 3)(4, 4)(5, 5)(6, 6)(7, 7)(8, 8)(9, 9)(10, 10)(11, 11)(12, 12)(13, 13)(14, 14)(15, 15)(16, 16)(17, 17)(18, 18)(19, 19)(20, 20)(21, 21)(22, 22)(23, 23)(24, 24)(25, 25)(26, 26)(27, 27)(28, 28)(29, 29)(30, 30)(31, 31)(32, 32)(33, 33)(34, 34)(35, 35)(36, 36)(37, 37)(38, 38)(39, 39)(40, 40)(41, 41)(42, 42)(43, 43)(44, 44)(45, 45)(46, 46)(47, 47)(48, 48)(49, 49)(50, 50)(51, 51)(52, 52)(53, 53)(54, 54)(55, 55)(56, 56)(57, 57)(58, 58)(59, 59)(60, 60)(61, 61)(62, 62)(63, 63)(64, 64)(65, 65)(66, 66)(67, 67)(68, 68)(69, 69)(70, 70)(71, 71)(72, 72)(73, 73)(74, 74)(75, 75)(76, 76)(77, 77)(78, 78)(79, 79)(80, 80)(81, 81)(82, 82)(83, 83)(84, 84)(85, 85)(86, 86)(87, 87)(88, 88)(89, 89)(90, 90)(91, 91)(92, 92)(93, 93)(94, 94)(95, 95)(96, 96)(97, 97)(98, 98)(99, 99)(100, 100)(101, 101)(102, 102)(103, 103)(104, 104)(105, 105)(106, 106)(107, 107)(108, 108)(109, 109)(110, 110)(111, 111)(112, 112)(113, 113)(114, 114)(115, 115)(116, 116)(117, 117)(118, 118)(119, 119)(120, 120)(121, 121)(122, 122)(123, 123)(124, 124)(125, 125)(126, 126)(127, 127)(128, 128)(129, 129)(130, 130)(131, 131)(132, 132)(133, 133)(134, 134)(135, 135)(136, 136)(137, 137)(138, 138)(139, 139)(140, 140)(141, 141)(142, 142)(143, 143)(144, 144)(145, 145)(146, 146)(147, 147)(148, 148)(149, 149)(150, 150)(151, 151)(152, 152)(153, 153)(154, 154)(155, 155)(156, 156)(157, 157)(158, 158)(159, 159)(160, 160)(161, 161)(162, 162)(163, 163)(164, 164)(165, 165)(166, 166)(167, 167)(168, 168)(169, 169)(170, 170)(171, 171)(172, 172)(173, 173)(174, 174)(175, 175)(176, 176)(177, 177)(178, 178)(179, 179)(180, 180)(181, 181)(182, 182)(183, 183)(184, 184)(185, 185)(186, 186)(187, 187)(188, 188)(189, 189)(190, 190)(191, 191)(192, 192)(193, 193)(194, 194)(195, 195)(196, 196)(197, 197)(198, 198)(199, 199)(200, 200)(201, 201)(202, 202)(203, 203)(204, 204)(205, 205)(206, 206)(207, 207)(208, 208)(209, 209)(210, 210)(211, 211)(212, 212)(213, 213)(214, 214)(215, 215)(216, 216)
9067be820dde81e11fc69146317995110f408627.flv,93cad7675cea2f7c761ad9fc2ee72baee61f38e3.flv	(3, 37)(4, 37)
9067be820dde81e11fc69146317995110f408627.flv,94d686ecfa99d431b9f35e589e601057a2075b8e.flv	(1, 45)(3, 47)
9067be820dde81e11fc69146317995110f408627.flv,94d686ecfa99d431b9f35e589e601057a2075b8e.flv	(69, 89)
9067be820dde81e11fc69146317995110f408627.flv,9e94d3404faee3a1e3c78fb33064319511428103.flv	(1, 57)(3, 58)
9067be820dde81e11fc69146317995110f408627.flv,a62ac3f909e921e2ae89e2ed4c272cfadab838a3.mp4	(1, 19)(3, 20)(4, 21)(5, 22)
9067be820dde81e11fc69146317995110f408627.flv,b4d71ae78d81a607ddc2951bfd0a2e3ce46e6d91.flv	(1, 32)(3, 34)
9067be820dde81e11fc69146317995110f408627.flv,b4d71ae78d81a607ddc2951bfd0a2e3ce46e6d91.flv	(69, 55)
9067be820dde81e11fc69146317995110f408627.flv,c3ca62e39b8118a8773999ca5ed4757784032371.flv	(1, 7)(3, 8)(5, 10)
9067be820dde81e11fc69146317995110f408627.flv,cbe5dff0d1f7658b8e37d32ade9fd9b27a9f3fc9.flv	(69, 14)(70, 15)
9067be820dde81e11fc69146317995110f408627.flv,fa89363182761c182136f54fc7650930265a5bb4.flv	(1, 8)(2, 9)(3, 10)(4, 12)(5, 13)
93cad7675cea2f7c761ad9fc2ee72baee61f38e3.flv,93cad7675cea2f7c761ad9fc2ee72baee61f38e3.flv	(0, 0)(1, 1)(2, 2)(3, 3)(4, 4)(5, 5)(6, 6)(7, 7)(8, 8)(9, 9)(10, 10)(11, 11)(12, 12)(13, 13)(14, 14)(15, 15)(16, 16)(17, 17)(18, 18)(19, 19)(20, 20)(21, 21)(22, 22)(23, 23)(24, 24)(25, 25)(26, 26)(27, 27)(28, 28)(29, 29)(30, 30)(31, 31)(32, 32)(33, 33)(34, 34)(35, 35)(36, 36)(37, 37)(38, 38)(39, 39)(40, 40)(41, 41)(42, 42)(43, 43)(44, 44)(45, 45)(46, 46)(47, 47)(48, 48)(49, 49)(50, 50)(51, 51)(52, 52)(53, 53)(54, 54)(55, 55)(56, 56)(57, 57)(58, 58)(59, 59)(60, 60)(61, 61)(62, 62)(63, 63)(64, 64)
93cad7675cea2f7c761ad9fc2ee72baee61f38e3.flv,94d686ecfa99d431b9f35e589e601057a2075b8e.flv	(13, 22)(15, 27)
93cad7675cea2f7c761ad9fc2ee72baee61f38e3.flv,94d686ecfa99d431b9f35e589e601057a2075b8e.flv	(35, 34)
93cad7675cea2f7c761ad9fc2ee72baee61f38e3.flv,94d686ecfa99d431b9f35e589e601057a2075b8e.flv	(35, 39)
93cad7675cea2f7c761ad9fc2ee72baee61f38e3.flv,94d686ecfa99d431b9f35e589e601057a2075b8e.flv	(56, 84)(57, 85)
93cad7675cea2f7c761ad9fc2ee72baee61f38e3.flv,9e94d3404faee3a1e3c78fb33064319511428103.flv	(35, 54)
93cad7675cea2f7c761ad9fc2ee72baee61f38e3.flv,a62ac3f909e921e2ae89e2ed4c272cfadab838a3.mp4	(35, 12)
93cad7675cea2f7c761ad9fc2ee72baee61f38e3.flv,a62ac3f909e921e2ae89e2ed4c272cfadab838a3.mp4	(35, 18)
93cad7675cea2f7c761ad9fc2ee72baee61f38e3.flv,c3ca62e39b8118a8773999ca5ed4757784032371.flv	(35, 2)
93cad7675cea2f7c761ad9fc2ee72baee61f38e3.flv,c3ca62e39b8118a8773999ca5ed4757784032371.flv	(37, 9)
93cad7675cea2f7c761ad9fc2ee72baee61f38e3.flv,cbe5dff0d1f7658b8e37d32ade9fd9b27a9f3fc9.flv	(53, 6)(54, 7)(57, 11)
93cad7675cea2f7c761ad9fc2ee72baee61f38e3.flv,cf6db37d583044431cc33c4c723988cb6c5edc46.flv	(61, 4)
93cad7675cea2f7c761ad9fc2ee72baee61f38e3.flv,fa89363182761c182136f54fc7650930265a5bb4.flv	(35, 6)
93cad7675cea2f7c761ad9fc2ee72baee61f38e3.flv,fa89363182761c182136f54fc7650930265a5bb4.flv	(37, 10)(37, 11)
94d686ecfa99d431b9f35e589e601057a2075b8e.flv,94d686ecfa99d431b9f35e589e601057a2075b8e.flv	(0, 0)(1, 1)(2, 2)(3, 3)(4, 4)(5, 5)(6, 6)(7, 7)(8, 8)(9, 9)(10, 10)(11, 11)(12, 12)(13, 13)(14, 14)(15, 15)(16, 16)(17, 17)(18, 18)(19, 19)(20, 20)(21, 21)(22, 22)(23, 23)(24, 24)(25, 25)(26, 26)(27, 27)(28, 28)(29, 29)(30, 30)(31, 31)(32, 32)(33, 33)(34, 34)(35, 35)(36, 36)(37, 37)(38, 38)(39, 39)(40, 40)(41, 41)(42, 42)(43, 43)(44, 44)(45, 45)(46, 46)(47, 47)(48, 48)(49, 49)(50, 50)(51, 51)(52, 52)(53, 53)(54, 54)(55, 55)(56, 56)(57, 57)(58, 58)(59, 59)(60, 60)(61, 61)(62, 62)(63, 63)(64, 64)(65, 65)(66, 66)(67, 67)(68, 68)(69, 69)(70, 70)(71, 71)(72, 72)(73, 73)(74, 74)(75, 75)(76, 76)(77, 77)(78, 78)(79, 79)(80, 80)(81, 81)(82, 82)(83, 83)(84, 84)(85, 85)(86, 86)(87, 87)(88, 88)(89, 89)(90, 90)(91, 91)(92, 92)(93, 93)(94, 94)(95, 95)(96, 96)(97, 97)(98, 98)(99, 99)(100, 100)(101, 101)(102, 102)(103, 103)(104, 104)(105, 105)(106, 106)(107, 107)(108, 108)(109, 109)(110, 110)(111, 111)(112, 112)(113, 113)(114, 114)(115, 115)(116, 116)(117, 117)(118, 118)(119, 119)(120, 120)(121, 121)(122, 122)(123, 123)(124, 124)(125, 125)(126, 126)(127, 127)(128, 128)(129, 129)(130, 130)(131, 131)(132, 132)(133, 133)(134, 134)(135, 135)(136, 136)(137, 137)(138, 138)(139, 139)(140, 140)(141, 141)(142, 142)(143, 143)(144, 144)(145, 145)(146, 146)(147, 147)(148, 148)(149, 149)(150, 150)(151, 151)(152, 152)(153, 153)(154, 154)(155, 155)(156, 156)(157, 157)(158, 158)(159, 159)(160, 160)(161, 161)(162, 162)(163, 163)(164, 164)(165, 165)(166, 166)(167, 167)(168, 168)(169, 169)(170, 170)(171, 171)(172, 172)(173, 173)(174, 174)(175, 175)(176, 176)(177, 177)(178, 178)(179, 179)(180, 180)(181, 181)(182, 182)(183, 183)(184, 184)(185, 185)(186, 186)(187, 187)(188, 188)(189, 189)(190, 190)(191, 191)(192, 192)(193, 193)(194, 194)(195, 195)(196, 196)(197, 197)
94d686ecfa99d431b9f35e589e601057a2075b8e.flv,9e94d3404faee3a1e3c78fb33064319511428103.flv	(1, 0)(2, 2)(3, 3)(4, 4)(8, 11)
94d686ecfa99d431b9f35e589e601057a2075b8e.flv,9e94d3404faee3a1e3c78fb33064319511428103.flv	(39, 54)
94d686ecfa99d431b9f35e589e601057a2075b8e.flv,9e94d3404faee3a1e3c78fb33064319511428103.flv	(99, 62)(100, 63)
94d686ecfa99d431b9f35e589e601057a2075b8e.flv,9e94d3404faee3a1e3c78fb33064319511428103.flv	(170, 65)(172, 66)(173, 67)(180, 71)
94d686ecfa99d431b9f35e589e601057a2075b8e.flv,a62ac3f909e921e2ae89e2ed4c272cfadab838a3.mp4	(34, 12)(35, 13)
94d686ecfa99d431b9f35e589e601057a2075b8e.flv,a62ac3f909e921e2ae89e2ed4c272cfadab838a3.mp4	(47, 20)
94d686ecfa99d431b9f35e589e601057a2075b8e.flv,a62ac3f909e921e2ae89e2ed4c272cfadab838a3.mp4	(47, 29)(48, 30)
94d686ecfa99d431b9f35e589e601057a2075b8e.flv,a62ac3f909e921e2ae89e2ed4c272cfadab838a3.mp4	(49, 32)
94d686ecfa99d431b9f35e589e601057a2075b8e.flv,c3ca62e39b8118a8773999ca5ed4757784032371.flv	(39, 2)(41, 3)(45, 7)
94d686ecfa99d431b9f35e589e601057a2075b8e.flv,c3ca62e39b8118a8773999ca5ed4757784032371.flv	(48, 20)(49, 23)
94d686ecfa99d431b9f35e589e601057a2075b8e.flv,c3ca62e39b8118a8773999ca5ed4757784032371.flv	(49, 24)
94d686ecfa99d431b9f35e589e601057a2075b8e.flv,cbe5dff0d1f7658b8e37d32ade9fd9b27a9f3fc9.flv	(79, 7)(80, 7)(81, 8)
94d686ecfa99d431b9f35e589e601057a2075b8e.flv,cbe5dff0d1f7658b8e37d32ade9fd9b27a9f3fc9.flv	(84, 10)(85, 11)(86, 12)
94d686ecfa99d431b9f35e589e601057a2075b8e.flv,cbe5dff0d1f7658b8e37d32ade9fd9b27a9f3fc9.flv	(89, 13)(90, 14)(91, 15)
94d686ecfa99d431b9f35e589e601057a2075b8e.flv,cbe5dff0d1f7658b8e37d32ade9fd9b27a9f3fc9.flv	(93, 17)
94d686ecfa99d431b9f35e589e601057a2075b8e.flv,cbe5dff0d1f7658b8e37d32ade9fd9b27a9f3fc9.flv	(99, 20)
94d686ecfa99d431b9f35e589e601057a2075b8e.flv,cbe5dff0d1f7658b8e37d32ade9fd9b27a9f3fc9.flv	(126, 28)(128, 29)
94d686ecfa99d431b9f35e589e601057a2075b8e.flv,cf6db37d583044431cc33c4c723988cb6c5edc46.flv	(100, 0)(102, 2)(104, 3)(118, 11)(119, 12)(126, 18)(128, 19)(132, 21)(136, 23)(137, 24)
94d686ecfa99d431b9f35e589e601057a2075b8e.flv,cf6db37d583044431cc33c4c723988cb6c5edc46.flv	(138, 29)(139, 30)(141, 31)(143, 32)(154, 41)(157, 43)(159, 44)(165, 48)(166, 50)(167, 51)(169, 52)(170, 54)(172, 55)(179, 59)(182, 61)(183, 63)(184, 65)(185, 66)(187, 67)(188, 68)(189, 69)(190, 70)(194, 73)
94d686ecfa99d431b9f35e589e601057a2075b8e.flv,fa89363182761c182136f54fc7650930265a5bb4.flv	(39, 6)(45, 8)(47, 10)
94d686ecfa99d431b9f35e589e601057a2075b8e.flv,fa89363182761c182136f54fc7650930265a5bb4.flv	(48, 20)
94d686ecfa99d431b9f35e589e601057a2075b8e.flv,fa89363182761c182136f54fc7650930265a5bb4.flv	(49, 25)
9e94d3404faee3a1e3c78fb33064319511428103.flv,9e94d3404faee3a1e3c78fb33064319511428103.flv	(0, 0)(1, 1)(2, 2)(3, 3)(4, 4)(5, 5)(6, 6)(7, 7)(8, 8)(9, 9)(10, 10)(11, 11)(12, 12)(13, 13)(14, 14)(15, 15)(16, 16)(17, 17)(18, 18)(19, 19)(20, 20)(21, 21)(22, 22)(23, 23)(24, 24)(25, 25)(26, 26)(27, 27)(28, 28)(29, 29)(30, 30)(31, 31)(32, 32)(33, 33)(34, 34)(35, 35)(36, 36)(37, 37)(38, 38)(39, 39)(40, 40)(41, 41)(42, 42)(43, 43)(44, 44)(45, 45)(46, 46)(47, 47)(48, 48)(49, 49)(50, 50)(51, 51)(52, 52)(53, 53)(54, 54)(55, 55)(56, 56)(57, 57)(58, 58)(59, 59)(60, 60)(61, 61)(62, 62)(63, 63)(64, 64)(65, 65)(66, 66)(67, 67)(68, 68)(69, 69)(70, 70)(71, 71)(72, 72)(73, 73)(74, 74)
9e94d3404faee3a1e3c78fb33064319511428103.flv,a62ac3f909e921e2ae89e2ed4c272cfadab838a3.mp4	(55, 18)(57, 19)(58, 20)
9e94d3404faee3a1e3c78fb33064319511428103.flv,c3ca62e39b8118a8773999ca5ed4757784032371.flv	(54, 2)(56, 6)(57, 7)(58, 8)
9e94d3404faee3a1e3c78fb33064319511428103.flv,cbe5dff0d1f7658b8e37d32ade9fd9b27a9f3fc9.flv	(62, 20)(63, 21)
9e94d3404faee3a1e3c78fb33064319511428103.flv,cbe5dff0d1f7658b8e37d32ade9fd9b27a9f3fc9.flv	(63, 28)
9e94d3404faee3a1e3c78fb33064319511428103.flv,cbe5dff0d1f7658b8e37d32ade9fd9b27a9f3fc9.flv	(65, 54)(69, 57)(71, 59)
9e94d3404faee3a1e3c78fb33064319511428103.flv,cf6db37d583044431cc33c4c723988cb6c5edc46.flv	(62, 0)
9e94d3404faee3a1e3c78fb33064319511428103.flv,cf6db37d583044431cc33c4c723988cb6c5edc46.flv	
9e94d3404faee3a1e3c78fb33064319511428103.flv,fa89363182761c182136f54fc7650930265a5bb4.flv	(54, 6)(55, 7)(57, 8)(58, 10)
a62ac3f909e921e2ae89e2ed4c272cfadab838a3.mp4,a62ac3f909e921e2ae89e2ed4c272cfadab838a3.mp4	(0, 0)(1, 1)(2, 2)(3, 3)(4, 4)(5, 5)(6, 6)(7, 7)(8, 8)(9, 9)(10, 10)(11, 11)(12, 12)(13, 13)(14, 14)(15, 15)(16, 16)(17, 17)(18, 18)(19, 19)(20, 20)(21, 21)(22, 22)(23, 23)(24, 24)(25, 25)(26, 26)(27, 27)(28, 28)(29, 29)(30, 30)(31, 31)(32, 32)
a62ac3f909e921e2ae89e2ed4c272cfadab838a3.mp4,b4d71ae78d81a607ddc2951bfd0a2e3ce46e6d91.flv	(19, 32)(20, 34)(21, 35)(22, 37)
a62ac3f909e921e2ae89e2ed4c272cfadab838a3.mp4,c3ca62e39b8118a8773999ca5ed4757784032371.flv	(19, 7)(20, 8)(21, 9)(24, 15)(25, 16)(28, 19)(30, 20)(31, 23)
a62ac3f909e921e2ae89e2ed4c272cfadab838a3.mp4,fa89363182761c182136f54fc7650930265a5bb4.flv	(15, 4)(17, 5)(18, 7)(19, 8)(20, 10)(21, 12)(22, 13)(26, 17)(28, 19)(30, 20)
b4d71ae78d81a607ddc2951bfd0a2e3ce46e6d91.flv,b4d71ae78d81a607ddc2951bfd0a2e3ce46e6d91.flv	(0, 0)(1, 1)(2, 2)(3, 3)(4, 4)(5, 5)(6, 6)(7, 7)(8, 8)(9, 9)(10, 10)(11, 11)(12, 12)(13, 13)(14, 14)(15, 15)(16, 16)(17, 17)(18, 18)(19, 19)(20, 20)(21, 21)(22, 22)(23, 23)(24, 24)(25, 25)(26, 26)(27, 27)(28, 28)(29, 29)(30, 30)(31, 31)(32, 32)(33, 33)(34, 34)(35, 35)(36, 36)(37, 37)(38, 38)(39, 39)(40, 40)(41, 41)(42, 42)(43, 43)(44, 44)(45, 45)(46, 46)(47, 47)(48, 48)(49, 49)(50, 50)(51, 51)(52, 52)(53, 53)(54, 54)(55, 55)(56, 56)(57, 57)(58, 58)(59, 59)(60, 60)(61, 61)(62, 62)(63, 63)(64, 64)(65, 65)(66, 66)(67, 67)(68, 68)(69, 69)(70, 70)(71, 71)(72, 72)(73, 73)(74, 74)
b4d71ae78d81a607ddc2951bfd0a2e3ce46e6d91.flv,fa89363182761c182136f54fc7650930265a5bb4.flv	(31, 7)(32, 8)(34, 10)
c3ca62e39b8118a8773999ca5ed4757784032371.flv,c3ca62e39b8118a8773999ca5ed4757784032371.flv	(0, 0)(1, 1)(2, 2)(3, 3)(4, 4)(5, 5)(6, 6)(7, 7)(8, 8)(9, 9)(10, 10)(11, 11)(12, 12)(13, 13)(14, 14)(15, 15)(16, 16)(17, 17)(18, 18)(19, 19)(20, 20)(21, 21)(22, 22)(23, 23)(24, 24)(25, 25)(26, 26)(27, 27)(28, 28)(29, 29)(30, 30)(31, 31)(32, 32)(33, 33)(34, 34)(35, 35)(36, 36)(37, 37)(38, 38)(39, 39)(40, 40)(41, 41)(42, 42)(43, 43)(44, 44)(45, 45)(46, 46)
c3ca62e39b8118a8773999ca5ed4757784032371.flv,fa89363182761c182136f54fc7650930265a5bb4.flv	(2, 6)(7, 8)(8, 10)(9, 11)(10, 13)(12, 14)(13, 15)(19, 19)(20, 20)(23, 23)(24, 24)
cbe5dff0d1f7658b8e37d32ade9fd9b27a9f3fc9.flv,cbe5dff0d1f7658b8e37d32ade9fd9b27a9f3fc9.flv	(0, 0)(1, 1)(2, 2)(3, 3)(4, 4)(5, 5)(6, 6)(7, 7)(8, 8)(9, 9)(10, 10)(11, 11)(12, 12)(13, 13)(14, 14)(15, 15)(16, 16)(17, 17)(18, 18)(19, 19)(20, 20)(21, 21)(22, 22)(23, 23)(24, 24)(25, 25)(26, 26)(27, 27)(28, 28)(29, 29)(30, 30)(31, 31)(32, 32)(33, 33)(34, 34)(35, 35)(36, 36)(37, 37)(38, 38)(39, 39)(40, 40)(41, 41)(42, 42)(43, 43)(44, 44)(45, 45)(46, 46)(47, 47)(48, 48)(49, 49)(50, 50)(51, 51)(52, 52)(53, 53)(54, 54)(55, 55)(56, 56)(57, 57)(58, 58)(59, 59)(60, 60)(61, 61)(62, 62)(63, 63)(64, 64)(65, 65)(66, 66)(67, 67)(68, 68)(69, 69)
cbe5dff0d1f7658b8e37d32ade9fd9b27a9f3fc9.flv,cf6db37d583044431cc33c4c723988cb6c5edc46.flv	(23, 4)(25, 5)(26, 6)(30, 18)(31, 19)
cbe5dff0d1f7658b8e37d32ade9fd9b27a9f3fc9.flv,cf6db37d583044431cc33c4c723988cb6c5edc46.flv	(36, 40)(37, 41)(38, 42)(40, 44)(42, 46)(43, 47)(48, 52)(49, 53)(50, 54)(51, 55)(52, 56)(53, 57)(54, 58)(59, 65)(64, 69)(65, 70)(66, 71)(67, 72)(68, 73)
cf6db37d583044431cc33c4c723988cb6c5edc46.flv,cf6db37d583044431cc33c4c723988cb6c5edc46.flv	(0, 0)(1, 1)(2, 2)(3, 3)(4, 4)(5, 5)(6, 6)(7, 7)(8, 8)(9, 9)(10, 10)(11, 11)(12, 12)(13, 13)(14, 14)(15, 15)(16, 16)(17, 17)(18, 18)(19, 19)(20, 20)(21, 21)(22, 22)(23, 23)(24, 24)(25, 25)(26, 26)(27, 27)(28, 28)(29, 29)(30, 30)(31, 31)(32, 32)(33, 33)(34, 34)(35, 35)(36, 36)(37, 37)(38, 38)(39, 39)(40, 40)(41, 41)(42, 42)(43, 43)(44, 44)(45, 45)(46, 46)(47, 47)(48, 48)(49, 49)(50, 50)(51, 51)(52, 52)(53, 53)(54, 54)(55, 55)(56, 56)(57, 57)(58, 58)(59, 59)(60, 60)(61, 61)(62, 62)(63, 63)(64, 64)(65, 65)(66, 66)(67, 67)(68, 68)(69, 69)(70, 70)(71, 71)(72, 72)(73, 73)(74, 74)(75, 75)(76, 76)
fa89363182761c182136f54fc7650930265a5bb4.flv,fa89363182761c182136f54fc7650930265a5bb4.flv	(0, 0)(1, 1)(2, 2)(3, 3)(4, 4)(5, 5)(6, 6)(7, 7)(8, 8)(9, 9)(10, 10)(11, 11)(12, 12)(13, 13)(14, 14)(15, 15)(16, 16)(17, 17)(18, 18)(19, 19)(20, 20)(21, 21)(22, 22)(23, 23)(24, 24)(25, 25)(26, 26)(27, 27)(28, 28)(29, 29)(30, 30)(31, 31)(32, 32)(33, 33)(34, 34)(35, 35)(36, 36)(37, 37)(38, 38)(39, 39)(40, 40)(41, 41)(42, 42)
