1c30bd1429c68113b2e9adc4e080488d743b14df.flv,1c30bd1429c68113b2e9adc4e080488d743b14df.flv	(0, 0)(1, 1)(2, 2)(3, 3)(4, 4)(5, 5)(6, 6)(7, 7)(8, 8)(9, 9)(10, 10)(11, 11)(12, 12)(13, 13)(14, 14)(15, 15)(16, 16)(17, 17)(18, 18)(19, 19)(20, 20)(21, 21)(22, 22)(23, 23)(24, 24)(25, 25)(26, 26)(27, 27)(28, 28)(29, 29)(30, 30)(31, 31)(32, 32)(33, 33)(34, 34)(35, 35)(36, 36)(37, 37)(38, 38)(39, 39)(40, 40)(41, 41)(42, 42)(43, 43)(44, 44)(45, 45)(46, 46)(47, 47)(48, 48)(49, 49)(50, 50)(51, 51)(52, 52)(53, 53)(54, 54)(55, 55)(56, 56)(57, 57)(58, 58)(59, 59)(60, 60)(61, 61)(62, 62)(63, 63)(64, 64)(65, 65)(66, 66)(67, 67)(68, 68)(69, 69)(70, 70)(71, 71)(72, 72)(73, 73)
1c30bd1429c68113b2e9adc4e080488d743b14df.flv,1c347b1b7ceb23e4b45f0965cafb6f981c0f61d5.flv	(36, 1)(39, 3)(44, 5)(61, 8)(62, 9)(65, 11)(68, 12)
1c30bd1429c68113b2e9adc4e080488d743b14df.flv,1e0136fbd902af54aa012949158c995b75f9b443.flv	(0, 0)(1, 1)(2, 2)(3, 3)(4, 4)(5, 5)(6, 6)(7, 7)(8, 8)(9, 9)(10, 10)(11, 11)(12, 12)(13, 13)(14, 14)(15, 15)(15, 16)(16, 17)(17, 18)(18, 20)(19, 21)(20, 22)(21, 23)(22, 24)(23, 25)(24, 26)(25, 27)(26, 28)(27, 29)(28, 30)(29, 31)(30, 32)(31, 33)(32, 34)(33, 35)(34, 36)(35, 37)(36, 38)(37, 39)(38, 40)(40, 44)(41, 45)(42, 46)(43, 47)(44, 48)(45, 49)(47, 51)(48, 53)(50, 54)(51, 55)(52, 56)(54, 58)(55, 59)(56, 60)(57, 61)(58, 62)(59, 63)(60, 64)(61, 65)(62, 66)(63, 67)
1c30bd1429c68113b2e9adc4e080488d743b14df.flv,1e65b3cc99734d5b44474fd883a58e27e7644360.flv	(3, 1)(4, 2)(5, 2)(6, 3)(7, 4)(8, 5)(9, 6)(10, 7)(12, 9)(13, 10)(14, 11)(15, 13)(16, 14)(17, 15)(20, 18)(21, 20)(23, 21)(24, 22)(25, 23)(26, 24)(27, 25)(28, 26)(30, 28)(31, 29)(32, 30)(33, 31)(34, 32)(35, 33)(36, 34)(38, 35)(39, 37)(40, 38)(41, 39)(44, 42)(45, 43)(46, 44)(47, 45)(50, 47)(52, 49)
1c30bd1429c68113b2e9adc4e080488d743b14df.flv,28e2a70b9a97f4f501ec673368cdd9caa1d00831.flv	(0, 58)(1, 59)(3, 61)(6, 62)(7, 63)(8, 64)(9, 65)(12, 67)(13, 68)(15, 70)(16, 71)(17, 72)(20, 75)(22, 77)(24, 79)(25, 80)(26, 81)(27, 82)(28, 83)(29, 84)(30, 85)(33, 89)(35, 91)(36, 92)(37, 93)(39, 96)(41, 98)(42, 99)(43, 100)(44, 101)(47, 105)(48, 107)(49, 108)(50, 109)(51, 110)(52, 111)
1c30bd1429c68113b2e9adc4e080488d743b14df.flv,4dd842508699d66636298376da31208a2e029c61.flv	(1, 22)(2, 23)(3, 24)(6, 26)(7, 27)(9, 29)(10, 30)(12, 32)(13, 33)(15, 35)(16, 36)(17, 37)(20, 39)(21, 40)(22, 41)(23, 42)(27, 44)(28, 45)(30, 46)(32, 47)(33, 48)(34, 49)(35, 50)(36, 51)(39, 53)(40, 54)(41, 55)(43, 56)(44, 57)(46, 58)(47, 59)(50, 60)(51, 61)(52, 62)(53, 63)(56, 65)
1c30bd1429c68113b2e9adc4e080488d743b14df.flv,51dabd8f940a75182408db600fa74a5cfc9b3d29.flv	(0, 0)(1, 1)(2, 2)(3, 3)(4, 4)(5, 5)(6, 6)(7, 7)(8, 8)(9, 9)(10, 10)(12, 12)(13, 13)(15, 15)(16, 17)(17, 18)(18, 20)(19, 21)(20, 22)(22, 24)(24, 26)(25, 27)(26, 28)(27, 29)(28, 30)(29, 31)(30, 32)(32, 34)(33, 35)(35, 37)(36, 38)(37, 39)(41, 45)(46, 49)(47, 51)(48, 52)(49, 53)(50, 54)(52, 56)(53, 57)(54, 58)(55, 59)(58, 62)(59, 63)(60, 64)(61, 65)(62, 66)(63, 67)
1c30bd1429c68113b2e9adc4e080488d743b14df.flv,74c3753f0751b532dd29c947777e5825dd3b2392.flv	(1, 10)(2, 11)(3, 12)(4, 14)(5, 15)(6, 16)(7, 17)(8, 18)(9, 19)(10, 20)(11, 21)(12, 22)(13, 23)(14, 24)(16, 27)(17, 28)(18, 29)(19, 29)(20, 30)(21, 31)(22, 32)(23, 33)(24, 34)(25, 35)(26, 36)(27, 37)(28, 38)(29, 39)(30, 40)(32, 41)(33, 42)(34, 43)(35, 44)(36, 45)(38, 46)(39, 47)(41, 49)(43, 50)(44, 51)(46, 52)(47, 53)(49, 54)(50, 55)(51, 56)(52, 57)(53, 58)(54, 59)(55, 60)(56, 61)(57, 62)(58, 63)(59, 64)(60, 65)(61, 66)(62, 67)(63, 68)(64, 69)(65, 70)
1c30bd1429c68113b2e9adc4e080488d743b14df.flv,834a827de29c3955ab8cb0d7bf800bcb64acf555.flv	(3, 1)(4, 2)(5, 2)(6, 3)(7, 4)(8, 5)(9, 6)(10, 7)(12, 9)(13, 10)(14, 11)(15, 13)(16, 14)(17, 15)(19, 17)(20, 18)(21, 20)(23, 21)(24, 22)(25, 23)(26, 24)(27, 25)(28, 26)(30, 28)(31, 29)(32, 30)(33, 31)(34, 32)(35, 33)(36, 34)(38, 35)(39, 38)(40, 39)(41, 40)(44, 43)(45, 44)(47, 46)(48, 48)(50, 49)(52, 51)
1c30bd1429c68113b2e9adc4e080488d743b14df.flv,8dab37af058628a51bd4b7e0a5a0c1cd5234f6ac.flv	(0, 0)(1, 1)(2, 2)(3, 3)(4, 4)(5, 5)(6, 6)(7, 7)(8, 8)(9, 9)(10, 10)(11, 11)(12, 12)(13, 13)(14, 14)(15, 15)(16, 16)(17, 17)(18, 19)(20, 20)(21, 21)(22, 22)(23, 23)(24, 24)(25, 25)(26, 26)(27, 27)(28, 28)(29, 29)(30, 30)(31, 31)(32, 32)(33, 33)(34, 34)(35, 35)(36, 36)(37, 37)(38, 38)(39, 40)(40, 41)(41, 42)(42, 43)(43, 44)(44, 45)(45, 46)(46, 47)(47, 48)(48, 50)(49, 51)(50, 52)(51, 53)(52, 54)(53, 55)(54, 56)(55, 57)(56, 58)(57, 59)(58, 60)(59, 61)(60, 62)(61, 63)(62, 64)(63, 65)(64, 66)(65, 67)(66, 68)(67, 69)(68, 70)(69, 72)(70, 73)(71, 74)(72, 75)(73, 77)
1c30bd1429c68113b2e9adc4e080488d743b14df.flv,b97bd2c745407e22c671d36b64a5be29659aa0ba.mp4	(44, 15)(47, 18)(48, 19)(50, 21)
1c30bd1429c68113b2e9adc4e080488d743b14df.flv,d821d4ffbf4f727e376164e2ad149757b70d0579.flv	(1, 23)(2, 24)(3, 25)(6, 27)(7, 28)(9, 30)(10, 31)(12, 32)(13, 33)(14, 34)(15, 36)(16, 37)(17, 38)(20, 40)(22, 41)(23, 42)(24, 43)(25, 44)(26, 45)(27, 46)(28, 47)(29, 48)(30, 49)(32, 50)(33, 51)(34, 52)(35, 53)(36, 54)(39, 56)(40, 57)(41, 58)(43, 59)(44, 60)(46, 61)(47, 63)(48, 64)(50, 65)(51, 66)(52, 67)(53, 68)(54, 69)(55, 70)
1c30bd1429c68113b2e9adc4e080488d743b14df.flv,e7d95916555f9a89b377a0e9f94087416c8f9914.flv	(1, 23)(2, 24)(3, 25)(6, 27)(7, 28)(9, 30)(10, 31)(12, 32)(13, 33)(14, 34)(15, 36)(16, 37)(17, 38)(20, 40)(22, 41)(23, 42)(24, 43)(25, 44)(26, 45)(27, 46)(28, 47)(29, 48)(30, 49)(32, 50)(33, 51)(34, 52)(35, 53)(36, 54)(39, 56)(40, 57)(41, 58)(43, 59)(44, 60)(46, 61)(47, 63)(48, 64)(50, 65)(51, 66)(52, 67)(53, 68)(54, 69)(55, 70)
1c347b1b7ceb23e4b45f0965cafb6f981c0f61d5.flv,1c347b1b7ceb23e4b45f0965cafb6f981c0f61d5.flv	(0, 0)(1, 1)(2, 2)(3, 3)(4, 4)(5, 5)(6, 6)(7, 7)(8, 8)(9, 9)(10, 10)(11, 11)(12, 12)(13, 13)(14, 14)(15, 15)(16, 16)(17, 17)(18, 18)
1c347b1b7ceb23e4b45f0965cafb6f981c0f61d5.flv,1e0136fbd902af54aa012949158c995b75f9b443.flv	(0, 34)(1, 35)(2, 36)(3, 37)(4, 38)(5, 40)(7, 45)(8, 46)(9, 47)(10, 48)(11, 49)(13, 51)(14, 53)(15, 54)(17, 56)
1c347b1b7ceb23e4b45f0965cafb6f981c0f61d5.flv,1e65b3cc99734d5b44474fd883a58e27e7644360.flv	(0, 30)(1, 31)(2, 32)(3, 33)(4, 34)(6, 37)(7, 39)(8, 40)(9, 41)(10, 42)(11, 43)(12, 44)(13, 45)(15, 47)(16, 48)(17, 49)
1c347b1b7ceb23e4b45f0965cafb6f981c0f61d5.flv,28e2a70b9a97f4f501ec673368cdd9caa1d00831.flv	(0, 88)(1, 89)(2, 90)(3, 91)(4, 92)(6, 96)(7, 98)(8, 99)(9, 100)(10, 101)(11, 102)(14, 107)(15, 109)
1c347b1b7ceb23e4b45f0965cafb6f981c0f61d5.flv,4dd842508699d66636298376da31208a2e029c61.flv	(0, 47)(1, 48)(2, 49)(3, 50)(4, 51)(6, 53)(7, 55)(9, 56)(10, 57)(13, 59)(15, 60)(16, 61)(17, 62)
1c347b1b7ceb23e4b45f0965cafb6f981c0f61d5.flv,51dabd8f940a75182408db600fa74a5cfc9b3d29.flv	(0, 34)(1, 35)(2, 36)(3, 37)(4, 38)(5, 40)(7, 45)(8, 46)(9, 47)(10, 48)(11, 49)(13, 51)(14, 53)(15, 54)(17, 56)
1c347b1b7ceb23e4b45f0965cafb6f981c0f61d5.flv,74c3753f0751b532dd29c947777e5825dd3b2392.flv	(0, 41)(1, 42)(2, 43)(3, 44)(4, 45)(6, 47)(7, 49)(13, 53)(17, 56)
1c347b1b7ceb23e4b45f0965cafb6f981c0f61d5.flv,834a827de29c3955ab8cb0d7bf800bcb64acf555.flv	(0, 30)(1, 31)(2, 32)(3, 33)(4, 34)(6, 38)(7, 40)(8, 41)(9, 42)(10, 43)(11, 44)(13, 46)(15, 49)(16, 50)(17, 51)
1c347b1b7ceb23e4b45f0965cafb6f981c0f61d5.flv,8dab37af058628a51bd4b7e0a5a0c1cd5234f6ac.flv	(0, 32)(1, 33)(2, 34)(3, 35)(4, 36)(5, 38)(6, 40)(7, 42)(8, 43)(9, 44)(10, 45)(11, 46)(12, 47)(13, 48)(15, 52)(17, 54)
1c347b1b7ceb23e4b45f0965cafb6f981c0f61d5.flv,b97bd2c745407e22c671d36b64a5be29659aa0ba.mp4	(10, 15)(11, 16)(15, 21)
1c347b1b7ceb23e4b45f0965cafb6f981c0f61d5.flv,d821d4ffbf4f727e376164e2ad149757b70d0579.flv	(0, 50)(1, 51)(2, 52)(3, 53)(4, 54)(6, 56)(10, 59)(13, 63)(15, 65)(17, 67)
1c347b1b7ceb23e4b45f0965cafb6f981c0f61d5.flv,e7d95916555f9a89b377a0e9f94087416c8f9914.flv	(0, 50)(1, 51)(2, 52)(3, 53)(4, 54)(6, 56)(7, 58)(11, 61)(13, 63)(15, 65)(16, 66)(17, 67)
1e0136fbd902af54aa012949158c995b75f9b443.flv,1e0136fbd902af54aa012949158c995b75f9b443.flv	(0, 0)(1, 1)(2, 2)(3, 3)(4, 4)(5, 5)(6, 6)(7, 7)(8, 8)(9, 9)(10, 10)(11, 11)(12, 12)(13, 13)(14, 14)(15, 15)(16, 16)(17, 17)(18, 18)(19, 19)(20, 20)(21, 21)(22, 22)(23, 23)(24, 24)(25, 25)(26, 26)(27, 27)(28, 28)(29, 29)(30, 30)(31, 31)(32, 32)(33, 33)(34, 34)(35, 35)(36, 36)(37, 37)(38, 38)(39, 39)(40, 40)(41, 41)(42, 42)(43, 43)(44, 44)(45, 45)(46, 46)(47, 47)(48, 48)(49, 49)(50, 50)(51, 51)(52, 52)(53, 53)(54, 54)(55, 55)(56, 56)(57, 57)(58, 58)(59, 59)(60, 60)(61, 61)(62, 62)(63, 63)(64, 64)(65, 65)(66, 66)(67, 67)
1e0136fbd902af54aa012949158c995b75f9b443.flv,1e65b3cc99734d5b44474fd883a58e27e7644360.flv	(3, 1)(4, 2)(5, 2)(6, 3)(7, 4)(8, 5)(9, 6)(10, 7)(12, 9)(13, 10)(14, 11)(15, 12)(16, 13)(17, 14)(18, 15)(22, 18)(23, 20)(25, 21)(26, 22)(27, 23)(28, 24)(29, 25)(30, 26)(32, 28)(33, 29)(34, 30)(35, 31)(37, 33)(38, 34)(40, 35)(41, 36)(43, 37)(44, 38)(45, 39)(48, 42)(49, 43)(50, 44)(51, 45)(52, 46)(54, 47)(56, 49)
1e0136fbd902af54aa012949158c995b75f9b443.flv,28e2a70b9a97f4f501ec673368cdd9caa1d00831.flv	(0, 58)(3, 60)(6, 62)(9, 63)(16, 68)(18, 69)(20, 71)(21, 72)(30, 76)(31, 77)(32, 78)(36, 83)(38, 85)(42, 88)(45, 92)(46, 93)(47, 94)(48, 95)(54, 98)(56, 100)(58, 101)(60, 104)(65, 109)(66, 110)(67, 111)
1e0136fbd902af54aa012949158c995b75f9b443.flv,4dd842508699d66636298376da31208a2e029c61.flv	(1, 22)(2, 23)(3, 24)(6, 26)(7, 27)(9, 29)(11, 30)(12, 32)(13, 33)(15, 34)(16, 35)(17, 36)(18, 37)(22, 39)(23, 40)(24, 41)(25, 42)(29, 44)(30, 45)(32, 46)(34, 47)(35, 48)(36, 49)(37, 50)(38, 51)(44, 54)(45, 55)(47, 56)(48, 57)(49, 58)(51, 59)(54, 60)(55, 61)(56, 62)(60, 65)
1e0136fbd902af54aa012949158c995b75f9b443.flv,51dabd8f940a75182408db600fa74a5cfc9b3d29.flv	(0, 0)(1, 1)(2, 2)(3, 3)(4, 4)(5, 5)(6, 6)(7, 7)(8, 8)(9, 9)(10, 10)(11, 11)(12, 12)(13, 13)(14, 14)(15, 15)(16, 16)(17, 17)(18, 18)(19, 19)(20, 20)(21, 21)(22, 22)(23, 23)(24, 24)(25, 25)(26, 26)(27, 27)(28, 28)(29, 29)(30, 30)(31, 31)(32, 32)(33, 33)(34, 34)(35, 35)(36, 36)(37, 37)(38, 38)(39, 39)(40, 40)(41, 41)(42, 42)(43, 43)(44, 44)(45, 45)(46, 46)(47, 47)(48, 48)(49, 49)(50, 50)(51, 51)(52, 52)(53, 53)(54, 54)(55, 55)(56, 56)(57, 57)(58, 58)(59, 59)(60, 60)(61, 61)(62, 62)(63, 63)(64, 64)(65, 65)(66, 66)(67, 67)
1e0136fbd902af54aa012949158c995b75f9b443.flv,74c3753f0751b532dd29c947777e5825dd3b2392.flv	(1, 10)(2, 11)(3, 12)(4, 14)(5, 15)(6, 16)(7, 17)(8, 18)(9, 19)(10, 20)(11, 21)(12, 22)(13, 23)(15, 25)(16, 26)(17, 27)(18, 28)(20, 29)(22, 30)(23, 31)(24, 32)(25, 33)(26, 34)(27, 35)(28, 36)(29, 37)(30, 38)(31, 39)(32, 40)(34, 41)(35, 42)(36, 43)(37, 44)(38, 45)(40, 46)(41, 47)(43, 48)(45, 49)(47, 50)(48, 51)(49, 52)(51, 53)(54, 55)(55, 56)(56, 57)(58, 59)(59, 60)(60, 61)(61, 62)(62, 63)(63, 64)(64, 65)(65, 66)(66, 67)(67, 68)
1e0136fbd902af54aa012949158c995b75f9b443.flv,834a827de29c3955ab8cb0d7bf800bcb64acf555.flv	(3, 1)(4, 2)(5, 2)(6, 3)(7, 4)(8, 5)(9, 6)(10, 7)(12, 9)(13, 10)(14, 11)(15, 12)(16, 13)(17, 14)(18, 15)(21, 17)(22, 18)(23, 20)(25, 21)(26, 22)(27, 23)(28, 24)(29, 25)(30, 26)(32, 28)(33, 29)(34, 30)(35, 31)(37, 33)(38, 34)(40, 35)(41, 36)(42, 37)(43, 38)(44, 39)(45, 40)(48, 43)(49, 44)(50, 45)(51, 46)(52, 47)(53, 48)(54, 49)(56, 51)
1e0136fbd902af54aa012949158c995b75f9b443.flv,8dab37af058628a51bd4b7e0a5a0c1cd5234f6ac.flv	(0, 0)(1, 1)(2, 2)(3, 3)(4, 4)(5, 5)(6, 6)(7, 7)(8, 8)(9, 9)(10, 10)(11, 11)(12, 12)(13, 13)(17, 16)(18, 17)(19, 18)(20, 19)(22, 20)(23, 21)(24, 22)(25, 23)(26, 24)(27, 25)(28, 26)(29, 27)(30, 28)(31, 29)(32, 30)(33, 31)(34, 32)(35, 33)(36, 34)(37, 35)(38, 36)(39, 37)(40, 38)(41, 39)(43, 40)(44, 41)(45, 42)(46, 43)(47, 44)(48, 45)(49, 46)(51, 48)(52, 49)(53, 50)(54, 52)(55, 53)(56, 54)(58, 56)(59, 57)(60, 58)(61, 59)(62, 60)(63, 61)(64, 62)(65, 63)(66, 64)(67, 65)
1e0136fbd902af54aa012949158c995b75f9b443.flv,b97bd2c745407e22c671d36b64a5be29659aa0ba.mp4	(48, 15)(49, 16)(50, 17)(51, 18)(52, 19)(54, 21)
1e0136fbd902af54aa012949158c995b75f9b443.flv,d821d4ffbf4f727e376164e2ad149757b70d0579.flv	(1, 23)(2, 24)(3, 25)(6, 27)(7, 28)(9, 30)(11, 31)(12, 32)(13, 33)(14, 34)(15, 35)(16, 36)(17, 37)(18, 38)(22, 40)(24, 41)(25, 42)(26, 43)(27, 44)(28, 45)(29, 46)(30, 47)(31, 48)(32, 49)(34, 50)(35, 51)(36, 52)(37, 53)(38, 54)(44, 57)(45, 58)(47, 59)(48, 60)(49, 61)(51, 63)(54, 65)(55, 66)(56, 67)(58, 69)(59, 70)
1e0136fbd902af54aa012949158c995b75f9b443.flv,e7d95916555f9a89b377a0e9f94087416c8f9914.flv	(1, 23)(2, 24)(3, 25)(6, 27)(7, 28)(9, 30)(11, 31)(12, 32)(13, 33)(14, 34)(15, 35)(16, 36)(17, 37)(18, 38)(22, 40)(24, 41)(25, 42)(26, 43)(27, 44)(28, 45)(29, 46)(30, 47)(31, 48)(32, 49)(34, 50)(35, 51)(36, 52)(37, 53)(38, 54)(44, 57)(45, 58)(47, 59)(48, 60)(49, 61)(51, 63)(54, 65)(55, 66)(56, 67)(58, 69)(59, 70)
1e65b3cc99734d5b44474fd883a58e27e7644360.flv,1e65b3cc99734d5b44474fd883a58e27e7644360.flv	(0, 0)(1, 1)(2, 2)(3, 3)(4, 4)(5, 5)(6, 6)(7, 7)(8, 8)(9, 9)(10, 10)(11, 11)(12, 12)(13, 13)(14, 14)(15, 15)(16, 16)(17, 17)(18, 18)(19, 19)(20, 20)(21, 21)(22, 22)(23, 23)(24, 24)(25, 25)(26, 26)(27, 27)(28, 28)(29, 29)(30, 30)(31, 31)(32, 32)(33, 33)(34, 34)(35, 35)(36, 36)(37, 37)(38, 38)(39, 39)(40, 40)(41, 41)(42, 42)(43, 43)(44, 44)(45, 45)(46, 46)(47, 47)(48, 48)(49, 49)
1e65b3cc99734d5b44474fd883a58e27e7644360.flv,28e2a70b9a97f4f501ec673368cdd9caa1d00831.flv	(1, 61)(3, 62)(4, 63)(5, 64)(6, 65)(8, 66)(9, 67)(10, 68)(12, 69)(13, 70)(14, 71)(15, 72)(17, 74)(18, 75)(20, 77)(21, 78)(22, 79)(23, 80)(24, 81)(25, 82)(26, 83)(28, 85)(31, 89)(33, 91)(34, 92)(36, 95)(37, 96)(39, 98)(42, 101)(43, 102)(44, 104)(45, 105)(46, 106)(47, 109)(49, 111)
1e65b3cc99734d5b44474fd883a58e27e7644360.flv,4dd842508699d66636298376da31208a2e029c61.flv	(1, 24)(2, 25)(3, 26)(4, 27)(6, 29)(10, 33)(12, 34)(13, 35)(14, 36)(15, 37)(17, 38)(18, 39)(20, 40)(25, 44)(26, 45)(28, 46)(30, 47)(31, 48)(33, 50)(34, 51)(37, 53)(39, 55)(42, 57)(49, 62)
1e65b3cc99734d5b44474fd883a58e27e7644360.flv,51dabd8f940a75182408db600fa74a5cfc9b3d29.flv	(1, 3)(2, 4)(2, 5)(3, 6)(4, 7)(5, 8)(6, 9)(7, 10)(9, 12)(10, 13)(11, 14)(12, 15)(13, 16)(14, 17)(15, 18)(18, 22)(20, 23)(21, 25)(22, 26)(23, 27)(24, 28)(25, 29)(26, 30)(28, 32)(29, 33)(30, 34)(31, 35)(33, 37)(34, 38)(35, 40)(36, 41)(37, 43)(38, 44)(39, 45)(42, 48)(43, 49)(44, 50)(45, 51)(46, 52)(47, 54)(49, 56)
1e65b3cc99734d5b44474fd883a58e27e7644360.flv,74c3753f0751b532dd29c947777e5825dd3b2392.flv	(1, 12)(2, 15)(3, 16)(4, 17)(5, 18)(6, 19)(7, 20)(9, 22)(10, 23)(11, 24)(13, 26)(14, 27)(15, 28)(17, 29)(18, 30)(20, 31)(21, 33)(22, 34)(23, 35)(24, 36)(25, 37)(26, 38)(28, 40)(30, 41)(31, 42)(32, 43)(33, 44)(34, 45)(35, 46)(36, 47)(37, 48)(39, 49)(41, 50)(42, 51)(43, 52)(45, 53)(47, 55)(49, 57)
1e65b3cc99734d5b44474fd883a58e27e7644360.flv,834a827de29c3955ab8cb0d7bf800bcb64acf555.flv	(0, 0)(1, 1)(2, 2)(3, 3)(4, 4)(5, 5)(6, 6)(7, 7)(8, 8)(9, 9)(10, 10)(11, 11)(12, 12)(13, 13)(14, 14)(15, 15)(17, 17)(18, 18)(19, 19)(20, 20)(21, 21)(22, 22)(23, 23)(24, 24)(25, 25)(26, 26)(27, 27)(28, 28)(29, 29)(30, 30)(31, 31)(32, 32)(33, 33)(34, 34)(35, 35)(36, 36)(37, 38)(38, 39)(39, 40)(40, 41)(41, 42)(42, 43)(43, 44)(44, 45)(45, 46)(46, 47)(47, 49)(48, 50)(49, 51)
1e65b3cc99734d5b44474fd883a58e27e7644360.flv,8dab37af058628a51bd4b7e0a5a0c1cd5234f6ac.flv	(1, 3)(2, 4)(2, 5)(3, 6)(4, 7)(5, 8)(6, 9)(7, 10)(9, 12)(10, 13)(11, 14)(14, 16)(15, 17)(17, 19)(18, 20)(20, 21)(21, 23)(22, 24)(23, 25)(24, 26)(25, 27)(26, 28)(28, 30)(29, 31)(30, 32)(31, 33)(32, 34)(33, 35)(34, 36)(35, 38)(36, 39)(37, 40)(38, 41)(39, 42)(42, 45)(43, 46)(44, 47)(45, 48)(46, 49)(47, 52)(49, 54)
1e65b3cc99734d5b44474fd883a58e27e7644360.flv,b97bd2c745407e22c671d36b64a5be29659aa0ba.mp4	(42, 15)(43, 16)(45, 18)(46, 19)(47, 21)
1e65b3cc99734d5b44474fd883a58e27e7644360.flv,d821d4ffbf4f727e376164e2ad149757b70d0579.flv	(1, 25)(3, 27)(4, 28)(6, 30)(9, 32)(10, 33)(11, 34)(12, 35)(13, 36)(14, 37)(15, 38)(17, 39)(18, 40)(20, 41)(22, 43)(23, 44)(24, 45)(25, 46)(26, 47)(30, 50)(31, 51)(33, 53)(34, 54)(37, 56)(42, 59)(43, 61)(49, 67)
1e65b3cc99734d5b44474fd883a58e27e7644360.flv,e7d95916555f9a89b377a0e9f94087416c8f9914.flv	(1, 25)(3, 27)(4, 28)(6, 30)(9, 32)(10, 33)(11, 34)(12, 35)(13, 36)(14, 37)(15, 38)(17, 39)(18, 40)(20, 41)(22, 43)(23, 44)(24, 45)(25, 46)(26, 47)(30, 50)(31, 51)(33, 53)(34, 54)(37, 56)(42, 59)(43, 61)(49, 67)
28e2a70b9a97f4f501ec673368cdd9caa1d00831.flv,28e2a70b9a97f4f501ec673368cdd9caa1d00831.flv	(0, 0)(1, 1)(2, 2)(3, 3)(4, 4)(5, 5)(6, 6)(7, 7)(8, 8)(9, 9)(10, 10)(11, 11)(12, 12)(13, 13)(14, 14)(15, 15)(16, 16)(17, 17)(18, 18)(19, 19)(20, 20)(21, 21)(22, 22)(23, 23)(24, 24)(25, 25)(26, 26)(27, 27)(28, 28)(29, 29)(30, 30)(31, 31)(32, 32)(33, 33)(34, 34)(35, 35)(36, 36)(37, 37)(38, 38)(39, 39)(40, 40)(41, 41)(42, 42)(43, 43)(44, 44)(45, 45)(46, 46)(47, 47)(48, 48)(49, 49)(50, 50)(51, 51)(52, 52)(53, 53)(54, 54)(55, 55)(56, 56)(57, 57)(58, 58)(59, 59)(60, 60)(61, 61)(62, 62)(63, 63)(64, 64)(65, 65)(66, 66)(67, 67)(68, 68)(69, 69)(70, 70)(71, 71)(72, 72)(73, 73)(74, 74)(75, 75)(76, 76)(77, 77)(78, 78)(79, 79)(80, 80)(81, 81)(82, 82)(83, 83)(84, 84)(85, 85)(86, 86)(87, 87)(88, 88)(89, 89)(90, 90)(91, 91)(92, 92)(93, 93)(94, 94)(95, 95)(96, 96)(97, 97)(98, 98)(99, 99)(100, 100)(101, 101)(102, 102)(103, 103)(104, 104)(105, 105)(106, 106)(107, 107)(108, 108)(109, 109)(110, 110)(111, 111)
28e2a70b9a97f4f501ec673368cdd9caa1d00831.flv,4dd842508699d66636298376da31208a2e029c61.flv	(34, 1)(35, 2)(36, 4)(37, 5)(38, 6)(39, 7)(41, 8)(44, 9)(46, 12)(47, 13)(48, 14)(50, 15)(51, 16)(52, 17)(54, 18)(55, 19)(56, 20)(57, 21)(58, 22)(62, 26)(63, 27)(64, 28)(65, 29)(67, 32)(68, 33)(69, 34)(70, 35)(71, 36)(72, 37)(74, 38)(75, 39)(76, 40)(77, 41)(78, 42)(82, 44)(83, 45)(85, 46)(86, 47)(89, 48)(91, 50)(92, 51)(94, 52)(96, 53)(97, 54)(98, 55)(100, 56)(101, 57)(102, 58)(109, 60)(111, 62)
28e2a70b9a97f4f501ec673368cdd9caa1d00831.flv,51dabd8f940a75182408db600fa74a5cfc9b3d29.flv	(58, 0)(59, 1)(61, 3)(62, 6)(63, 7)(64, 8)(65, 9)(67, 12)(68, 13)(70, 16)(71, 17)(72, 18)(74, 20)(74, 21)(75, 22)(78, 25)(79, 26)(80, 27)(81, 28)(82, 29)(83, 30)(85, 32)(89, 35)(91, 37)(92, 38)(93, 39)(94, 40)(95, 41)(98, 45)(101, 48)(102, 49)(104, 50)(105, 51)(107, 52)(108, 53)(109, 54)(110, 55)(111, 56)
28e2a70b9a97f4f501ec673368cdd9caa1d00831.flv,74c3753f0751b532dd29c947777e5825dd3b2392.flv	(58, 10)(62, 16)(63, 17)(64, 18)(65, 19)(67, 22)(68, 23)(69, 25)(70, 26)(71, 27)(72, 28)(74, 29)(75, 30)(77, 32)(79, 34)(80, 35)(81, 36)(82, 37)(83, 38)(84, 39)(85, 40)(86, 41)(89, 42)(91, 44)(92, 45)(96, 48)(98, 49)(100, 50)(101, 51)(102, 52)(108, 54)(109, 55)(110, 56)(111, 57)
28e2a70b9a97f4f501ec673368cdd9caa1d00831.flv,834a827de29c3955ab8cb0d7bf800bcb64acf555.flv	(61, 1)(62, 3)(63, 4)(64, 5)(65, 6)(66, 8)(67, 9)(68, 10)(69, 12)(70, 13)(71, 14)(72, 15)(74, 17)(75, 18)(77, 20)(78, 21)(79, 22)(80, 23)(81, 24)(82, 25)(83, 26)(85, 28)(89, 31)(91, 33)(92, 34)(95, 36)(96, 38)(98, 40)(101, 43)(102, 44)(104, 45)(105, 46)(107, 48)(109, 49)(111, 51)
28e2a70b9a97f4f501ec673368cdd9caa1d00831.flv,8dab37af058628a51bd4b7e0a5a0c1cd5234f6ac.flv	(58, 0)(61, 3)(62, 6)(63, 7)(64, 8)(65, 9)(67, 12)(68, 13)(71, 16)(72, 17)(74, 19)(75, 20)(78, 23)(79, 24)(80, 25)(81, 26)(82, 27)(83, 28)(85, 30)(89, 33)(90, 34)(91, 35)(92, 36)(93, 37)(94, 38)(95, 39)(96, 40)(98, 42)(101, 45)(102, 46)(104, 47)(105, 48)(106, 49)(107, 50)(109, 52)(110, 53)(111, 54)
28e2a70b9a97f4f501ec673368cdd9caa1d00831.flv,b97bd2c745407e22c671d36b64a5be29659aa0ba.mp4	(101, 15)(102, 16)(104, 17)(105, 18)(106, 19)(108, 20)(109, 21)
28e2a70b9a97f4f501ec673368cdd9caa1d00831.flv,d821d4ffbf4f727e376164e2ad149757b70d0579.flv	(34, 2)(35, 3)(36, 4)(37, 5)(38, 6)(39, 8)(40, 9)(41, 10)(44, 11)(46, 14)(48, 16)(50, 17)(51, 18)(52, 19)(54, 20)(55, 21)(56, 22)(58, 23)(61, 25)(62, 27)(63, 28)(64, 29)(65, 30)(67, 32)(68, 33)(69, 35)(70, 36)(71, 37)(72, 38)(74, 39)(75, 40)(77, 41)(79, 43)(80, 44)(81, 45)(82, 46)(83, 47)(85, 49)(89, 51)(91, 53)(92, 54)(96, 56)(101, 59)(109, 65)(111, 67)
28e2a70b9a97f4f501ec673368cdd9caa1d00831.flv,e7d95916555f9a89b377a0e9f94087416c8f9914.flv	(34, 2)(35, 3)(36, 4)(37, 5)(38, 6)(39, 8)(40, 9)(41, 10)(44, 11)(46, 14)(48, 16)(50, 17)(51, 18)(52, 19)(54, 20)(55, 21)(56, 22)(58, 23)(61, 25)(62, 27)(63, 28)(64, 29)(65, 30)(67, 32)(68, 33)(69, 35)(70, 36)(71, 37)(72, 38)(74, 39)(75, 40)(77, 41)(79, 43)(80, 44)(81, 45)(82, 46)(83, 47)(85, 49)(89, 51)(91, 53)(92, 54)(96, 56)(101, 59)(109, 65)(111, 67)
4dd842508699d66636298376da31208a2e029c61.flv,4dd842508699d66636298376da31208a2e029c61.flv	(0, 0)(1, 1)(2, 2)(3, 3)(4, 4)(5, 5)(6, 6)(7, 7)(8, 8)(9, 9)(10, 10)(11, 11)(12, 12)(13, 13)(14, 14)(15, 15)(16, 16)(17, 17)(18, 18)(19, 19)(20, 20)(21, 21)(22, 22)(23, 23)(24, 24)(25, 25)(26, 26)(27, 27)(28, 28)(29, 29)(30, 30)(31, 31)(32, 32)(33, 33)(34, 34)(35, 35)(36, 36)(37, 37)(38, 38)(39, 39)(40, 40)(41, 41)(42, 42)(43, 43)(44, 44)(45, 45)(46, 46)(47, 47)(48, 48)(49, 49)(50, 50)(51, 51)(52, 52)(53, 53)(54, 54)(55, 55)(56, 56)(57, 57)(58, 58)(59, 59)(60, 60)(61, 61)(62, 62)(63, 63)(64, 64)(65, 65)
4dd842508699d66636298376da31208a2e029c61.flv,51dabd8f940a75182408db600fa74a5cfc9b3d29.flv	(22, 1)(23, 2)(24, 3)(26, 6)(27, 7)(29, 9)(30, 11)(32, 12)(33, 13)(34, 15)(35, 16)(36, 17)(37, 18)(39, 22)(40, 23)(41, 24)(42, 25)(44, 29)(45, 30)(46, 32)(47, 34)(48, 35)(49, 36)(50, 37)(51, 38)(54, 44)(55, 45)(56, 47)(57, 48)(58, 49)(59, 51)(60, 54)(61, 55)(62, 56)(65, 60)
4dd842508699d66636298376da31208a2e029c61.flv,74c3753f0751b532dd29c947777e5825dd3b2392.flv	(16, 0)(17, 2)(18, 3)(19, 5)(20, 7)(21, 8)(22, 10)(23, 11)(24, 12)(25, 15)(26, 16)(27, 17)(28, 18)(29, 19)(30, 20)(31, 21)(32, 22)(33, 23)(34, 25)(35, 26)(36, 27)(37, 28)(38, 29)(39, 30)(40, 31)(41, 32)(42, 33)(44, 37)(45, 38)(46, 40)(47, 41)(48, 42)(49, 43)(50, 44)(51, 45)(52, 46)(53, 47)(55, 49)(56, 50)(57, 51)(58, 52)(59, 53)(60, 55)(61, 56)(62, 57)(63, 58)(65, 61)
4dd842508699d66636298376da31208a2e029c61.flv,834a827de29c3955ab8cb0d7bf800bcb64acf555.flv	(24, 1)(25, 2)(26, 3)(27, 4)(29, 6)(33, 10)(34, 12)(35, 13)(36, 14)(37, 15)(38, 17)(39, 18)(40, 20)(44, 25)(45, 26)(46, 28)(47, 30)(48, 31)(50, 33)(51, 34)(53, 38)(55, 40)(57, 43)(58, 44)(60, 49)(62, 51)
4dd842508699d66636298376da31208a2e029c61.flv,8dab37af058628a51bd4b7e0a5a0c1cd5234f6ac.flv	(23, 2)(24, 3)(26, 6)(27, 7)(29, 9)(30, 10)(32, 12)(33, 13)(36, 16)(37, 17)(38, 19)(39, 20)(40, 21)(41, 22)(42, 23)(44, 27)(45, 28)(46, 30)(47, 32)(48, 33)(49, 34)(50, 35)(51, 36)(53, 40)(54, 41)(55, 42)(56, 44)(57, 45)(58, 47)(59, 48)(60, 52)(61, 53)(62, 54)(63, 55)(65, 58)
4dd842508699d66636298376da31208a2e029c61.flv,b97bd2c745407e22c671d36b64a5be29659aa0ba.mp4	(57, 15)(58, 16)(60, 21)
4dd842508699d66636298376da31208a2e029c61.flv,d821d4ffbf4f727e376164e2ad149757b70d0579.flv	(0, 0)(1, 2)(2, 3)(4, 4)(5, 5)(6, 6)(7, 8)(8, 10)(9, 11)(10, 12)(11, 13)(12, 14)(13, 15)(14, 16)(15, 17)(16, 18)(17, 19)(18, 20)(19, 21)(20, 22)(22, 23)(23, 24)(24, 25)(26, 27)(27, 28)(28, 29)(29, 30)(30, 31)(32, 32)(33, 33)(34, 35)(35, 36)(36, 37)(37, 38)(38, 39)(39, 40)(41, 41)(42, 42)(44, 46)(45, 47)(46, 49)(47, 50)(48, 51)(49, 52)(50, 53)(51, 54)(52, 55)(53, 56)(54, 57)(55, 58)(57, 60)(58, 61)(59, 63)(60, 65)(61, 66)(62, 67)(63, 68)(64, 69)
4dd842508699d66636298376da31208a2e029c61.flv,e7d95916555f9a89b377a0e9f94087416c8f9914.flv	(0, 0)(1, 2)(2, 3)(4, 4)(5, 5)(6, 6)(7, 8)(8, 10)(9, 11)(10, 12)(11, 13)(12, 14)(13, 15)(14, 16)(15, 17)(16, 18)(17, 19)(18, 20)(19, 21)(20, 22)(22, 23)(23, 24)(24, 25)(26, 27)(27, 28)(28, 29)(29, 30)(30, 31)(32, 32)(33, 33)(34, 35)(35, 36)(36, 37)(37, 38)(38, 39)(39, 40)(41, 41)(42, 42)(44, 46)(45, 47)(46, 49)(47, 50)(48, 51)(49, 52)(50, 53)(51, 54)(52, 55)(53, 56)(54, 57)(55, 58)(57, 60)(58, 61)(59, 63)(60, 65)(61, 66)(62, 67)(63, 68)(64, 69)
51dabd8f940a75182408db600fa74a5cfc9b3d29.flv,51dabd8f940a75182408db600fa74a5cfc9b3d29.flv	(0, 0)(1, 1)(2, 2)(3, 3)(4, 4)(5, 5)(6, 6)(7, 7)(8, 8)(9, 9)(10, 10)(11, 11)(12, 12)(13, 13)(14, 14)(15, 15)(16, 16)(17, 17)(18, 18)(19, 19)(20, 20)(21, 21)(22, 22)(23, 23)(24, 24)(25, 25)(26, 26)(27, 27)(28, 28)(29, 29)(30, 30)(31, 31)(32, 32)(33, 33)(34, 34)(35, 35)(36, 36)(37, 37)(38, 38)(39, 39)(40, 40)(41, 41)(42, 42)(43, 43)(44, 44)(45, 45)(46, 46)(47, 47)(48, 48)(49, 49)(50, 50)(51, 51)(52, 52)(53, 53)(54, 54)(55, 55)(56, 56)(57, 57)(58, 58)(59, 59)(60, 60)(61, 61)(62, 62)(63, 63)(64, 64)(65, 65)(66, 66)(67, 67)
51dabd8f940a75182408db600fa74a5cfc9b3d29.flv,74c3753f0751b532dd29c947777e5825dd3b2392.flv	(1, 10)(2, 11)(3, 12)(4, 14)(5, 15)(6, 16)(7, 17)(8, 18)(9, 19)(12, 22)(13, 23)(15, 25)(16, 26)(17, 27)(18, 28)(22, 30)(24, 32)(26, 34)(27, 35)(28, 36)(29, 37)(30, 38)(31, 39)(32, 40)(34, 41)(35, 42)(36, 43)(37, 44)(38, 45)(43, 48)(45, 49)(49, 52)(54, 55)(56, 57)(58, 59)(59, 60)(64, 65)(66, 67)(67, 68)
51dabd8f940a75182408db600fa74a5cfc9b3d29.flv,834a827de29c3955ab8cb0d7bf800bcb64acf555.flv	(3, 1)(4, 2)(5, 2)(6, 3)(7, 4)(8, 5)(9, 6)(10, 7)(12, 9)(13, 10)(14, 11)(15, 12)(16, 13)(17, 14)(18, 15)(21, 17)(22, 18)(23, 20)(25, 21)(26, 22)(27, 23)(28, 24)(29, 25)(30, 26)(32, 28)(33, 29)(34, 30)(35, 31)(37, 33)(38, 34)(40, 35)(41, 36)(42, 37)(43, 38)(44, 39)(45, 40)(48, 43)(49, 44)(50, 45)(51, 46)(52, 47)(53, 48)(54, 49)(56, 51)
51dabd8f940a75182408db600fa74a5cfc9b3d29.flv,8dab37af058628a51bd4b7e0a5a0c1cd5234f6ac.flv	(0, 0)(1, 1)(2, 2)(3, 3)(4, 4)(5, 5)(6, 6)(7, 7)(8, 8)(9, 9)(10, 10)(11, 11)(12, 12)(13, 13)(17, 16)(18, 17)(19, 18)(20, 19)(22, 20)(23, 21)(24, 22)(25, 23)(26, 24)(27, 25)(28, 26)(29, 27)(30, 28)(31, 29)(32, 30)(33, 31)(34, 32)(35, 33)(36, 34)(37, 35)(38, 36)(39, 37)(40, 38)(41, 39)(43, 40)(44, 41)(45, 42)(46, 43)(47, 44)(48, 45)(49, 46)(51, 48)(52, 49)(53, 50)(54, 52)(55, 53)(56, 54)(58, 56)(59, 57)(60, 58)(61, 59)(62, 60)(63, 61)(64, 62)(65, 63)(66, 64)(67, 65)
51dabd8f940a75182408db600fa74a5cfc9b3d29.flv,b97bd2c745407e22c671d36b64a5be29659aa0ba.mp4	(48, 15)(49, 16)(50, 17)(51, 18)(52, 19)(54, 21)
51dabd8f940a75182408db600fa74a5cfc9b3d29.flv,d821d4ffbf4f727e376164e2ad149757b70d0579.flv	(1, 23)(2, 24)(3, 25)(6, 27)(7, 28)(9, 30)(11, 31)(12, 32)(13, 33)(14, 34)(15, 35)(16, 36)(17, 37)(18, 38)(22, 40)(24, 41)(25, 42)(26, 43)(27, 44)(28, 45)(29, 46)(30, 47)(31, 48)(32, 49)(34, 50)(35, 51)(36, 52)(37, 53)(38, 54)(44, 57)(45, 58)(47, 59)(48, 60)(49, 61)(51, 63)(54, 65)(55, 66)(56, 67)(58, 69)(59, 70)
51dabd8f940a75182408db600fa74a5cfc9b3d29.flv,e7d95916555f9a89b377a0e9f94087416c8f9914.flv	(1, 23)(2, 24)(3, 25)(6, 27)(7, 28)(9, 30)(11, 31)(12, 32)(13, 33)(14, 34)(15, 35)(16, 36)(17, 37)(18, 38)(22, 40)(24, 41)(25, 42)(26, 43)(27, 44)(28, 45)(29, 46)(30, 47)(31, 48)(32, 49)(34, 50)(35, 51)(36, 52)(37, 53)(38, 54)(44, 57)(45, 58)(47, 59)(48, 60)(49, 61)(51, 63)(54, 65)(55, 66)(56, 67)(58, 69)(59, 70)
74c3753f0751b532dd29c947777e5825dd3b2392.flv,74c3753f0751b532dd29c947777e5825dd3b2392.flv	(0, 0)(1, 1)(2, 2)(3, 3)(4, 4)(5, 5)(6, 6)(7, 7)(8, 8)(9, 9)(10, 10)(11, 11)(12, 12)(13, 13)(14, 14)(15, 15)(16, 16)(17, 17)(18, 18)(19, 19)(20, 20)(21, 21)(22, 22)(23, 23)(24, 24)(25, 25)(26, 26)(27, 27)(28, 28)(29, 29)(30, 30)(31, 31)(32, 32)(33, 33)(34, 34)(35, 35)(36, 36)(37, 37)(38, 38)(39, 39)(40, 40)(41, 41)(42, 42)(43, 43)(44, 44)(45, 45)(46, 46)(47, 47)(48, 48)(49, 49)(50, 50)(51, 51)(52, 52)(53, 53)(54, 54)(55, 55)(56, 56)(57, 57)(58, 58)(59, 59)(60, 60)(61, 61)(62, 62)(63, 63)(64, 64)(65, 65)(66, 66)(67, 67)(68, 68)(69, 69)(70, 70)
74c3753f0751b532dd29c947777e5825dd3b2392.flv,834a827de29c3955ab8cb0d7bf800bcb64acf555.flv	(12, 1)(15, 2)(16, 3)(17, 4)(18, 5)(19, 6)(20, 7)(22, 9)(23, 10)(24, 11)(26, 13)(27, 14)(28, 15)(29, 17)(30, 18)(31, 20)(33, 21)(34, 22)(35, 23)(36, 24)(37, 25)(38, 26)(40, 28)(41, 30)(42, 31)(43, 32)(44, 33)(45, 34)(46, 35)(47, 36)(48, 38)(49, 40)(50, 42)(51, 43)(52, 44)(53, 46)(55, 49)(57, 51)
74c3753f0751b532dd29c947777e5825dd3b2392.flv,8dab37af058628a51bd4b7e0a5a0c1cd5234f6ac.flv	(10, 1)(11, 2)(12, 3)(15, 4)(16, 6)(22, 11)(28, 17)(36, 24)(37, 25)(40, 28)(41, 30)(45, 35)(53, 47)(55, 48)(59, 53)(60, 54)(64, 57)(67, 61)(68, 63)(70, 64)
74c3753f0751b532dd29c947777e5825dd3b2392.flv,b97bd2c745407e22c671d36b64a5be29659aa0ba.mp4	(51, 15)(52, 16)(54, 21)(55, 21)
74c3753f0751b532dd29c947777e5825dd3b2392.flv,d821d4ffbf4f727e376164e2ad149757b70d0579.flv	(0, 18)(2, 19)(3, 20)(5, 21)(10, 23)(11, 24)(12, 25)(15, 26)(16, 27)(17, 28)(18, 29)(19, 30)(20, 31)(22, 32)(23, 33)(24, 34)(25, 35)(26, 36)(27, 37)(28, 38)(29, 39)(30, 40)(32, 41)(33, 42)(34, 43)(35, 44)(36, 45)(37, 46)(38, 47)(39, 48)(40, 49)(41, 50)(42, 51)(43, 52)(44, 53)(45, 54)(46, 55)(47, 56)(49, 58)(51, 60)(52, 61)(53, 63)(55, 65)(56, 66)(57, 67)(58, 68)(59, 69)(60, 70)
74c3753f0751b532dd29c947777e5825dd3b2392.flv,e7d95916555f9a89b377a0e9f94087416c8f9914.flv	(0, 18)(2, 19)(3, 20)(5, 21)(10, 23)(11, 24)(12, 25)(15, 26)(16, 27)(17, 28)(18, 29)(19, 30)(20, 31)(22, 32)(23, 33)(24, 34)(25, 35)(26, 36)(27, 37)(28, 38)(29, 39)(30, 40)(32, 41)(33, 42)(34, 43)(35, 44)(36, 45)(37, 46)(38, 47)(39, 48)(40, 49)(41, 50)(42, 51)(43, 52)(44, 53)(45, 54)(46, 55)(47, 56)(49, 58)(51, 60)(52, 61)(53, 63)(55, 65)(56, 66)(57, 67)(58, 68)(59, 69)(60, 70)
834a827de29c3955ab8cb0d7bf800bcb64acf555.flv,834a827de29c3955ab8cb0d7bf800bcb64acf555.flv	(0, 0)(1, 1)(2, 2)(3, 3)(4, 4)(5, 5)(6, 6)(7, 7)(8, 8)(9, 9)(10, 10)(11, 11)(12, 12)(13, 13)(14, 14)(15, 15)(16, 16)(17, 17)(18, 18)(19, 19)(20, 20)(21, 21)(22, 22)(23, 23)(24, 24)(25, 25)(26, 26)(27, 27)(28, 28)(29, 29)(30, 30)(31, 31)(32, 32)(33, 33)(34, 34)(35, 35)(36, 36)(37, 37)(38, 38)(39, 39)(40, 40)(41, 41)(42, 42)(43, 43)(44, 44)(45, 45)(46, 46)(47, 47)(48, 48)(49, 49)(50, 50)(51, 51)
834a827de29c3955ab8cb0d7bf800bcb64acf555.flv,8dab37af058628a51bd4b7e0a5a0c1cd5234f6ac.flv	(1, 3)(2, 4)(2, 5)(3, 6)(4, 7)(5, 8)(6, 9)(7, 10)(9, 12)(10, 13)(11, 14)(14, 16)(15, 17)(17, 19)(18, 20)(20, 21)(21, 23)(22, 24)(23, 25)(24, 26)(25, 27)(26, 28)(28, 30)(29, 31)(30, 32)(31, 33)(32, 34)(33, 35)(34, 36)(35, 38)(36, 39)(38, 40)(39, 41)(40, 42)(43, 45)(44, 46)(46, 48)(47, 49)(48, 50)(49, 52)(51, 54)
834a827de29c3955ab8cb0d7bf800bcb64acf555.flv,b97bd2c745407e22c671d36b64a5be29659aa0ba.mp4	(43, 15)(44, 16)(45, 17)(46, 18)(48, 19)(49, 21)
834a827de29c3955ab8cb0d7bf800bcb64acf555.flv,d821d4ffbf4f727e376164e2ad149757b70d0579.flv	(1, 25)(3, 27)(4, 28)(6, 30)(9, 32)(10, 33)(11, 34)(12, 35)(13, 36)(14, 37)(15, 38)(17, 39)(18, 40)(20, 41)(22, 43)(23, 44)(24, 45)(25, 46)(26, 47)(30, 50)(31, 51)(33, 53)(34, 54)(38, 56)(43, 59)(44, 61)(48, 64)(49, 65)(51, 67)
834a827de29c3955ab8cb0d7bf800bcb64acf555.flv,e7d95916555f9a89b377a0e9f94087416c8f9914.flv	(1, 25)(3, 27)(4, 28)(6, 30)(9, 32)(10, 33)(11, 34)(12, 35)(13, 36)(14, 37)(15, 38)(17, 39)(18, 40)(20, 41)(22, 43)(23, 44)(24, 45)(25, 46)(26, 47)(30, 50)(31, 51)(33, 53)(34, 54)(38, 56)(43, 59)(44, 61)(48, 64)(49, 65)(51, 67)
8dab37af058628a51bd4b7e0a5a0c1cd5234f6ac.flv,8dab37af058628a51bd4b7e0a5a0c1cd5234f6ac.flv	(0, 0)(1, 1)(2, 2)(3, 3)(4, 4)(5, 5)(6, 6)(7, 7)(8, 8)(9, 9)(10, 10)(11, 11)(12, 12)(13, 13)(14, 14)(15, 15)(16, 16)(17, 17)(18, 18)(19, 19)(20, 20)(21, 21)(22, 22)(23, 23)(24, 24)(25, 25)(26, 26)(27, 27)(28, 28)(29, 29)(30, 30)(31, 31)(32, 32)(33, 33)(34, 34)(35, 35)(36, 36)(37, 37)(38, 38)(39, 39)(40, 40)(41, 41)(42, 42)(43, 43)(44, 44)(45, 45)(46, 46)(47, 47)(48, 48)(49, 49)(50, 50)(51, 51)(52, 52)(53, 53)(54, 54)(55, 55)(56, 56)(57, 57)(58, 58)(59, 59)(60, 60)(61, 61)(62, 62)(63, 63)(64, 64)(65, 65)(66, 66)(67, 67)(68, 68)(69, 69)(70, 70)(71, 71)(72, 72)(73, 73)(74, 74)(75, 75)(76, 76)(77, 77)
8dab37af058628a51bd4b7e0a5a0c1cd5234f6ac.flv,b97bd2c745407e22c671d36b64a5be29659aa0ba.mp4	(45, 15)(48, 18)(50, 19)(51, 20)(52, 21)
8dab37af058628a51bd4b7e0a5a0c1cd5234f6ac.flv,d821d4ffbf4f727e376164e2ad149757b70d0579.flv	(2, 24)(3, 25)(6, 27)(7, 28)(9, 30)(10, 31)(12, 32)(13, 33)(16, 37)(17, 38)(19, 39)(20, 40)(22, 41)(23, 42)(24, 43)(25, 44)(26, 45)(27, 46)(28, 47)(29, 48)(30, 49)(32, 50)(33, 51)(34, 52)(35, 53)(36, 54)(40, 56)(41, 57)(42, 58)(44, 59)(45, 60)(47, 61)(48, 63)(50, 64)(52, 65)(53, 66)(54, 67)(55, 68)(56, 69)(57, 70)
8dab37af058628a51bd4b7e0a5a0c1cd5234f6ac.flv,e7d95916555f9a89b377a0e9f94087416c8f9914.flv	(2, 24)(3, 25)(6, 27)(7, 28)(9, 30)(10, 31)(12, 32)(13, 33)(16, 37)(17, 38)(19, 39)(20, 40)(22, 41)(23, 42)(24, 43)(25, 44)(26, 45)(27, 46)(28, 47)(29, 48)(30, 49)(32, 50)(33, 51)(34, 52)(35, 53)(36, 54)(40, 56)(41, 57)(42, 58)(44, 59)(45, 60)(47, 61)(48, 63)(50, 64)(52, 65)(53, 66)(54, 67)(55, 68)(56, 69)(57, 70)
b97bd2c745407e22c671d36b64a5be29659aa0ba.mp4,b97bd2c745407e22c671d36b64a5be29659aa0ba.mp4	(15, 15)(16, 16)(17, 17)(18, 18)(19, 19)(20, 20)(21, 21)
b97bd2c745407e22c671d36b64a5be29659aa0ba.mp4,d821d4ffbf4f727e376164e2ad149757b70d0579.flv	(16, 61)(17, 62)(18, 63)(21, 65)
b97bd2c745407e22c671d36b64a5be29659aa0ba.mp4,e7d95916555f9a89b377a0e9f94087416c8f9914.flv	(16, 61)(17, 62)(18, 63)(19, 64)(21, 65)
d821d4ffbf4f727e376164e2ad149757b70d0579.flv,d821d4ffbf4f727e376164e2ad149757b70d0579.flv	(0, 0)(1, 1)(2, 2)(3, 3)(4, 4)(5, 5)(6, 6)(7, 7)(8, 8)(9, 9)(10, 10)(11, 11)(12, 12)(13, 13)(14, 14)(15, 15)(16, 16)(17, 17)(18, 18)(19, 19)(20, 20)(21, 21)(22, 22)(23, 23)(24, 24)(25, 25)(26, 26)(27, 27)(28, 28)(29, 29)(30, 30)(31, 31)(32, 32)(33, 33)(34, 34)(35, 35)(36, 36)(37, 37)(38, 38)(39, 39)(40, 40)(41, 41)(42, 42)(43, 43)(44, 44)(45, 45)(46, 46)(47, 47)(48, 48)(49, 49)(50, 50)(51, 51)(52, 52)(53, 53)(54, 54)(55, 55)(56, 56)(57, 57)(58, 58)(59, 59)(60, 60)(61, 61)(62, 62)(63, 63)(64, 64)(65, 65)(66, 66)(67, 67)(68, 68)(69, 69)(70, 70)
d821d4ffbf4f727e376164e2ad149757b70d0579.flv,e7d95916555f9a89b377a0e9f94087416c8f9914.flv	(0, 0)(1, 1)(2, 2)(3, 3)(4, 4)(5, 5)(6, 6)(7, 7)(8, 8)(9, 9)(10, 10)(11, 11)(12, 12)(13, 13)(14, 14)(15, 15)(16, 16)(17, 17)(18, 18)(19, 19)(20, 20)(21, 21)(22, 22)(23, 23)(24, 24)(25, 25)(26, 26)(27, 27)(28, 28)(29, 29)(30, 30)(31, 31)(32, 32)(33, 33)(34, 34)(35, 35)(36, 36)(37, 37)(38, 38)(39, 39)(40, 40)(41, 41)(42, 42)(43, 43)(44, 44)(45, 45)(46, 46)(47, 47)(48, 48)(49, 49)(50, 50)(51, 51)(52, 52)(53, 53)(54, 54)(55, 55)(56, 56)(57, 57)(58, 58)(59, 59)(60, 60)(61, 61)(62, 62)(63, 63)(64, 64)(65, 65)(66, 66)(67, 67)(68, 68)(69, 69)(70, 70)
e7d95916555f9a89b377a0e9f94087416c8f9914.flv,e7d95916555f9a89b377a0e9f94087416c8f9914.flv	(0, 0)(1, 1)(2, 2)(3, 3)(4, 4)(5, 5)(6, 6)(7, 7)(8, 8)(9, 9)(10, 10)(11, 11)(12, 12)(13, 13)(14, 14)(15, 15)(16, 16)(17, 17)(18, 18)(19, 19)(20, 20)(21, 21)(22, 22)(23, 23)(24, 24)(25, 25)(26, 26)(27, 27)(28, 28)(29, 29)(30, 30)(31, 31)(32, 32)(33, 33)(34, 34)(35, 35)(36, 36)(37, 37)(38, 38)(39, 39)(40, 40)(41, 41)(42, 42)(43, 43)(44, 44)(45, 45)(46, 46)(47, 47)(48, 48)(49, 49)(50, 50)(51, 51)(52, 52)(53, 53)(54, 54)(55, 55)(56, 56)(57, 57)(58, 58)(59, 59)(60, 60)(61, 61)(62, 62)(63, 63)(64, 64)(65, 65)(66, 66)(67, 67)(68, 68)(69, 69)(70, 70)
