0a6a553c5d2d7eb7409eb580e7da01f60e3176f1.flv,0a6a553c5d2d7eb7409eb580e7da01f60e3176f1.flv	(0, 0)(1, 1)(2, 2)(3, 3)(4, 4)(5, 5)(6, 6)(7, 7)(8, 8)(9, 9)(10, 10)(11, 11)(12, 12)(13, 13)(14, 14)(15, 15)(16, 16)(17, 17)(18, 18)(19, 19)(20, 20)(21, 21)(22, 22)(23, 23)(24, 24)(25, 25)(26, 26)(27, 27)(28, 28)(29, 29)(30, 30)(31, 31)(32, 32)(33, 33)(34, 34)(35, 35)(36, 36)(37, 37)(38, 38)(39, 39)
0a6a553c5d2d7eb7409eb580e7da01f60e3176f1.flv,0b3f9e88e5ab73e19dc4d1a32115ea3457867128.flv	(0, 0)(1, 1)(11, 18)(12, 21)(13, 23)(17, 26)(18, 27)(20, 28)(22, 29)(30, 37)(31, 38)(37, 41)
0a6a553c5d2d7eb7409eb580e7da01f60e3176f1.flv,0b3f9e88e5ab73e19dc4d1a32115ea3457867128.flv	(0, 21)(1, 22)(2, 23)(7, 31)(10, 33)(11, 34)(13, 38)(17, 41)(18, 42)(29, 51)(31, 53)
0a6a553c5d2d7eb7409eb580e7da01f60e3176f1.flv,548e9ff21d5a54cf621986dc6047abf8db12e8b7.flv	(0, 18)(1, 19)(2, 20)(3, 21)(4, 24)(6, 27)(8, 28)(12, 30)(17, 33)(18, 34)(20, 36)(22, 38)(23, 39)(24, 40)(27, 41)(28, 42)(29, 43)(30, 44)(31, 45)(32, 46)(33, 47)(35, 49)(36, 50)(37, 51)(38, 52)(39, 53)
0a6a553c5d2d7eb7409eb580e7da01f60e3176f1.flv,6280e17346f8c34c231180e8d659f804d111fa6b.mp4	(22, 15)(24, 17)(33, 20)(38, 21)
0a6a553c5d2d7eb7409eb580e7da01f60e3176f1.flv,6fe097a963673b26c62f6ff6d6151d383c194b9d.flv	(0, 20)(1, 21)(3, 24)(5, 25)(6, 26)(7, 27)(8, 28)(10, 29)(11, 30)(12, 31)(13, 33)(17, 37)(18, 38)(20, 39)(21, 40)(22, 42)(23, 43)(24, 44)(25, 45)(26, 46)(27, 47)(28, 48)(29, 50)(30, 51)(31, 52)(33, 54)(35, 55)(36, 56)(37, 57)(38, 58)
0a6a553c5d2d7eb7409eb580e7da01f60e3176f1.flv,7fdf8f5e4fb91b1af5b016242ad70fd0d74abb42.flv	(0, 40)(3, 41)(18, 45)(22, 47)(23, 48)(28, 50)(29, 51)
0a6a553c5d2d7eb7409eb580e7da01f60e3176f1.flv,868f1ff130f7a0215de9abfacca746f96c4cd85d.flv	(0, 11)(3, 12)(14, 15)
0a6a553c5d2d7eb7409eb580e7da01f60e3176f1.flv,8e4dcdacc0266b4836101656bcd0fd7721918e40.flv	(0, 24)(1, 25)(2, 26)(3, 27)(5, 29)(10, 31)(11, 33)(15, 35)(17, 36)(18, 38)(20, 39)(21, 40)(22, 41)(23, 42)(24, 43)(28, 45)(29, 46)(31, 47)(32, 48)(33, 49)
0a6a553c5d2d7eb7409eb580e7da01f60e3176f1.flv,911169b1e685d943c7854a1c0ecdf9cef1250bec.mp4	(0, 14)
0a6a553c5d2d7eb7409eb580e7da01f60e3176f1.flv,911169b1e685d943c7854a1c0ecdf9cef1250bec.mp4	(2, 14)
0a6a553c5d2d7eb7409eb580e7da01f60e3176f1.flv,911169b1e685d943c7854a1c0ecdf9cef1250bec.mp4	(2, 14)(3, 15)
0a6a553c5d2d7eb7409eb580e7da01f60e3176f1.flv,911169b1e685d943c7854a1c0ecdf9cef1250bec.mp4	(3, 16)
0a6a553c5d2d7eb7409eb580e7da01f60e3176f1.flv,911169b1e685d943c7854a1c0ecdf9cef1250bec.mp4	(14, 16)(15, 16)(16, 17)
0a6a553c5d2d7eb7409eb580e7da01f60e3176f1.flv,911169b1e685d943c7854a1c0ecdf9cef1250bec.mp4	(18, 17)
0a6a553c5d2d7eb7409eb580e7da01f60e3176f1.flv,911169b1e685d943c7854a1c0ecdf9cef1250bec.mp4	(20, 18)(22, 21)(23, 22)(24, 23)(26, 24)(27, 25)
0a6a553c5d2d7eb7409eb580e7da01f60e3176f1.flv,911169b1e685d943c7854a1c0ecdf9cef1250bec.mp4	(28, 26)
0a6a553c5d2d7eb7409eb580e7da01f60e3176f1.flv,911169b1e685d943c7854a1c0ecdf9cef1250bec.mp4	(31, 28)(32, 29)(33, 30)
0a6a553c5d2d7eb7409eb580e7da01f60e3176f1.flv,911169b1e685d943c7854a1c0ecdf9cef1250bec.mp4	(36, 30)(38, 31)
0a6a553c5d2d7eb7409eb580e7da01f60e3176f1.flv,9185e2ba429ae15c5e2a2d0f624dee890e03d0f0.flv	(0, 20)(1, 21)(2, 23)(3, 24)(5, 25)(6, 26)(7, 27)(8, 28)(10, 29)(11, 30)(12, 31)(13, 33)(14, 35)(17, 37)(18, 38)(20, 39)(21, 40)(22, 42)(23, 43)(24, 44)(25, 45)(26, 46)(27, 47)(29, 50)(30, 51)(31, 52)(33, 54)(35, 55)(36, 56)(37, 57)(38, 58)
0a6a553c5d2d7eb7409eb580e7da01f60e3176f1.flv,97f5900df59435bc1230615987e24858e9a37f67.flv	(0, 2)(1, 3)(2, 4)(5, 8)
0a6a553c5d2d7eb7409eb580e7da01f60e3176f1.flv,97f5900df59435bc1230615987e24858e9a37f67.flv	(5, 8)
0a6a553c5d2d7eb7409eb580e7da01f60e3176f1.flv,97f5900df59435bc1230615987e24858e9a37f67.flv	(6, 8)(7, 9)(8, 10)(12, 12)(13, 14)(18, 17)(20, 18)(21, 19)(22, 20)(24, 22)(25, 23)(27, 25)(28, 26)(29, 27)(31, 29)(33, 31)(34, 32)(35, 33)
0a6a553c5d2d7eb7409eb580e7da01f60e3176f1.flv,9b15a52652373497a10b8915b8cc025967962b72.flv	(0, 5)(1, 6)(2, 8)
0a6a553c5d2d7eb7409eb580e7da01f60e3176f1.flv,9b15a52652373497a10b8915b8cc025967962b72.flv	(3, 9)(5, 11)(6, 12)(7, 13)(10, 15)(11, 16)(12, 17)(13, 20)(17, 24)(18, 25)(20, 26)(21, 27)(22, 28)(23, 30)(24, 31)(25, 32)(27, 34)(29, 36)(30, 37)(31, 38)(32, 39)(33, 40)(35, 41)(36, 42)(37, 43)(38, 44)(39, 45)
0a6a553c5d2d7eb7409eb580e7da01f60e3176f1.flv,9c5fde27983574ca7840da09d40c40bd20820957.flv	(18, 1)(19, 2)
0a6a553c5d2d7eb7409eb580e7da01f60e3176f1.flv,9f7862bcee961fdec039a3f287ad7c8351cfbed9.flv	(0, 14)(3, 16)(6, 17)(7, 18)(17, 24)(24, 26)(28, 29)(37, 34)
0a6a553c5d2d7eb7409eb580e7da01f60e3176f1.flv,a0fc0a97772388012c3d2062b36086d2cfb2bc82.flv	(0, 20)(1, 21)
0a6a553c5d2d7eb7409eb580e7da01f60e3176f1.flv,a0fc0a97772388012c3d2062b36086d2cfb2bc82.flv	(1, 21)(2, 23)(3, 24)(5, 25)(6, 26)(7, 27)
0a6a553c5d2d7eb7409eb580e7da01f60e3176f1.flv,a0fc0a97772388012c3d2062b36086d2cfb2bc82.flv	(8, 28)(10, 29)(11, 30)(12, 31)(13, 33)(14, 35)(15, 36)(17, 37)(18, 38)(20, 39)(21, 40)(22, 42)(23, 43)(24, 44)(25, 45)(26, 46)(27, 47)(29, 50)(30, 51)(31, 52)(32, 53)(33, 54)(35, 55)(36, 56)(37, 57)(38, 58)
0a6a553c5d2d7eb7409eb580e7da01f60e3176f1.flv,a15a43f0cf9ce7eab781706a82ee0027d53aae4f.flv	(0, 20)(1, 21)(5, 27)(6, 28)(7, 29)(8, 30)(11, 31)(12, 32)(13, 34)(14, 35)(17, 37)(18, 38)(20, 39)(22, 40)(24, 43)(25, 44)(26, 45)(27, 46)(28, 48)(29, 49)(30, 50)(31, 51)(33, 52)(35, 53)(36, 54)
0a6a553c5d2d7eb7409eb580e7da01f60e3176f1.flv,a86c9e954e46fae7936a0e70a2ecc1914a2f43e1.flv	(0, 23)(1, 24)(2, 26)(3, 27)(5, 29)(7, 30)(11, 33)(12, 34)(13, 35)(17, 39)(18, 40)(20, 42)(23, 45)(24, 46)(26, 47)(27, 48)(28, 50)(29, 51)(30, 52)(31, 53)(33, 56)(35, 57)(36, 58)(37, 59)(38, 60)
0a6a553c5d2d7eb7409eb580e7da01f60e3176f1.flv,a8ede4918fb583e92125f6ead7e7cdf6f331084d.flv	(0, 29)(1, 30)(3, 32)(4, 33)(6, 36)(8, 37)(9, 38)(11, 43)(12, 44)(13, 45)
0a6a553c5d2d7eb7409eb580e7da01f60e3176f1.flv,b053607f9eae018c3916d3fdb0ccb1dc49777456.flv	(5, 7)
0a6a553c5d2d7eb7409eb580e7da01f60e3176f1.flv,c1025681a6dfd43843735c07e9ec8ac2f08d80fc.flv	(0, 11)
0a6a553c5d2d7eb7409eb580e7da01f60e3176f1.flv,c1025681a6dfd43843735c07e9ec8ac2f08d80fc.flv	(1, 13)
0a6a553c5d2d7eb7409eb580e7da01f60e3176f1.flv,c1025681a6dfd43843735c07e9ec8ac2f08d80fc.flv	(28, 11)
0a6a553c5d2d7eb7409eb580e7da01f60e3176f1.flv,c1025681a6dfd43843735c07e9ec8ac2f08d80fc.flv	(32, 12)(33, 13)
0a6a553c5d2d7eb7409eb580e7da01f60e3176f1.flv,ccc879ecfb35a1a77667dd8357b71a930c19092c.flv	(0, 4)(20, 13)(23, 16)(24, 17)(36, 25)(37, 26)
0a6a553c5d2d7eb7409eb580e7da01f60e3176f1.flv,ee417a6b882853ffcd3f78b380b0205a9411f4d6.flv	(0, 24)(1, 25)(2, 26)(3, 27)(5, 29)(6, 30)(8, 31)(9, 32)(11, 33)(12, 34)(13, 35)(17, 38)(18, 39)(20, 40)(22, 42)(23, 43)(24, 44)(27, 46)(29, 50)(30, 51)(31, 52)(33, 54)(35, 55)(36, 56)(38, 58)(39, 59)
0a6a553c5d2d7eb7409eb580e7da01f60e3176f1.flv,ffe9ad0e2519d04939e04ea128ee565fc3395e5b.flv	(0, 0)(1, 1)(3, 2)(5, 4)(6, 6)(11, 8)(12, 9)(20, 13)(22, 15)(23, 17)(24, 18)(27, 20)(28, 21)(29, 22)(31, 23)(33, 25)(35, 26)(36, 27)(38, 28)(39, 29)
0b3f9e88e5ab73e19dc4d1a32115ea3457867128.flv,0b3f9e88e5ab73e19dc4d1a32115ea3457867128.flv	(0, 0)(1, 1)(2, 2)(3, 3)(4, 4)(5, 5)(6, 6)(7, 7)(8, 8)(9, 9)(10, 10)(11, 11)(12, 12)(13, 13)(14, 14)(15, 15)(16, 16)(17, 17)(18, 18)(19, 19)(20, 20)(21, 21)(22, 22)(23, 23)(24, 24)(25, 25)(26, 26)(27, 27)(28, 28)(29, 29)(30, 30)(31, 31)(32, 32)(33, 33)(34, 34)(35, 35)(36, 36)(37, 37)(38, 38)(39, 39)(40, 40)(41, 41)(42, 42)(43, 43)(44, 44)(45, 45)(46, 46)(47, 47)(48, 48)(49, 49)(50, 50)(51, 51)(52, 52)(53, 53)(54, 54)(55, 55)(56, 56)(57, 57)(58, 58)
0b3f9e88e5ab73e19dc4d1a32115ea3457867128.flv,548e9ff21d5a54cf621986dc6047abf8db12e8b7.flv	(21, 18)(22, 19)(23, 20)(25, 21)(42, 34)(48, 40)(51, 43)(53, 45)
0b3f9e88e5ab73e19dc4d1a32115ea3457867128.flv,6280e17346f8c34c231180e8d659f804d111fa6b.mp4	(0, 8)(1, 9)(33, 13)(35, 14)(41, 16)(44, 18)
0b3f9e88e5ab73e19dc4d1a32115ea3457867128.flv,6fe097a963673b26c62f6ff6d6151d383c194b9d.flv	(0, 0)(1, 1)(2, 2)(4, 3)(6, 4)(7, 5)(8, 6)(9, 7)(10, 8)(11, 9)(12, 10)(13, 11)(14, 12)(15, 13)(16, 14)(17, 15)(18, 16)(19, 17)(20, 18)(21, 20)(22, 21)(23, 23)(25, 24)(29, 26)(30, 27)(31, 28)(33, 29)(34, 30)(35, 31)(37, 32)(38, 33)(39, 35)(40, 37)(41, 38)(42, 39)(43, 40)(44, 42)(45, 43)(46, 44)(48, 47)(50, 51)(51, 52)(52, 53)(53, 54)(54, 55)(57, 58)
0b3f9e88e5ab73e19dc4d1a32115ea3457867128.flv,7fdf8f5e4fb91b1af5b016242ad70fd0d74abb42.flv	(0, 24)(2, 26)(7, 28)(8, 29)(11, 31)(12, 32)(14, 34)(15, 35)(17, 36)(18, 37)(20, 39)(21, 40)(41, 45)(44, 47)(45, 48)(49, 50)
0b3f9e88e5ab73e19dc4d1a32115ea3457867128.flv,868f1ff130f7a0215de9abfacca746f96c4cd85d.flv	(27, 4)(28, 5)(41, 11)(42, 12)(57, 21)
0b3f9e88e5ab73e19dc4d1a32115ea3457867128.flv,8e4dcdacc0266b4836101656bcd0fd7721918e40.flv	(0, 4)(7, 10)(14, 17)(18, 21)(21, 24)(27, 28)(29, 29)(31, 30)(34, 33)(40, 36)(41, 38)(42, 39)(43, 40)(44, 41)(45, 42)(46, 43)(49, 45)(51, 47)(52, 48)(53, 49)
0b3f9e88e5ab73e19dc4d1a32115ea3457867128.flv,911169b1e685d943c7854a1c0ecdf9cef1250bec.mp4	(0, 10)(7, 13)(14, 15)(27, 19)(28, 20)(44, 26)(45, 27)(50, 29)(53, 30)
0b3f9e88e5ab73e19dc4d1a32115ea3457867128.flv,9185e2ba429ae15c5e2a2d0f624dee890e03d0f0.flv	(0, 0)(1, 1)(2, 2)(4, 3)(6, 4)(7, 5)(8, 6)(9, 7)(10, 8)(11, 9)(12, 10)(13, 11)(14, 12)(15, 13)(16, 14)(17, 15)(18, 16)(19, 17)(20, 18)(21, 20)(22, 21)(23, 23)(25, 24)(29, 26)(30, 27)(31, 28)(33, 29)(34, 30)(35, 31)(37, 32)(38, 33)(39, 35)(40, 37)(41, 38)(42, 39)(43, 40)(44, 42)(45, 43)(46, 44)(48, 47)(50, 51)(51, 52)(52, 53)(53, 54)(54, 55)(57, 58)
0b3f9e88e5ab73e19dc4d1a32115ea3457867128.flv,97f5900df59435bc1230615987e24858e9a37f67.flv	(29, 11)(31, 12)(32, 13)(33, 14)(34, 17)(40, 26)(42, 31)
0b3f9e88e5ab73e19dc4d1a32115ea3457867128.flv,9b15a52652373497a10b8915b8cc025967962b72.flv	(17, 2)(33, 16)(40, 24)(48, 34)(49, 36)(50, 37)(51, 38)(52, 39)(53, 40)(55, 41)(56, 42)(57, 44)(58, 45)
0b3f9e88e5ab73e19dc4d1a32115ea3457867128.flv,9c5fde27983574ca7840da09d40c40bd20820957.flv	(41, 2)
0b3f9e88e5ab73e19dc4d1a32115ea3457867128.flv,9f7862bcee961fdec039a3f287ad7c8351cfbed9.flv	(0, 5)(1, 6)(2, 7)
0b3f9e88e5ab73e19dc4d1a32115ea3457867128.flv,9f7862bcee961fdec039a3f287ad7c8351cfbed9.flv	(9, 8)(11, 9)(18, 13)(21, 14)
0b3f9e88e5ab73e19dc4d1a32115ea3457867128.flv,9f7862bcee961fdec039a3f287ad7c8351cfbed9.flv	(23, 15)(24, 16)
0b3f9e88e5ab73e19dc4d1a32115ea3457867128.flv,9f7862bcee961fdec039a3f287ad7c8351cfbed9.flv	(33, 19)(38, 23)
0b3f9e88e5ab73e19dc4d1a32115ea3457867128.flv,9f7862bcee961fdec039a3f287ad7c8351cfbed9.flv	(39, 23)(40, 24)
0b3f9e88e5ab73e19dc4d1a32115ea3457867128.flv,9f7862bcee961fdec039a3f287ad7c8351cfbed9.flv	(40, 24)(49, 29)(57, 34)
0b3f9e88e5ab73e19dc4d1a32115ea3457867128.flv,a0fc0a97772388012c3d2062b36086d2cfb2bc82.flv	(0, 0)(1, 1)(2, 2)(4, 3)(6, 4)(7, 5)(8, 6)(9, 7)(10, 8)(11, 9)(12, 10)(13, 11)(14, 12)(15, 13)(16, 14)(17, 15)(18, 16)(19, 17)(20, 18)(21, 20)(22, 21)(23, 23)(25, 24)(29, 26)(30, 27)(31, 28)(33, 29)(34, 30)(35, 31)(37, 32)(38, 33)(39, 35)(40, 37)(41, 38)(42, 39)(43, 40)(44, 42)(45, 43)(46, 44)(48, 47)(50, 51)(51, 52)(52, 53)(53, 54)(54, 55)(57, 58)
0b3f9e88e5ab73e19dc4d1a32115ea3457867128.flv,a15a43f0cf9ce7eab781706a82ee0027d53aae4f.flv	(0, 2)(1, 3)(5, 5)(6, 6)(7, 8)(9, 10)(10, 11)(14, 16)(23, 25)(35, 34)(38, 37)(40, 38)(41, 39)(42, 40)(44, 42)(46, 46)(47, 47)(48, 48)(55, 55)
0b3f9e88e5ab73e19dc4d1a32115ea3457867128.flv,a86c9e954e46fae7936a0e70a2ecc1914a2f43e1.flv	(0, 0)(1, 1)(2, 2)(3, 3)(4, 4)(5, 5)(6, 5)(7, 6)(8, 8)(9, 9)(10, 10)(11, 12)(12, 13)(14, 15)(15, 16)(16, 17)(17, 18)(18, 19)(19, 20)(20, 21)(21, 23)(22, 24)(23, 26)(25, 27)(26, 28)(30, 30)(31, 31)(35, 34)(38, 35)(39, 37)(40, 39)(41, 40)(42, 42)(45, 45)(46, 46)(47, 47)(48, 48)(50, 52)(51, 53)(52, 54)(53, 56)(55, 57)(56, 58)(57, 60)
0b3f9e88e5ab73e19dc4d1a32115ea3457867128.flv,a89a3193db3354c059dfe4effac05c4667f9c239.flv	(0, 9)(1, 10)(2, 11)(8, 15)(9, 16)(17, 25)(18, 26)(20, 27)(28, 31)(33, 33)(35, 35)(41, 38)(42, 39)(45, 42)(46, 43)(49, 44)(53, 48)(57, 50)
0b3f9e88e5ab73e19dc4d1a32115ea3457867128.flv,a8ede4918fb583e92125f6ead7e7cdf6f331084d.flv	(0, 7)(1, 8)(2, 9)(3, 11)(7, 13)(8, 14)(9, 15)(10, 16)(11, 17)(12, 18)(14, 20)(15, 23)(18, 25)(21, 29)(27, 34)(28, 35)(29, 36)(32, 39)(35, 44)
0b3f9e88e5ab73e19dc4d1a32115ea3457867128.flv,b053607f9eae018c3916d3fdb0ccb1dc49777456.flv	(0, 2)(14, 6)(44, 14)
0b3f9e88e5ab73e19dc4d1a32115ea3457867128.flv,c1025681a6dfd43843735c07e9ec8ac2f08d80fc.flv	(7, 6)(8, 7)(9, 8)
0b3f9e88e5ab73e19dc4d1a32115ea3457867128.flv,ccc879ecfb35a1a77667dd8357b71a930c19092c.flv	(12, 0)(13, 1)(14, 2)
0b3f9e88e5ab73e19dc4d1a32115ea3457867128.flv,ccc879ecfb35a1a77667dd8357b71a930c19092c.flv	(21, 4)(23, 5)(25, 6)(29, 8)(42, 13)(45, 16)(46, 17)(49, 21)(56, 25)(57, 26)
0b3f9e88e5ab73e19dc4d1a32115ea3457867128.flv,ee417a6b882853ffcd3f78b380b0205a9411f4d6.flv	(0, 0)(1, 1)(2, 2)(3, 3)(4, 4)(5, 5)(6, 6)(7, 7)(8, 9)(9, 10)(10, 11)(11, 12)(12, 13)(14, 15)(15, 17)(17, 19)(18, 20)(21, 24)(22, 25)(23, 26)(25, 27)(26, 28)(28, 29)(29, 30)(31, 31)(32, 32)(33, 33)(35, 34)(38, 35)(39, 36)(41, 39)(42, 40)(44, 42)(45, 43)(46, 44)(48, 46)(51, 52)(53, 54)(55, 55)(56, 56)(57, 58)(58, 59)
0b3f9e88e5ab73e19dc4d1a32115ea3457867128.flv,ffe9ad0e2519d04939e04ea128ee565fc3395e5b.flv	(21, 0)(28, 4)(45, 15)(48, 18)(53, 23)(54, 24)
548e9ff21d5a54cf621986dc6047abf8db12e8b7.flv,548e9ff21d5a54cf621986dc6047abf8db12e8b7.flv	(0, 0)(1, 1)(2, 2)(3, 3)(4, 4)(5, 5)(6, 6)(7, 7)(8, 8)(9, 9)(10, 10)(11, 11)(12, 12)(13, 13)(14, 14)(15, 15)(16, 16)(17, 17)(18, 18)(19, 19)(20, 20)(21, 21)(22, 22)(23, 23)(24, 24)(25, 25)(26, 26)(27, 27)(28, 28)(29, 29)(30, 30)(31, 31)(32, 32)(33, 33)(34, 34)(35, 35)(36, 36)(37, 37)(38, 38)(39, 39)(40, 40)(41, 41)(42, 42)(43, 43)(44, 44)(45, 45)(46, 46)(47, 47)(48, 48)(49, 49)(50, 50)(51, 51)(52, 52)(53, 53)(54, 54)(55, 55)(56, 56)(57, 57)(58, 58)(59, 59)(60, 60)(61, 61)(62, 62)(63, 63)(64, 64)(65, 65)
548e9ff21d5a54cf621986dc6047abf8db12e8b7.flv,6280e17346f8c34c231180e8d659f804d111fa6b.mp4	(33, 13)(38, 15)(41, 18)(47, 20)(52, 21)
548e9ff21d5a54cf621986dc6047abf8db12e8b7.flv,6fe097a963673b26c62f6ff6d6151d383c194b9d.flv	(18, 20)(19, 21)(20, 23)(27, 26)(28, 28)(29, 30)(30, 31)(32, 33)(33, 37)(34, 38)(36, 39)(39, 43)(40, 44)(41, 47)(42, 48)(43, 50)(44, 51)(45, 52)(46, 53)(47, 54)(49, 55)(50, 56)(51, 57)(52, 58)
548e9ff21d5a54cf621986dc6047abf8db12e8b7.flv,7fdf8f5e4fb91b1af5b016242ad70fd0d74abb42.flv	(18, 40)(34, 45)(38, 47)(39, 48)(42, 50)(43, 51)
548e9ff21d5a54cf621986dc6047abf8db12e8b7.flv,868f1ff130f7a0215de9abfacca746f96c4cd85d.flv	(25, 4)(26, 5)(28, 7)(29, 8)(32, 9)(34, 11)(38, 13)(42, 16)(52, 21)
548e9ff21d5a54cf621986dc6047abf8db12e8b7.flv,8e4dcdacc0266b4836101656bcd0fd7721918e40.flv	(1, 9)(2, 10)(3, 11)(4, 12)(5, 13)(6, 14)(7, 15)(8, 16)(9, 17)(10, 19)(13, 20)(14, 21)(15, 22)(16, 23)(18, 24)(19, 25)(20, 26)(25, 28)(28, 30)(29, 33)(33, 36)(34, 38)(36, 39)(38, 41)(39, 42)(40, 43)(41, 44)(42, 45)(43, 46)(45, 47)(46, 49)
548e9ff21d5a54cf621986dc6047abf8db12e8b7.flv,911169b1e685d943c7854a1c0ecdf9cef1250bec.mp4	(18, 13)(21, 15)(27, 17)(33, 22)(40, 26)(41, 27)(47, 30)
548e9ff21d5a54cf621986dc6047abf8db12e8b7.flv,9185e2ba429ae15c5e2a2d0f624dee890e03d0f0.flv	(18, 20)(19, 21)(20, 23)(27, 26)(28, 28)(29, 30)(30, 31)(32, 33)(33, 37)(34, 38)(36, 39)(39, 43)(40, 44)(41, 47)(42, 49)(43, 50)(44, 51)(45, 52)(46, 53)(47, 54)(49, 55)(50, 56)(51, 57)(52, 58)
548e9ff21d5a54cf621986dc6047abf8db12e8b7.flv,97f5900df59435bc1230615987e24858e9a37f67.flv	(16, 0)(17, 1)(18, 2)(19, 3)(20, 4)(23, 7)(28, 10)(29, 11)(30, 12)(31, 13)(32, 14)(33, 15)(34, 17)(36, 18)(38, 20)(39, 21)(40, 22)(41, 25)(42, 26)(43, 27)(44, 28)(45, 29)(46, 30)(47, 31)(49, 32)(51, 35)
548e9ff21d5a54cf621986dc6047abf8db12e8b7.flv,9b15a52652373497a10b8915b8cc025967962b72.flv	(10, 0)(12, 1)(13, 2)
548e9ff21d5a54cf621986dc6047abf8db12e8b7.flv,9b15a52652373497a10b8915b8cc025967962b72.flv	(16, 3)(18, 5)(19, 6)(20, 8)(27, 12)(28, 14)(29, 16)(30, 17)(32, 20)(33, 24)(34, 25)(36, 26)(39, 30)(40, 31)(41, 34)(44, 37)(45, 38)(47, 40)(49, 41)(50, 42)(52, 44)(53, 45)(57, 49)(58, 50)(59, 51)(60, 52)(62, 54)(63, 55)(65, 56)
548e9ff21d5a54cf621986dc6047abf8db12e8b7.flv,9c5fde27983574ca7840da09d40c40bd20820957.flv	(34, 1)(35, 2)
548e9ff21d5a54cf621986dc6047abf8db12e8b7.flv,9f7862bcee961fdec039a3f287ad7c8351cfbed9.flv	(18, 14)(27, 17)(32, 23)(33, 24)(41, 27)(42, 29)(51, 34)
548e9ff21d5a54cf621986dc6047abf8db12e8b7.flv,9f7862bcee961fdec039a3f287ad7c8351cfbed9.flv	(20, 15)
548e9ff21d5a54cf621986dc6047abf8db12e8b7.flv,9f7862bcee961fdec039a3f287ad7c8351cfbed9.flv	(27, 17)(28, 19)(29, 20)(30, 23)
548e9ff21d5a54cf621986dc6047abf8db12e8b7.flv,9f7862bcee961fdec039a3f287ad7c8351cfbed9.flv	(33, 24)(40, 27)(42, 30)(45, 32)
548e9ff21d5a54cf621986dc6047abf8db12e8b7.flv,a0fc0a97772388012c3d2062b36086d2cfb2bc82.flv	(18, 20)(19, 21)(20, 23)(27, 26)(28, 28)(30, 31)(32, 33)(33, 37)(34, 38)(36, 39)(39, 43)(40, 44)(41, 47)(42, 48)(43, 50)(45, 52)(47, 54)(52, 58)
548e9ff21d5a54cf621986dc6047abf8db12e8b7.flv,a15a43f0cf9ce7eab781706a82ee0027d53aae4f.flv	(18, 20)(19, 21)(21, 23)(23, 25)(25, 26)(26, 27)(28, 30)(29, 31)(30, 32)(31, 33)(32, 34)(33, 37)(34, 38)(36, 39)(38, 40)(40, 43)(41, 46)(42, 48)(43, 49)(44, 50)(45, 51)(47, 52)(49, 53)(50, 54)(51, 55)(52, 56)
548e9ff21d5a54cf621986dc6047abf8db12e8b7.flv,a86c9e954e46fae7936a0e70a2ecc1914a2f43e1.flv	(18, 23)(19, 24)(20, 26)(21, 27)(23, 28)(29, 33)(30, 34)(33, 40)(34, 42)(36, 43)(41, 50)(42, 51)(44, 55)(45, 56)
548e9ff21d5a54cf621986dc6047abf8db12e8b7.flv,a89a3193db3354c059dfe4effac05c4667f9c239.flv	(27, 33)(28, 34)(29, 35)(30, 37)(32, 38)(33, 39)(34, 40)(42, 46)(43, 48)(45, 49)(47, 50)
548e9ff21d5a54cf621986dc6047abf8db12e8b7.flv,a8ede4918fb583e92125f6ead7e7cdf6f331084d.flv	(1, 12)(2, 13)(3, 14)(4, 15)(5, 16)(6, 17)(7, 18)(9, 20)(15, 25)(16, 26)(17, 27)
548e9ff21d5a54cf621986dc6047abf8db12e8b7.flv,a8ede4918fb583e92125f6ead7e7cdf6f331084d.flv	(18, 29)(19, 30)(24, 33)(25, 34)(27, 36)(30, 44)
548e9ff21d5a54cf621986dc6047abf8db12e8b7.flv,b053607f9eae018c3916d3fdb0ccb1dc49777456.flv	(26, 7)(32, 11)(41, 14)
548e9ff21d5a54cf621986dc6047abf8db12e8b7.flv,c1025681a6dfd43843735c07e9ec8ac2f08d80fc.flv	(1, 5)(2, 6)
548e9ff21d5a54cf621986dc6047abf8db12e8b7.flv,ccc879ecfb35a1a77667dd8357b71a930c19092c.flv	(7, 0)(9, 2)
548e9ff21d5a54cf621986dc6047abf8db12e8b7.flv,ccc879ecfb35a1a77667dd8357b71a930c19092c.flv	(15, 2)(16, 3)(18, 4)(27, 8)(29, 9)(32, 11)(38, 14)(39, 16)(40, 17)(47, 22)(51, 25)(52, 26)
548e9ff21d5a54cf621986dc6047abf8db12e8b7.flv,ee417a6b882853ffcd3f78b380b0205a9411f4d6.flv	(0, 4)(1, 6)(2, 7)(3, 9)(4, 10)(5, 11)(6, 12)(7, 13)(8, 14)(9, 15)(10, 17)(11, 18)(12, 18)(13, 19)(14, 20)(15, 21)(16, 22)(17, 23)(18, 24)(19, 25)(20, 26)(21, 27)(23, 28)(26, 29)(27, 30)(28, 31)(29, 33)(30, 34)(32, 35)(33, 37)(33, 38)(34, 39)(36, 40)(37, 41)(38, 42)(39, 43)(40, 44)(41, 46)(42, 49)(43, 50)(44, 51)(45, 52)(46, 53)(47, 54)(49, 55)(50, 56)(51, 57)(52, 58)(53, 59)(54, 61)
548e9ff21d5a54cf621986dc6047abf8db12e8b7.flv,ffe9ad0e2519d04939e04ea128ee565fc3395e5b.flv	(18, 0)(19, 1)(21, 2)(23, 3)(26, 4)(27, 6)(28, 7)(29, 8)(30, 9)(31, 10)(32, 11)(33, 12)(36, 13)(38, 15)(39, 17)(40, 18)(41, 20)(42, 21)(43, 22)(45, 23)(47, 25)(53, 29)
6280e17346f8c34c231180e8d659f804d111fa6b.mp4,6280e17346f8c34c231180e8d659f804d111fa6b.mp4	(0, 0)(1, 1)(2, 2)(3, 3)(4, 4)(5, 5)(6, 6)(7, 7)(8, 8)(9, 9)(10, 10)(11, 11)(12, 12)(13, 13)(14, 14)(15, 15)(16, 16)(17, 17)(18, 18)(19, 19)(20, 20)(21, 21)
6280e17346f8c34c231180e8d659f804d111fa6b.mp4,6fe097a963673b26c62f6ff6d6151d383c194b9d.flv	(9, 1)(12, 25)(14, 31)(16, 38)(17, 39)
6280e17346f8c34c231180e8d659f804d111fa6b.mp4,7fdf8f5e4fb91b1af5b016242ad70fd0d74abb42.flv	(3, 10)(7, 15)(9, 20)(12, 41)(13, 42)(18, 46)
6280e17346f8c34c231180e8d659f804d111fa6b.mp4,868f1ff130f7a0215de9abfacca746f96c4cd85d.flv	(10, 2)(14, 12)(15, 13)(19, 17)(20, 20)(21, 21)
6280e17346f8c34c231180e8d659f804d111fa6b.mp4,8e4dcdacc0266b4836101656bcd0fd7721918e40.flv	(9, 6)(12, 29)
6280e17346f8c34c231180e8d659f804d111fa6b.mp4,911169b1e685d943c7854a1c0ecdf9cef1250bec.mp4	(9, 10)(13, 21)(18, 26)(19, 28)(20, 30)(21, 31)
6280e17346f8c34c231180e8d659f804d111fa6b.mp4,9185e2ba429ae15c5e2a2d0f624dee890e03d0f0.flv	(9, 1)(12, 25)(14, 31)(16, 38)(17, 39)
6280e17346f8c34c231180e8d659f804d111fa6b.mp4,97f5900df59435bc1230615987e24858e9a37f67.flv	(14, 18)(16, 22)(21, 35)
6280e17346f8c34c231180e8d659f804d111fa6b.mp4,9b15a52652373497a10b8915b8cc025967962b72.flv	(13, 24)(14, 25)(17, 31)(20, 40)
6280e17346f8c34c231180e8d659f804d111fa6b.mp4,9c5fde27983574ca7840da09d40c40bd20820957.flv	(13, 0)(14, 2)
6280e17346f8c34c231180e8d659f804d111fa6b.mp4,9f7862bcee961fdec039a3f287ad7c8351cfbed9.flv	(9, 5)(11, 16)(13, 20)(14, 23)(21, 33)
6280e17346f8c34c231180e8d659f804d111fa6b.mp4,a0fc0a97772388012c3d2062b36086d2cfb2bc82.flv	(9, 1)(12, 25)(14, 31)(16, 38)(17, 39)
6280e17346f8c34c231180e8d659f804d111fa6b.mp4,a15a43f0cf9ce7eab781706a82ee0027d53aae4f.flv	(8, 2)(13, 32)(14, 34)(20, 52)
6280e17346f8c34c231180e8d659f804d111fa6b.mp4,a86c9e954e46fae7936a0e70a2ecc1914a2f43e1.flv	
6280e17346f8c34c231180e8d659f804d111fa6b.mp4,a89a3193db3354c059dfe4effac05c4667f9c239.flv	(8, 9)(9, 10)(13, 33)(14, 35)(19, 44)(21, 49)
6280e17346f8c34c231180e8d659f804d111fa6b.mp4,a8ede4918fb583e92125f6ead7e7cdf6f331084d.flv	(12, 45)
6280e17346f8c34c231180e8d659f804d111fa6b.mp4,b053607f9eae018c3916d3fdb0ccb1dc49777456.flv	(8, 2)(9, 4)(10, 5)(12, 9)(13, 11)(14, 12)(19, 14)
6280e17346f8c34c231180e8d659f804d111fa6b.mp4,c1025681a6dfd43843735c07e9ec8ac2f08d80fc.flv	(10, 6)(11, 8)
6280e17346f8c34c231180e8d659f804d111fa6b.mp4,ccc879ecfb35a1a77667dd8357b71a930c19092c.flv	(11, 9)(13, 12)(16, 17)(19, 21)(21, 26)
6280e17346f8c34c231180e8d659f804d111fa6b.mp4,ee417a6b882853ffcd3f78b380b0205a9411f4d6.flv	(8, 7)(13, 34)(14, 35)(20, 54)
6280e17346f8c34c231180e8d659f804d111fa6b.mp4,ffe9ad0e2519d04939e04ea128ee565fc3395e5b.flv	(10, 4)(12, 11)(14, 15)(18, 21)(20, 25)(21, 28)
6fe097a963673b26c62f6ff6d6151d383c194b9d.flv,6fe097a963673b26c62f6ff6d6151d383c194b9d.flv	(0, 0)(1, 1)(2, 2)(3, 3)(4, 4)(5, 5)(6, 6)(7, 7)(8, 8)(9, 9)(10, 10)(11, 11)(12, 12)(13, 13)(14, 14)(15, 15)(16, 16)(17, 17)(18, 18)(19, 19)(20, 20)(21, 21)(22, 22)(23, 23)(24, 24)(25, 25)(26, 26)(27, 27)(28, 28)(29, 29)(30, 30)(31, 31)(32, 32)(33, 33)(34, 34)(35, 35)(36, 36)(37, 37)(38, 38)(39, 39)(40, 40)(41, 41)(42, 42)(43, 43)(44, 44)(45, 45)(46, 46)(47, 47)(48, 48)(49, 49)(50, 50)(51, 51)(52, 52)(53, 53)(54, 54)(55, 55)(56, 56)(57, 57)(58, 58)
6fe097a963673b26c62f6ff6d6151d383c194b9d.flv,7fdf8f5e4fb91b1af5b016242ad70fd0d74abb42.flv	(1, 27)(3, 33)(4, 34)(6, 40)(12, 43)(13, 45)(14, 46)(18, 50)(20, 53)
6fe097a963673b26c62f6ff6d6151d383c194b9d.flv,868f1ff130f7a0215de9abfacca746f96c4cd85d.flv	(20, 1)(23, 2)(25, 5)(26, 6)(28, 7)(37, 10)(48, 16)(57, 21)
6fe097a963673b26c62f6ff6d6151d383c194b9d.flv,8e4dcdacc0266b4836101656bcd0fd7721918e40.flv	(0, 5)(1, 6)(2, 8)(4, 9)(5, 10)(7, 12)(12, 17)(13, 18)(18, 22)(29, 30)(31, 33)(38, 36)(41, 39)(42, 40)(52, 45)(56, 48)(57, 49)
6fe097a963673b26c62f6ff6d6151d383c194b9d.flv,911169b1e685d943c7854a1c0ecdf9cef1250bec.mp4	(0, 10)(1, 11)(5, 13)(12, 15)(24, 18)(25, 20)(54, 30)
6fe097a963673b26c62f6ff6d6151d383c194b9d.flv,97f5900df59435bc1230615987e24858e9a37f67.flv	(18, 0)(19, 1)(20, 2)(21, 3)(23, 4)(24, 6)(25, 8)(27, 9)(28, 10)(31, 12)(33, 14)(37, 15)(38, 17)(39, 18)(40, 19)(41, 20)(42, 21)(44, 22)(47, 25)(48, 26)(50, 27)(52, 29)(54, 31)(55, 33)(57, 35)
6fe097a963673b26c62f6ff6d6151d383c194b9d.flv,9b15a52652373497a10b8915b8cc025967962b72.flv	(16, 0)(18, 3)(19, 4)(20, 5)(21, 6)(22, 7)(23, 8)(24, 9)(25, 11)(26, 12)(28, 14)(29, 15)(30, 16)(31, 17)(32, 19)(33, 20)(35, 22)(37, 24)(38, 25)(39, 26)(40, 27)(41, 28)(42, 29)(43, 30)(44, 31)(45, 32)(46, 33)(47, 34)(48, 35)(49, 36)(51, 37)(52, 38)(54, 40)(55, 41)(56, 42)(58, 44)
6fe097a963673b26c62f6ff6d6151d383c194b9d.flv,9c5fde27983574ca7840da09d40c40bd20820957.flv	(38, 1)(39, 2)
6fe097a963673b26c62f6ff6d6151d383c194b9d.flv,9f7862bcee961fdec039a3f287ad7c8351cfbed9.flv	(0, 5)(5, 8)(8, 10)(10, 11)(11, 12)(12, 13)(31, 23)(48, 29)(58, 34)
6fe097a963673b26c62f6ff6d6151d383c194b9d.flv,a0fc0a97772388012c3d2062b36086d2cfb2bc82.flv	(0, 0)(1, 1)(2, 2)(3, 3)(4, 4)(5, 5)(6, 6)(7, 7)(8, 8)(9, 9)(10, 10)(11, 11)(12, 12)(13, 13)(14, 14)(15, 15)(16, 16)(17, 17)(18, 18)(19, 19)(20, 20)(21, 21)(22, 22)(23, 23)(24, 24)(25, 25)(26, 26)(27, 27)(28, 28)(29, 29)(30, 30)(31, 31)(32, 32)(33, 33)(34, 34)(35, 35)(36, 36)(37, 37)(38, 38)(39, 39)(40, 40)(41, 41)(42, 42)(43, 43)(44, 44)(45, 45)(46, 46)(47, 47)(48, 48)(49, 49)(50, 50)(51, 51)(52, 52)(53, 53)(54, 54)(55, 55)(56, 56)(57, 57)(58, 58)
6fe097a963673b26c62f6ff6d6151d383c194b9d.flv,a15a43f0cf9ce7eab781706a82ee0027d53aae4f.flv	(0, 2)(1, 3)(2, 4)(4, 6)(5, 8)(6, 9)(7, 10)(8, 11)(11, 15)(12, 16)(23, 25)(24, 27)(30, 32)(31, 34)(37, 38)(38, 39)(39, 40)(41, 42)(43, 43)(48, 48)(49, 49)(55, 54)(56, 55)(57, 56)
6fe097a963673b26c62f6ff6d6151d383c194b9d.flv,a86c9e954e46fae7936a0e70a2ecc1914a2f43e1.flv	(0, 0)(1, 1)(2, 3)(3, 4)(4, 5)(5, 6)(6, 8)(7, 9)(8, 10)(9, 12)(10, 13)(11, 14)(12, 15)(13, 16)(14, 17)(15, 18)(16, 19)(18, 21)(20, 23)(21, 24)(22, 25)(23, 26)(24, 27)(25, 29)(27, 30)(28, 31)(30, 33)(31, 34)(33, 35)(35, 37)(37, 39)(38, 40)(39, 42)(41, 43)(43, 45)(44, 46)(47, 48)(48, 50)(50, 51)(51, 52)(52, 53)(53, 54)(54, 56)(55, 57)(56, 58)(57, 59)(58, 60)
6fe097a963673b26c62f6ff6d6151d383c194b9d.flv,a89a3193db3354c059dfe4effac05c4667f9c239.flv	(2, 12)(3, 13)(5, 15)(6, 16)(7, 17)(8, 18)(9, 19)(13, 24)(14, 25)(24, 30)(25, 31)(31, 35)(37, 38)(39, 39)(41, 40)(42, 41)(43, 42)(44, 43)(52, 46)(57, 50)
6fe097a963673b26c62f6ff6d6151d383c194b9d.flv,a8ede4918fb583e92125f6ead7e7cdf6f331084d.flv	(0, 7)(1, 8)(2, 11)(4, 12)(5, 13)(6, 14)(7, 15)(8, 16)(9, 17)(10, 18)(12, 20)(13, 23)(16, 25)(17, 26)(18, 28)(20, 29)(26, 36)(30, 43)(31, 44)
6fe097a963673b26c62f6ff6d6151d383c194b9d.flv,b053607f9eae018c3916d3fdb0ccb1dc49777456.flv	(7, 4)(24, 8)(30, 11)
6fe097a963673b26c62f6ff6d6151d383c194b9d.flv,c1025681a6dfd43843735c07e9ec8ac2f08d80fc.flv	(4, 5)(5, 6)(6, 7)(7, 8)
6fe097a963673b26c62f6ff6d6151d383c194b9d.flv,c1025681a6dfd43843735c07e9ec8ac2f08d80fc.flv	(20, 11)
6fe097a963673b26c62f6ff6d6151d383c194b9d.flv,ccc879ecfb35a1a77667dd8357b71a930c19092c.flv	(10, 0)(12, 2)(24, 7)(25, 8)(38, 13)(39, 14)(41, 15)(42, 16)(43, 17)(45, 19)(47, 20)(52, 22)(57, 26)
6fe097a963673b26c62f6ff6d6151d383c194b9d.flv,ee417a6b882853ffcd3f78b380b0205a9411f4d6.flv	(0, 0)(1, 1)(2, 3)(3, 4)(5, 7)(6, 9)(7, 10)(8, 11)(9, 12)(10, 13)(11, 14)(12, 15)(13, 17)(14, 18)(15, 19)(16, 20)(17, 21)(18, 22)(19, 23)(20, 24)(21, 25)(23, 26)(25, 29)(26, 30)(28, 31)(30, 33)(31, 34)(33, 35)(35, 36)(37, 38)(38, 39)(39, 40)(43, 43)(44, 44)(47, 46)(48, 48)(49, 49)(50, 50)(52, 52)(54, 54)(58, 58)
6fe097a963673b26c62f6ff6d6151d383c194b9d.flv,ffe9ad0e2519d04939e04ea128ee565fc3395e5b.flv	(20, 0)(21, 1)(25, 4)(26, 6)(28, 7)(31, 9)(33, 11)(37, 12)(39, 13)(40, 14)(41, 15)(43, 17)(44, 18)(47, 20)(48, 21)(50, 22)(52, 23)(54, 25)(57, 28)
7fdf8f5e4fb91b1af5b016242ad70fd0d74abb42.flv,7fdf8f5e4fb91b1af5b016242ad70fd0d74abb42.flv	(0, 0)(1, 1)(2, 2)(3, 3)(4, 4)(5, 5)(6, 6)(7, 7)(8, 8)(9, 9)(10, 10)(11, 11)(12, 12)(13, 13)(14, 14)(15, 15)(16, 16)(17, 17)(18, 18)(19, 19)(20, 20)(21, 21)(22, 22)(23, 23)(24, 24)(25, 25)(26, 26)(27, 27)(28, 28)(29, 29)(30, 30)(31, 31)(32, 32)(33, 33)(34, 34)(35, 35)(36, 36)(37, 37)(38, 38)(39, 39)(40, 40)(41, 41)(42, 42)(43, 43)(44, 44)(45, 45)(46, 46)(47, 47)(48, 48)(49, 49)(50, 50)(51, 51)(52, 52)(53, 53)(54, 54)
7fdf8f5e4fb91b1af5b016242ad70fd0d74abb42.flv,868f1ff130f7a0215de9abfacca746f96c4cd85d.flv	(40, 1)(41, 2)(43, 8)(45, 11)(49, 14)(50, 16)
7fdf8f5e4fb91b1af5b016242ad70fd0d74abb42.flv,8e4dcdacc0266b4836101656bcd0fd7721918e40.flv	(24, 4)(25, 5)(29, 13)(32, 17)(33, 19)(34, 21)(37, 25)(40, 27)(41, 29)(42, 34)
7fdf8f5e4fb91b1af5b016242ad70fd0d74abb42.flv,911169b1e685d943c7854a1c0ecdf9cef1250bec.mp4	(1, 0)(2, 2)(3, 3)(4, 6)(5, 8)
7fdf8f5e4fb91b1af5b016242ad70fd0d74abb42.flv,911169b1e685d943c7854a1c0ecdf9cef1250bec.mp4	(43, 21)(47, 25)
7fdf8f5e4fb91b1af5b016242ad70fd0d74abb42.flv,9185e2ba429ae15c5e2a2d0f624dee890e03d0f0.flv	(28, 5)(29, 6)(31, 9)(32, 10)(34, 12)(35, 13)(36, 15)(37, 16)(39, 18)(40, 20)(41, 24)(45, 38)(47, 42)(50, 49)(51, 50)
7fdf8f5e4fb91b1af5b016242ad70fd0d74abb42.flv,97f5900df59435bc1230615987e24858e9a37f67.flv	(39, 0)(40, 2)(42, 8)(45, 17)(47, 21)(50, 26)(51, 27)(52, 28)
7fdf8f5e4fb91b1af5b016242ad70fd0d74abb42.flv,9b15a52652373497a10b8915b8cc025967962b72.flv	(39, 3)(40, 5)(45, 25)(47, 29)(50, 36)(52, 37)
7fdf8f5e4fb91b1af5b016242ad70fd0d74abb42.flv,9c5fde27983574ca7840da09d40c40bd20820957.flv	(46, 0)(47, 2)
7fdf8f5e4fb91b1af5b016242ad70fd0d74abb42.flv,9f7862bcee961fdec039a3f287ad7c8351cfbed9.flv	(21, 1)(24, 4)(27, 7)(28, 8)(32, 11)(34, 13)(35, 14)(47, 26)
7fdf8f5e4fb91b1af5b016242ad70fd0d74abb42.flv,a0fc0a97772388012c3d2062b36086d2cfb2bc82.flv	(27, 1)(33, 3)(34, 4)(40, 6)(43, 12)(45, 13)(46, 14)(50, 18)(53, 20)
7fdf8f5e4fb91b1af5b016242ad70fd0d74abb42.flv,a0fc0a97772388012c3d2062b36086d2cfb2bc82.flv	(28, 5)(29, 6)(31, 9)(32, 10)(34, 12)(35, 13)(36, 15)(37, 16)(39, 18)(40, 20)(41, 24)(45, 38)(47, 42)(50, 49)(51, 50)
7fdf8f5e4fb91b1af5b016242ad70fd0d74abb42.flv,a15a43f0cf9ce7eab781706a82ee0027d53aae4f.flv	(24, 1)(25, 2)(29, 9)(30, 11)(32, 13)(37, 21)(40, 23)(45, 39)(46, 40)
7fdf8f5e4fb91b1af5b016242ad70fd0d74abb42.flv,a89a3193db3354c059dfe4effac05c4667f9c239.flv	(13, 0)(15, 4)(16, 5)(17, 6)(18, 7)(20, 9)(21, 10)(24, 13)(26, 15)(28, 19)(30, 22)(31, 23)(32, 24)(33, 25)(34, 26)(35, 27)(40, 29)(41, 30)(42, 33)(45, 39)(46, 40)(47, 42)(49, 44)
7fdf8f5e4fb91b1af5b016242ad70fd0d74abb42.flv,a8ede4918fb583e92125f6ead7e7cdf6f331084d.flv	(22, 5)(23, 6)(24, 7)(25, 8)(26, 9)(27, 12)(28, 13)(29, 14)(30, 15)(34, 20)(45, 45)
7fdf8f5e4fb91b1af5b016242ad70fd0d74abb42.flv,b053607f9eae018c3916d3fdb0ccb1dc49777456.flv	(41, 5)(46, 13)
7fdf8f5e4fb91b1af5b016242ad70fd0d74abb42.flv,c1025681a6dfd43843735c07e9ec8ac2f08d80fc.flv	(0, 1)
7fdf8f5e4fb91b1af5b016242ad70fd0d74abb42.flv,c1025681a6dfd43843735c07e9ec8ac2f08d80fc.flv	(42, 8)(49, 12)
7fdf8f5e4fb91b1af5b016242ad70fd0d74abb42.flv,c1025681a6dfd43843735c07e9ec8ac2f08d80fc.flv	(42, 7)(43, 8)
7fdf8f5e4fb91b1af5b016242ad70fd0d74abb42.flv,ccc879ecfb35a1a77667dd8357b71a930c19092c.flv	(53, 7)
7fdf8f5e4fb91b1af5b016242ad70fd0d74abb42.flv,ee417a6b882853ffcd3f78b380b0205a9411f4d6.flv	(28, 7)(29, 9)(31, 12)(32, 13)(34, 15)(35, 17)(36, 19)(37, 20)(39, 22)(40, 24)(44, 37)(45, 39)(46, 40)(47, 42)(48, 43)
7fdf8f5e4fb91b1af5b016242ad70fd0d74abb42.flv,ffe9ad0e2519d04939e04ea128ee565fc3395e5b.flv	(40, 0)(41, 2)(45, 12)(50, 21)(51, 22)
868f1ff130f7a0215de9abfacca746f96c4cd85d.flv,868f1ff130f7a0215de9abfacca746f96c4cd85d.flv	(0, 0)(1, 1)(2, 2)(3, 3)(4, 4)(5, 5)(6, 6)(7, 7)(8, 8)(9, 9)(10, 10)(11, 11)(12, 12)(13, 13)(14, 14)(15, 15)(16, 16)(17, 17)(18, 18)(19, 19)(20, 20)(21, 21)(22, 22)
868f1ff130f7a0215de9abfacca746f96c4cd85d.flv,8e4dcdacc0266b4836101656bcd0fd7721918e40.flv	(2, 26)(5, 29)(7, 30)(9, 34)(12, 38)(13, 41)(14, 43)(18, 47)(20, 49)
868f1ff130f7a0215de9abfacca746f96c4cd85d.flv,911169b1e685d943c7854a1c0ecdf9cef1250bec.mp4	(2, 14)(5, 16)(6, 17)(9, 21)(10, 22)(14, 26)(17, 28)(20, 30)(22, 31)
868f1ff130f7a0215de9abfacca746f96c4cd85d.flv,9185e2ba429ae15c5e2a2d0f624dee890e03d0f0.flv	(1, 20)(2, 23)(5, 25)(6, 26)(7, 28)(9, 33)(12, 38)(14, 44)(18, 52)(20, 54)(21, 56)
868f1ff130f7a0215de9abfacca746f96c4cd85d.flv,97f5900df59435bc1230615987e24858e9a37f67.flv	(2, 4)(5, 8)(7, 10)(8, 11)(9, 14)(10, 15)(11, 17)(16, 26)(21, 35)
868f1ff130f7a0215de9abfacca746f96c4cd85d.flv,9b15a52652373497a10b8915b8cc025967962b72.flv	(0, 4)(1, 5)(2, 8)(5, 11)(6, 12)(7, 14)(9, 20)(10, 24)(16, 35)(17, 36)(21, 44)
868f1ff130f7a0215de9abfacca746f96c4cd85d.flv,9c5fde27983574ca7840da09d40c40bd20820957.flv	(11, 1)(12, 2)
868f1ff130f7a0215de9abfacca746f96c4cd85d.flv,9f7862bcee961fdec039a3f287ad7c8351cfbed9.flv	(1, 14)(7, 19)(8, 20)(9, 23)(13, 25)(14, 27)(16, 29)(17, 30)(18, 31)(20, 33)
868f1ff130f7a0215de9abfacca746f96c4cd85d.flv,a0fc0a97772388012c3d2062b36086d2cfb2bc82.flv	(1, 20)(2, 23)(5, 25)(7, 28)(10, 37)(16, 48)(21, 57)
868f1ff130f7a0215de9abfacca746f96c4cd85d.flv,a15a43f0cf9ce7eab781706a82ee0027d53aae4f.flv	(2, 23)(4, 26)(5, 27)(6, 28)(7, 30)(8, 31)(10, 37)(11, 38)(12, 39)(16, 48)(18, 52)(21, 56)
868f1ff130f7a0215de9abfacca746f96c4cd85d.flv,a86c9e954e46fae7936a0e70a2ecc1914a2f43e1.flv	(0, 22)(1, 23)(5, 29)(7, 31)(9, 35)(10, 38)(14, 46)(15, 48)(16, 50)(17, 51)(18, 53)(20, 56)(21, 59)
868f1ff130f7a0215de9abfacca746f96c4cd85d.flv,a89a3193db3354c059dfe4effac05c4667f9c239.flv	(1, 26)(2, 28)(4, 29)(5, 30)(6, 31)(8, 33)(9, 35)(10, 37)(12, 38)(20, 49)(21, 50)
868f1ff130f7a0215de9abfacca746f96c4cd85d.flv,a8ede4918fb583e92125f6ead7e7cdf6f331084d.flv	(1, 29)(2, 32)(6, 36)(7, 37)(9, 45)
868f1ff130f7a0215de9abfacca746f96c4cd85d.flv,b053607f9eae018c3916d3fdb0ccb1dc49777456.flv	(2, 5)(4, 6)(8, 9)(17, 14)
868f1ff130f7a0215de9abfacca746f96c4cd85d.flv,c1025681a6dfd43843735c07e9ec8ac2f08d80fc.flv	(0, 11)(1, 11)
868f1ff130f7a0215de9abfacca746f96c4cd85d.flv,c1025681a6dfd43843735c07e9ec8ac2f08d80fc.flv	(17, 11)
868f1ff130f7a0215de9abfacca746f96c4cd85d.flv,ccc879ecfb35a1a77667dd8357b71a930c19092c.flv	(1, 4)(2, 5)(3, 6)(4, 7)(6, 8)(8, 9)(9, 11)(15, 20)(17, 21)(18, 22)(19, 23)(20, 24)(21, 26)
868f1ff130f7a0215de9abfacca746f96c4cd85d.flv,ee417a6b882853ffcd3f78b380b0205a9411f4d6.flv	(4, 12)(6, 15)(11, 27)(13, 29)(14, 30)(21, 34)
868f1ff130f7a0215de9abfacca746f96c4cd85d.flv,ffe9ad0e2519d04939e04ea128ee565fc3395e5b.flv	(1, 0)(2, 2)(6, 6)(9, 11)(12, 13)(16, 21)(18, 25)(21, 28)
8e4dcdacc0266b4836101656bcd0fd7721918e40.flv,8e4dcdacc0266b4836101656bcd0fd7721918e40.flv	(0, 0)(1, 1)(2, 2)(3, 3)(4, 4)(5, 5)(6, 6)(7, 7)(8, 8)(9, 9)(10, 10)(11, 11)(12, 12)(13, 13)(14, 14)(15, 15)(16, 16)(17, 17)(18, 18)(19, 19)(20, 20)(21, 21)(22, 22)(23, 23)(24, 24)(25, 25)(26, 26)(27, 27)(28, 28)(29, 29)(30, 30)(31, 31)(32, 32)(33, 33)(34, 34)(35, 35)(36, 36)(37, 37)(38, 38)(39, 39)(40, 40)(41, 41)(42, 42)(43, 43)(44, 44)(45, 45)(46, 46)(47, 47)(48, 48)(49, 49)
8e4dcdacc0266b4836101656bcd0fd7721918e40.flv,911169b1e685d943c7854a1c0ecdf9cef1250bec.mp4	(24, 13)(26, 14)(27, 15)(31, 18)(33, 20)(34, 21)(41, 25)(43, 26)(44, 27)
8e4dcdacc0266b4836101656bcd0fd7721918e40.flv,9185e2ba429ae15c5e2a2d0f624dee890e03d0f0.flv	(5, 0)(6, 1)(8, 2)(10, 5)(11, 6)(12, 7)(13, 8)(14, 9)(15, 10)(16, 11)(17, 12)(19, 13)(20, 15)(21, 16)(22, 17)(23, 18)(24, 20)(25, 21)(26, 23)(27, 24)(30, 28)(31, 29)(33, 30)(36, 37)(38, 38)(39, 39)(40, 40)(42, 43)(43, 44)(45, 48)(46, 50)(47, 52)(49, 53)
8e4dcdacc0266b4836101656bcd0fd7721918e40.flv,97f5900df59435bc1230615987e24858e9a37f67.flv	(23, 0)(24, 2)(25, 3)(26, 4)(27, 6)(29, 8)(30, 10)(33, 11)(36, 15)(38, 17)(39, 18)(41, 20)(43, 22)(45, 26)(46, 27)(47, 29)(49, 30)
8e4dcdacc0266b4836101656bcd0fd7721918e40.flv,9b15a52652373497a10b8915b8cc025967962b72.flv	(21, 0)(22, 1)(23, 3)(24, 5)(25, 6)(26, 8)(27, 9)(30, 14)(31, 15)(33, 16)(35, 23)(36, 24)(38, 25)(39, 26)(40, 27)(41, 28)(42, 30)(43, 31)(46, 36)(47, 38)(48, 39)(49, 40)
8e4dcdacc0266b4836101656bcd0fd7721918e40.flv,9c5fde27983574ca7840da09d40c40bd20820957.flv	(38, 1)(39, 2)
8e4dcdacc0266b4836101656bcd0fd7721918e40.flv,9f7862bcee961fdec039a3f287ad7c8351cfbed9.flv	(24, 14)(29, 17)(30, 19)(36, 24)(42, 26)(43, 27)(46, 30)(47, 31)
8e4dcdacc0266b4836101656bcd0fd7721918e40.flv,a0fc0a97772388012c3d2062b36086d2cfb2bc82.flv	(30, 28)(31, 29)(33, 30)(35, 36)(36, 37)(38, 38)(39, 39)(40, 40)(41, 42)(42, 43)(43, 44)(45, 48)(46, 50)(47, 52)(49, 53)
8e4dcdacc0266b4836101656bcd0fd7721918e40.flv,a15a43f0cf9ce7eab781706a82ee0027d53aae4f.flv	(24, 20)(25, 21)(28, 26)(29, 27)(30, 30)(33, 31)(36, 37)(38, 38)(39, 39)(41, 40)(43, 43)(45, 48)(46, 49)(47, 51)(49, 52)
8e4dcdacc0266b4836101656bcd0fd7721918e40.flv,a86c9e954e46fae7936a0e70a2ecc1914a2f43e1.flv	(5, 0)(6, 1)(7, 2)(8, 3)(9, 5)(10, 6)(11, 8)(12, 9)(13, 10)(14, 12)(15, 13)(17, 15)(20, 18)(21, 19)(22, 20)(23, 21)(24, 23)(25, 24)(26, 26)(27, 27)(29, 29)(30, 31)(31, 32)(33, 33)(38, 40)(39, 42)(43, 46)(45, 50)(46, 51)(47, 53)(48, 54)(49, 55)
8e4dcdacc0266b4836101656bcd0fd7721918e40.flv,a89a3193db3354c059dfe4effac05c4667f9c239.flv	(0, 6)(2, 7)(8, 11)(9, 12)(11, 15)(12, 16)(19, 24)(20, 25)(21, 26)(27, 30)(34, 35)(40, 40)(42, 43)(46, 46)(49, 49)
8e4dcdacc0266b4836101656bcd0fd7721918e40.flv,a8ede4918fb583e92125f6ead7e7cdf6f331084d.flv	(0, 1)(3, 5)(4, 6)(5, 7)(6, 8)(7, 9)(8, 11)(9, 12)(10, 13)(11, 14)(12, 15)(13, 16)(14, 17)(15, 18)(17, 20)(19, 23)(21, 25)(22, 26)(24, 29)(25, 30)(27, 32)(28, 34)(31, 40)(33, 43)
8e4dcdacc0266b4836101656bcd0fd7721918e40.flv,b053607f9eae018c3916d3fdb0ccb1dc49777456.flv	(0, 0)
8e4dcdacc0266b4836101656bcd0fd7721918e40.flv,b053607f9eae018c3916d3fdb0ccb1dc49777456.flv	(23, 3)(24, 4)(29, 7)
8e4dcdacc0266b4836101656bcd0fd7721918e40.flv,c1025681a6dfd43843735c07e9ec8ac2f08d80fc.flv	(9, 5)(10, 6)(11, 7)(12, 8)
8e4dcdacc0266b4836101656bcd0fd7721918e40.flv,c1025681a6dfd43843735c07e9ec8ac2f08d80fc.flv	(24, 11)
8e4dcdacc0266b4836101656bcd0fd7721918e40.flv,c1025681a6dfd43843735c07e9ec8ac2f08d80fc.flv	(45, 11)
8e4dcdacc0266b4836101656bcd0fd7721918e40.flv,ccc879ecfb35a1a77667dd8357b71a930c19092c.flv	(15, 0)(17, 2)(18, 3)(19, 4)(25, 6)(41, 17)(42, 18)(45, 21)(46, 22)
8e4dcdacc0266b4836101656bcd0fd7721918e40.flv,ee417a6b882853ffcd3f78b380b0205a9411f4d6.flv	(5, 0)(6, 1)(7, 2)(8, 3)(9, 4)(10, 7)(11, 9)(12, 10)(13, 11)(14, 12)(15, 13)(16, 14)(17, 15)(18, 16)(19, 17)(20, 19)(21, 20)(22, 21)(23, 22)(24, 24)(25, 25)(26, 26)(27, 27)(33, 33)(36, 37)(38, 39)(39, 40)(41, 42)(42, 43)(43, 44)(44, 46)(46, 50)(47, 52)(49, 53)
8e4dcdacc0266b4836101656bcd0fd7721918e40.flv,ffe9ad0e2519d04939e04ea128ee565fc3395e5b.flv	(24, 0)(25, 1)(30, 7)(33, 8)(38, 12)(39, 13)(41, 15)(42, 17)(43, 18)(45, 21)(46, 22)(47, 23)(49, 24)
911169b1e685d943c7854a1c0ecdf9cef1250bec.mp4,911169b1e685d943c7854a1c0ecdf9cef1250bec.mp4	(0, 0)(1, 1)(2, 2)(3, 3)(4, 4)(5, 5)(6, 6)(7, 7)(8, 8)(9, 9)(10, 10)(11, 11)(12, 12)(13, 13)(14, 14)(15, 15)(16, 16)(17, 17)(18, 18)(19, 19)(20, 20)(21, 21)(22, 22)(23, 23)(24, 24)(25, 25)(26, 26)(27, 27)(28, 28)(29, 29)(30, 30)(31, 31)
911169b1e685d943c7854a1c0ecdf9cef1250bec.mp4,9185e2ba429ae15c5e2a2d0f624dee890e03d0f0.flv	(10, 0)
911169b1e685d943c7854a1c0ecdf9cef1250bec.mp4,9185e2ba429ae15c5e2a2d0f624dee890e03d0f0.flv	(12, 1)(13, 2)
911169b1e685d943c7854a1c0ecdf9cef1250bec.mp4,9185e2ba429ae15c5e2a2d0f624dee890e03d0f0.flv	(14, 23)(15, 24)(16, 25)(18, 29)(20, 30)(22, 37)(24, 41)(25, 42)(26, 44)(27, 47)(30, 54)
911169b1e685d943c7854a1c0ecdf9cef1250bec.mp4,97f5900df59435bc1230615987e24858e9a37f67.flv	(14, 2)
911169b1e685d943c7854a1c0ecdf9cef1250bec.mp4,97f5900df59435bc1230615987e24858e9a37f67.flv	(15, 4)
911169b1e685d943c7854a1c0ecdf9cef1250bec.mp4,97f5900df59435bc1230615987e24858e9a37f67.flv	(16, 6)
911169b1e685d943c7854a1c0ecdf9cef1250bec.mp4,97f5900df59435bc1230615987e24858e9a37f67.flv	(17, 17)
911169b1e685d943c7854a1c0ecdf9cef1250bec.mp4,97f5900df59435bc1230615987e24858e9a37f67.flv	(18, 18)(21, 21)(22, 22)(23, 25)(26, 27)(27, 29)(28, 31)(31, 35)
911169b1e685d943c7854a1c0ecdf9cef1250bec.mp4,9b15a52652373497a10b8915b8cc025967962b72.flv	(14, 5)
911169b1e685d943c7854a1c0ecdf9cef1250bec.mp4,9b15a52652373497a10b8915b8cc025967962b72.flv	(14, 7)(14, 8)
911169b1e685d943c7854a1c0ecdf9cef1250bec.mp4,9b15a52652373497a10b8915b8cc025967962b72.flv	(14, 8)(16, 11)(18, 15)(20, 16)(24, 28)(25, 29)(26, 31)(27, 34)(30, 40)
911169b1e685d943c7854a1c0ecdf9cef1250bec.mp4,9c5fde27983574ca7840da09d40c40bd20820957.flv	
911169b1e685d943c7854a1c0ecdf9cef1250bec.mp4,9f7862bcee961fdec039a3f287ad7c8351cfbed9.flv	(10, 5)
911169b1e685d943c7854a1c0ecdf9cef1250bec.mp4,9f7862bcee961fdec039a3f287ad7c8351cfbed9.flv	(10, 4)(11, 4)
911169b1e685d943c7854a1c0ecdf9cef1250bec.mp4,9f7862bcee961fdec039a3f287ad7c8351cfbed9.flv	(16, 16)(22, 24)(28, 30)(31, 34)
911169b1e685d943c7854a1c0ecdf9cef1250bec.mp4,9f7862bcee961fdec039a3f287ad7c8351cfbed9.flv	(16, 16)(30, 31)(31, 33)
911169b1e685d943c7854a1c0ecdf9cef1250bec.mp4,a0fc0a97772388012c3d2062b36086d2cfb2bc82.flv	(10, 0)
911169b1e685d943c7854a1c0ecdf9cef1250bec.mp4,a0fc0a97772388012c3d2062b36086d2cfb2bc82.flv	(13, 20)(14, 23)(15, 24)(16, 25)(18, 29)(20, 30)(22, 37)(24, 41)(25, 42)(26, 44)(27, 47)(30, 54)
911169b1e685d943c7854a1c0ecdf9cef1250bec.mp4,a15a43f0cf9ce7eab781706a82ee0027d53aae4f.flv	(10, 2)
911169b1e685d943c7854a1c0ecdf9cef1250bec.mp4,a15a43f0cf9ce7eab781706a82ee0027d53aae4f.flv	(12, 3)(13, 4)
911169b1e685d943c7854a1c0ecdf9cef1250bec.mp4,a15a43f0cf9ce7eab781706a82ee0027d53aae4f.flv	(13, 20)(22, 37)(24, 40)(25, 42)(26, 43)(27, 46)(31, 56)
911169b1e685d943c7854a1c0ecdf9cef1250bec.mp4,a86c9e954e46fae7936a0e70a2ecc1914a2f43e1.flv	(10, 0)(10, 1)
911169b1e685d943c7854a1c0ecdf9cef1250bec.mp4,a86c9e954e46fae7936a0e70a2ecc1914a2f43e1.flv	(12, 1)(13, 2)
911169b1e685d943c7854a1c0ecdf9cef1250bec.mp4,a86c9e954e46fae7936a0e70a2ecc1914a2f43e1.flv	(13, 23)(15, 27)(16, 29)(24, 43)(25, 45)(26, 46)(27, 48)(30, 56)
911169b1e685d943c7854a1c0ecdf9cef1250bec.mp4,a89a3193db3354c059dfe4effac05c4667f9c239.flv	(12, 11)(13, 12)
911169b1e685d943c7854a1c0ecdf9cef1250bec.mp4,a89a3193db3354c059dfe4effac05c4667f9c239.flv	(14, 27)(15, 28)(16, 30)(20, 33)(21, 35)(23, 38)(24, 39)(26, 42)(28, 44)(31, 50)
911169b1e685d943c7854a1c0ecdf9cef1250bec.mp4,a8ede4918fb583e92125f6ead7e7cdf6f331084d.flv	(14, 29)
911169b1e685d943c7854a1c0ecdf9cef1250bec.mp4,a8ede4918fb583e92125f6ead7e7cdf6f331084d.flv	(14, 32)
911169b1e685d943c7854a1c0ecdf9cef1250bec.mp4,b053607f9eae018c3916d3fdb0ccb1dc49777456.flv	(14, 5)(16, 6)
911169b1e685d943c7854a1c0ecdf9cef1250bec.mp4,b053607f9eae018c3916d3fdb0ccb1dc49777456.flv	(26, 14)
911169b1e685d943c7854a1c0ecdf9cef1250bec.mp4,c1025681a6dfd43843735c07e9ec8ac2f08d80fc.flv	(1, 3)(2, 4)
911169b1e685d943c7854a1c0ecdf9cef1250bec.mp4,c1025681a6dfd43843735c07e9ec8ac2f08d80fc.flv	(6, 4)
911169b1e685d943c7854a1c0ecdf9cef1250bec.mp4,c1025681a6dfd43843735c07e9ec8ac2f08d80fc.flv	(9, 4)
911169b1e685d943c7854a1c0ecdf9cef1250bec.mp4,c1025681a6dfd43843735c07e9ec8ac2f08d80fc.flv	(13, 11)(14, 11)
911169b1e685d943c7854a1c0ecdf9cef1250bec.mp4,c1025681a6dfd43843735c07e9ec8ac2f08d80fc.flv	(27, 11)(28, 11)
911169b1e685d943c7854a1c0ecdf9cef1250bec.mp4,c1025681a6dfd43843735c07e9ec8ac2f08d80fc.flv	(29, 12)(30, 13)
911169b1e685d943c7854a1c0ecdf9cef1250bec.mp4,ccc879ecfb35a1a77667dd8357b71a930c19092c.flv	(14, 5)(15, 6)(16, 7)(17, 8)(24, 14)(26, 17)(28, 21)(30, 24)(31, 26)
911169b1e685d943c7854a1c0ecdf9cef1250bec.mp4,ee417a6b882853ffcd3f78b380b0205a9411f4d6.flv	(10, 0)
911169b1e685d943c7854a1c0ecdf9cef1250bec.mp4,ee417a6b882853ffcd3f78b380b0205a9411f4d6.flv	(12, 1)(13, 2)
911169b1e685d943c7854a1c0ecdf9cef1250bec.mp4,ee417a6b882853ffcd3f78b380b0205a9411f4d6.flv	(13, 24)(15, 27)(16, 29)(17, 30)(22, 37)(26, 44)(27, 46)(30, 54)
911169b1e685d943c7854a1c0ecdf9cef1250bec.mp4,ffe9ad0e2519d04939e04ea128ee565fc3395e5b.flv	(16, 4)(17, 6)(21, 11)(24, 15)(26, 18)(27, 20)(30, 25)(31, 28)
9185e2ba429ae15c5e2a2d0f624dee890e03d0f0.flv,9185e2ba429ae15c5e2a2d0f624dee890e03d0f0.flv	(0, 0)(1, 1)(2, 2)(3, 3)(4, 4)(5, 5)(6, 6)(7, 7)(8, 8)(9, 9)(10, 10)(11, 11)(12, 12)(13, 13)(14, 14)(15, 15)(16, 16)(17, 17)(18, 18)(19, 19)(20, 20)(21, 21)(22, 22)(23, 23)(24, 24)(25, 25)(26, 26)(27, 27)(28, 28)(29, 29)(30, 30)(31, 31)(32, 32)(33, 33)(34, 34)(35, 35)(36, 36)(37, 37)(38, 38)(39, 39)(40, 40)(41, 41)(42, 42)(43, 43)(44, 44)(45, 45)(46, 46)(47, 47)(48, 48)(49, 49)(50, 50)(51, 51)(52, 52)(53, 53)(54, 54)(55, 55)(56, 56)(57, 57)(58, 58)
9185e2ba429ae15c5e2a2d0f624dee890e03d0f0.flv,97f5900df59435bc1230615987e24858e9a37f67.flv	(18, 0)(19, 1)(20, 2)(21, 3)(23, 4)(24, 6)(25, 8)(27, 9)(28, 10)(31, 12)(33, 14)(37, 15)(38, 17)(39, 18)(40, 19)(41, 20)(42, 21)(44, 22)(47, 25)(48, 26)(50, 27)(52, 29)(54, 31)(55, 33)(57, 35)
9185e2ba429ae15c5e2a2d0f624dee890e03d0f0.flv,9b15a52652373497a10b8915b8cc025967962b72.flv	(16, 0)(18, 3)(19, 4)(20, 5)(21, 6)(22, 7)(23, 8)(24, 9)(25, 11)(26, 12)(28, 14)(29, 15)(30, 16)(31, 17)(32, 19)(33, 20)(35, 22)(37, 24)(38, 25)(39, 26)(40, 27)(41, 28)(42, 29)(43, 30)(44, 31)(45, 32)(46, 33)(47, 34)(48, 35)(49, 36)(51, 37)(52, 38)(54, 40)(55, 41)(56, 42)(58, 44)
9185e2ba429ae15c5e2a2d0f624dee890e03d0f0.flv,9c5fde27983574ca7840da09d40c40bd20820957.flv	(38, 1)(39, 2)
9185e2ba429ae15c5e2a2d0f624dee890e03d0f0.flv,9f7862bcee961fdec039a3f287ad7c8351cfbed9.flv	(0, 5)(1, 6)(2, 7)
9185e2ba429ae15c5e2a2d0f624dee890e03d0f0.flv,9f7862bcee961fdec039a3f287ad7c8351cfbed9.flv	(7, 8)(9, 9)(16, 13)(20, 14)
9185e2ba429ae15c5e2a2d0f624dee890e03d0f0.flv,9f7862bcee961fdec039a3f287ad7c8351cfbed9.flv	(22, 15)(23, 15)
9185e2ba429ae15c5e2a2d0f624dee890e03d0f0.flv,9f7862bcee961fdec039a3f287ad7c8351cfbed9.flv	(23, 15)(25, 16)(26, 17)(28, 18)(29, 19)(31, 20)(37, 24)(44, 26)(47, 27)(49, 29)(57, 34)
9185e2ba429ae15c5e2a2d0f624dee890e03d0f0.flv,a0fc0a97772388012c3d2062b36086d2cfb2bc82.flv	(0, 0)(1, 1)(2, 2)(3, 3)(4, 4)(5, 5)(6, 6)(7, 7)(8, 8)(9, 9)(10, 10)(11, 11)(12, 12)(13, 13)(14, 14)(15, 15)(16, 16)(17, 17)(18, 18)(19, 19)(20, 20)(21, 21)(22, 22)(23, 23)(24, 24)(25, 25)(26, 26)(27, 27)(28, 28)(29, 29)(30, 30)(31, 31)(32, 32)(33, 33)(34, 34)(35, 35)(36, 36)(37, 37)(38, 38)(39, 39)(40, 40)(41, 41)(42, 42)(43, 43)(44, 44)(45, 45)(46, 46)(47, 47)(48, 48)(49, 49)(50, 50)(51, 51)(52, 52)(53, 53)(54, 54)(55, 55)(56, 56)(57, 57)(58, 58)
9185e2ba429ae15c5e2a2d0f624dee890e03d0f0.flv,a15a43f0cf9ce7eab781706a82ee0027d53aae4f.flv	(0, 2)(1, 3)(2, 4)(4, 6)(5, 8)(6, 9)(7, 10)(8, 11)(11, 15)(12, 16)(23, 25)(24, 27)(30, 32)(31, 34)(37, 38)(38, 39)(39, 40)(41, 42)(43, 43)(48, 48)(49, 49)(55, 54)(56, 55)(57, 56)
9185e2ba429ae15c5e2a2d0f624dee890e03d0f0.flv,a86c9e954e46fae7936a0e70a2ecc1914a2f43e1.flv	(0, 0)(1, 1)(2, 3)(3, 4)(4, 5)(5, 6)(6, 8)(7, 9)(8, 10)(9, 12)(10, 13)(11, 14)(12, 15)(13, 16)(14, 17)(15, 18)(16, 19)(18, 21)(20, 23)(21, 24)(22, 25)(23, 26)(24, 27)(25, 29)(27, 30)(28, 31)(30, 33)(31, 34)(33, 35)(35, 37)(37, 39)(38, 40)(39, 42)(41, 43)(43, 45)(44, 46)(47, 48)(48, 50)(50, 51)(51, 52)(52, 53)(53, 54)(54, 56)(55, 57)(56, 58)(57, 59)(58, 60)
9185e2ba429ae15c5e2a2d0f624dee890e03d0f0.flv,a89a3193db3354c059dfe4effac05c4667f9c239.flv	(2, 12)(3, 13)(5, 15)(6, 16)(7, 17)(8, 18)(9, 19)(13, 24)(14, 25)(24, 30)(25, 31)(31, 35)(37, 38)(39, 39)(41, 40)(42, 41)(43, 42)(44, 43)(52, 46)(57, 50)
9185e2ba429ae15c5e2a2d0f624dee890e03d0f0.flv,a8ede4918fb583e92125f6ead7e7cdf6f331084d.flv	(0, 7)(1, 8)(4, 12)(5, 13)(6, 14)(7, 15)(8, 16)(9, 17)(10, 18)(12, 20)(13, 23)(15, 24)(16, 25)(17, 26)(18, 27)(19, 28)(20, 29)(21, 30)(22, 31)(24, 32)(26, 36)(30, 43)(31, 44)(33, 45)
9185e2ba429ae15c5e2a2d0f624dee890e03d0f0.flv,b053607f9eae018c3916d3fdb0ccb1dc49777456.flv	(18, 3)(19, 4)
9185e2ba429ae15c5e2a2d0f624dee890e03d0f0.flv,c1025681a6dfd43843735c07e9ec8ac2f08d80fc.flv	(4, 5)(5, 6)(6, 7)(7, 8)
9185e2ba429ae15c5e2a2d0f624dee890e03d0f0.flv,c1025681a6dfd43843735c07e9ec8ac2f08d80fc.flv	(19, 11)
9185e2ba429ae15c5e2a2d0f624dee890e03d0f0.flv,c1025681a6dfd43843735c07e9ec8ac2f08d80fc.flv	
9185e2ba429ae15c5e2a2d0f624dee890e03d0f0.flv,c1025681a6dfd43843735c07e9ec8ac2f08d80fc.flv	(49, 11)
9185e2ba429ae15c5e2a2d0f624dee890e03d0f0.flv,c1025681a6dfd43843735c07e9ec8ac2f08d80fc.flv	(52, 11)(53, 12)
9185e2ba429ae15c5e2a2d0f624dee890e03d0f0.flv,ccc879ecfb35a1a77667dd8357b71a930c19092c.flv	(10, 0)(11, 1)(12, 2)
9185e2ba429ae15c5e2a2d0f624dee890e03d0f0.flv,ccc879ecfb35a1a77667dd8357b71a930c19092c.flv	(20, 4)(23, 5)(24, 6)(25, 7)(39, 13)(41, 14)(42, 15)(43, 16)(44, 17)(45, 18)(52, 22)(56, 25)(57, 26)
9185e2ba429ae15c5e2a2d0f624dee890e03d0f0.flv,ee417a6b882853ffcd3f78b380b0205a9411f4d6.flv	(0, 0)(1, 1)(2, 3)(3, 4)(4, 6)(5, 7)(6, 9)(7, 10)(8, 11)(9, 12)(10, 13)(11, 14)(12, 15)(13, 17)(14, 18)(15, 19)(16, 20)(17, 21)(18, 22)(19, 23)(20, 24)(21, 25)(23, 26)(25, 29)(26, 30)(28, 31)(30, 33)(31, 34)(33, 35)(35, 36)(37, 38)(38, 39)(39, 40)(43, 43)(44, 44)(45, 45)(47, 46)(48, 48)(49, 49)(50, 50)(51, 51)(52, 52)(53, 53)(54, 54)(55, 55)(56, 56)(57, 57)(58, 58)
9185e2ba429ae15c5e2a2d0f624dee890e03d0f0.flv,ffe9ad0e2519d04939e04ea128ee565fc3395e5b.flv	(20, 0)(21, 1)(25, 4)(26, 6)(28, 7)(30, 8)(31, 9)(32, 10)(33, 11)(37, 12)(39, 13)(40, 14)(41, 15)(43, 17)(44, 18)(47, 20)(48, 21)(50, 22)(52, 23)(54, 25)(57, 28)
97f5900df59435bc1230615987e24858e9a37f67.flv,97f5900df59435bc1230615987e24858e9a37f67.flv	(0, 0)(1, 1)(2, 2)(3, 3)(4, 4)(5, 5)(6, 6)(7, 7)(8, 8)(9, 9)(10, 10)(11, 11)(12, 12)(13, 13)(14, 14)(15, 15)(16, 16)(17, 17)(18, 18)(19, 19)(20, 20)(21, 21)(22, 22)(23, 23)(24, 24)(25, 25)(26, 26)(27, 27)(28, 28)(29, 29)(30, 30)(31, 31)(32, 32)(33, 33)(34, 34)(35, 35)
97f5900df59435bc1230615987e24858e9a37f67.flv,9b15a52652373497a10b8915b8cc025967962b72.flv	(2, 5)(3, 6)(4, 8)(6, 9)(8, 11)(10, 14)(12, 17)(13, 18)(14, 20)(15, 24)(17, 25)(18, 26)(19, 27)(20, 28)(21, 29)(22, 31)(29, 38)(31, 40)
97f5900df59435bc1230615987e24858e9a37f67.flv,9c5fde27983574ca7840da09d40c40bd20820957.flv	(17, 1)(18, 2)
97f5900df59435bc1230615987e24858e9a37f67.flv,9f7862bcee961fdec039a3f287ad7c8351cfbed9.flv	(4, 15)(14, 23)(22, 26)(25, 27)(26, 29)(29, 30)(35, 34)
97f5900df59435bc1230615987e24858e9a37f67.flv,a0fc0a97772388012c3d2062b36086d2cfb2bc82.flv	(0, 18)(1, 19)(2, 20)(3, 21)(4, 23)(6, 24)(8, 25)(9, 27)(10, 28)(12, 31)(14, 33)(15, 37)(17, 38)(18, 39)(19, 40)(20, 41)(21, 42)(22, 44)(25, 47)(26, 48)(27, 50)(29, 52)(31, 54)(33, 55)(35, 57)
97f5900df59435bc1230615987e24858e9a37f67.flv,a15a43f0cf9ce7eab781706a82ee0027d53aae4f.flv	(0, 18)(1, 19)(2, 20)(3, 21)(4, 23)(7, 25)(8, 27)(9, 29)(10, 30)(11, 31)(12, 32)(13, 33)(14, 34)(15, 37)(17, 38)(18, 39)(20, 40)(21, 42)(22, 43)(23, 44)(24, 45)(25, 46)(26, 48)(27, 49)(28, 50)(29, 51)(31, 52)(35, 56)
97f5900df59435bc1230615987e24858e9a37f67.flv,a86c9e954e46fae7936a0e70a2ecc1914a2f43e1.flv	(2, 23)(3, 24)(4, 26)(6, 27)(7, 28)(8, 29)(10, 31)(11, 33)(12, 34)(14, 35)(15, 38)(17, 40)(18, 42)(20, 43)(26, 50)(27, 51)(35, 59)
97f5900df59435bc1230615987e24858e9a37f67.flv,a89a3193db3354c059dfe4effac05c4667f9c239.flv	(0, 16)(1, 17)
97f5900df59435bc1230615987e24858e9a37f67.flv,a89a3193db3354c059dfe4effac05c4667f9c239.flv	(2, 26)
97f5900df59435bc1230615987e24858e9a37f67.flv,a89a3193db3354c059dfe4effac05c4667f9c239.flv	(4, 27)(6, 28)(8, 30)(13, 34)(14, 35)(20, 39)(21, 40)
97f5900df59435bc1230615987e24858e9a37f67.flv,a8ede4918fb583e92125f6ead7e7cdf6f331084d.flv	(0, 28)(2, 29)(3, 30)
97f5900df59435bc1230615987e24858e9a37f67.flv,a8ede4918fb583e92125f6ead7e7cdf6f331084d.flv	(12, 44)(14, 45)
97f5900df59435bc1230615987e24858e9a37f67.flv,b053607f9eae018c3916d3fdb0ccb1dc49777456.flv	(2, 5)
97f5900df59435bc1230615987e24858e9a37f67.flv,b053607f9eae018c3916d3fdb0ccb1dc49777456.flv	(6, 6)
97f5900df59435bc1230615987e24858e9a37f67.flv,b053607f9eae018c3916d3fdb0ccb1dc49777456.flv	(26, 14)
97f5900df59435bc1230615987e24858e9a37f67.flv,c1025681a6dfd43843735c07e9ec8ac2f08d80fc.flv	(0, 10)
97f5900df59435bc1230615987e24858e9a37f67.flv,c1025681a6dfd43843735c07e9ec8ac2f08d80fc.flv	(26, 11)
97f5900df59435bc1230615987e24858e9a37f67.flv,ccc879ecfb35a1a77667dd8357b71a930c19092c.flv	(2, 4)
97f5900df59435bc1230615987e24858e9a37f67.flv,ccc879ecfb35a1a77667dd8357b71a930c19092c.flv	(4, 4)(4, 5)
97f5900df59435bc1230615987e24858e9a37f67.flv,ccc879ecfb35a1a77667dd8357b71a930c19092c.flv	(4, 5)
97f5900df59435bc1230615987e24858e9a37f67.flv,ccc879ecfb35a1a77667dd8357b71a930c19092c.flv	(6, 5)(7, 6)(8, 7)(20, 14)(21, 15)(34, 25)(35, 26)
97f5900df59435bc1230615987e24858e9a37f67.flv,ee417a6b882853ffcd3f78b380b0205a9411f4d6.flv	(0, 22)(2, 24)(3, 25)(4, 26)(6, 27)(7, 28)(8, 29)(10, 31)(11, 33)(12, 34)(14, 35)(15, 37)(17, 39)(18, 40)(20, 42)(22, 44)(25, 46)(27, 50)(29, 52)(31, 54)(33, 55)(35, 57)
97f5900df59435bc1230615987e24858e9a37f67.flv,ffe9ad0e2519d04939e04ea128ee565fc3395e5b.flv	(2, 0)(7, 3)(8, 4)(10, 7)(11, 8)(12, 9)(13, 10)(14, 11)(18, 13)(19, 14)(20, 15)(22, 18)(24, 19)(25, 20)(26, 21)(27, 22)(29, 23)(30, 24)(31, 25)(34, 27)(35, 28)
9b15a52652373497a10b8915b8cc025967962b72.flv,9b15a52652373497a10b8915b8cc025967962b72.flv	(0, 0)(1, 1)(2, 2)(3, 3)(4, 4)(5, 5)(6, 6)(7, 7)(8, 8)(9, 9)(10, 10)(11, 11)(12, 12)(13, 13)(14, 14)(15, 15)(16, 16)(17, 17)(18, 18)(19, 19)(20, 20)(21, 21)(22, 22)(23, 23)(24, 24)(25, 25)(26, 26)(27, 27)(28, 28)(29, 29)(30, 30)(31, 31)(32, 32)(33, 33)(34, 34)(35, 35)(36, 36)(37, 37)(38, 38)(39, 39)(40, 40)(41, 41)(42, 42)(43, 43)(44, 44)(45, 45)(46, 46)(47, 47)(48, 48)(49, 49)(50, 50)(51, 51)(52, 52)(53, 53)(54, 54)(55, 55)(56, 56)(57, 57)
9b15a52652373497a10b8915b8cc025967962b72.flv,9c5fde27983574ca7840da09d40c40bd20820957.flv	(25, 1)(26, 2)
9b15a52652373497a10b8915b8cc025967962b72.flv,9f7862bcee961fdec039a3f287ad7c8351cfbed9.flv	(4, 13)(5, 14)
9b15a52652373497a10b8915b8cc025967962b72.flv,9f7862bcee961fdec039a3f287ad7c8351cfbed9.flv	(7, 14)(8, 15)
9b15a52652373497a10b8915b8cc025967962b72.flv,9f7862bcee961fdec039a3f287ad7c8351cfbed9.flv	(11, 16)(12, 17)(13, 18)
9b15a52652373497a10b8915b8cc025967962b72.flv,9f7862bcee961fdec039a3f287ad7c8351cfbed9.flv	(14, 18)(15, 19)(19, 21)(24, 24)
9b15a52652373497a10b8915b8cc025967962b72.flv,9f7862bcee961fdec039a3f287ad7c8351cfbed9.flv	(25, 24)(34, 27)(36, 29)
9b15a52652373497a10b8915b8cc025967962b72.flv,a0fc0a97772388012c3d2062b36086d2cfb2bc82.flv	(0, 16)(3, 18)(4, 19)(5, 20)(6, 21)(7, 22)(8, 23)(9, 24)(11, 25)(12, 26)(14, 28)(15, 29)(16, 30)(17, 31)(19, 32)(20, 33)(22, 35)(24, 37)(25, 38)(26, 39)(27, 40)(28, 41)(29, 42)(30, 43)(31, 44)(32, 45)(33, 46)(34, 47)(35, 48)(36, 49)(37, 51)(38, 52)(40, 54)(41, 55)(42, 56)(44, 58)
9b15a52652373497a10b8915b8cc025967962b72.flv,a15a43f0cf9ce7eab781706a82ee0027d53aae4f.flv	(0, 16)(2, 17)(3, 18)(4, 19)(5, 20)(6, 21)(11, 27)(12, 28)(13, 29)(14, 30)(16, 31)(17, 32)(19, 33)(20, 34)(22, 35)(24, 37)(25, 38)(26, 39)(28, 40)(30, 42)(31, 43)(32, 44)(34, 46)(38, 51)(40, 52)(44, 56)
9b15a52652373497a10b8915b8cc025967962b72.flv,a86c9e954e46fae7936a0e70a2ecc1914a2f43e1.flv	(0, 19)(2, 20)(3, 21)(4, 22)(5, 23)(6, 24)(7, 25)(8, 26)(9, 27)(11, 29)(14, 31)(16, 33)(17, 34)(20, 35)(25, 40)(26, 42)(28, 43)(29, 44)(30, 45)(31, 46)(34, 48)(38, 53)(40, 56)(41, 57)(42, 58)(44, 60)
9b15a52652373497a10b8915b8cc025967962b72.flv,a89a3193db3354c059dfe4effac05c4667f9c239.flv	(5, 26)
9b15a52652373497a10b8915b8cc025967962b72.flv,a89a3193db3354c059dfe4effac05c4667f9c239.flv	(7, 26)(8, 27)
9b15a52652373497a10b8915b8cc025967962b72.flv,a89a3193db3354c059dfe4effac05c4667f9c239.flv	(8, 27)(9, 28)(15, 32)(17, 33)(19, 34)(20, 35)(28, 39)(29, 40)(44, 50)
9b15a52652373497a10b8915b8cc025967962b72.flv,a8ede4918fb583e92125f6ead7e7cdf6f331084d.flv	(5, 29)(6, 30)(9, 32)(11, 34)(12, 36)(15, 41)(16, 43)(17, 44)
9b15a52652373497a10b8915b8cc025967962b72.flv,b053607f9eae018c3916d3fdb0ccb1dc49777456.flv	(3, 3)(3, 4)
9b15a52652373497a10b8915b8cc025967962b72.flv,b053607f9eae018c3916d3fdb0ccb1dc49777456.flv	(5, 5)
9b15a52652373497a10b8915b8cc025967962b72.flv,b053607f9eae018c3916d3fdb0ccb1dc49777456.flv	(7, 5)(8, 5)
9b15a52652373497a10b8915b8cc025967962b72.flv,b053607f9eae018c3916d3fdb0ccb1dc49777456.flv	(11, 7)(19, 10)(20, 11)
9b15a52652373497a10b8915b8cc025967962b72.flv,b053607f9eae018c3916d3fdb0ccb1dc49777456.flv	(35, 14)
9b15a52652373497a10b8915b8cc025967962b72.flv,c1025681a6dfd43843735c07e9ec8ac2f08d80fc.flv	(2, 9)(3, 10)
9b15a52652373497a10b8915b8cc025967962b72.flv,c1025681a6dfd43843735c07e9ec8ac2f08d80fc.flv	(6, 13)
9b15a52652373497a10b8915b8cc025967962b72.flv,c1025681a6dfd43843735c07e9ec8ac2f08d80fc.flv	
9b15a52652373497a10b8915b8cc025967962b72.flv,c1025681a6dfd43843735c07e9ec8ac2f08d80fc.flv	(39, 12)(40, 13)
9b15a52652373497a10b8915b8cc025967962b72.flv,ccc879ecfb35a1a77667dd8357b71a930c19092c.flv	(3, 3)(5, 4)
9b15a52652373497a10b8915b8cc025967962b72.flv,ccc879ecfb35a1a77667dd8357b71a930c19092c.flv	(7, 4)(7, 5)
9b15a52652373497a10b8915b8cc025967962b72.flv,ccc879ecfb35a1a77667dd8357b71a930c19092c.flv	(11, 7)(12, 8)
9b15a52652373497a10b8915b8cc025967962b72.flv,ccc879ecfb35a1a77667dd8357b71a930c19092c.flv	(19, 10)(20, 11)(23, 12)
9b15a52652373497a10b8915b8cc025967962b72.flv,ccc879ecfb35a1a77667dd8357b71a930c19092c.flv	(30, 15)(31, 16)(32, 17)(35, 20)(36, 21)
9b15a52652373497a10b8915b8cc025967962b72.flv,ee417a6b882853ffcd3f78b380b0205a9411f4d6.flv	(0, 20)(5, 24)(6, 25)(8, 26)(9, 27)(11, 29)(12, 30)(14, 31)(16, 33)(17, 34)(20, 35)(22, 36)(25, 39)(26, 40)(30, 43)(31, 44)(32, 45)(34, 46)(35, 48)(36, 49)(37, 51)(38, 52)(40, 54)(41, 55)(42, 56)(44, 58)
9b15a52652373497a10b8915b8cc025967962b72.flv,ffe9ad0e2519d04939e04ea128ee565fc3395e5b.flv	(5, 0)(6, 1)(11, 4)(12, 6)(14, 7)(16, 8)(17, 9)(20, 11)(24, 12)(26, 13)(27, 14)(28, 15)(30, 17)(31, 18)(34, 20)(40, 25)(41, 27)
9c5fde27983574ca7840da09d40c40bd20820957.flv,9c5fde27983574ca7840da09d40c40bd20820957.flv	(0, 0)(1, 1)(2, 2)
9c5fde27983574ca7840da09d40c40bd20820957.flv,9f7862bcee961fdec039a3f287ad7c8351cfbed9.flv	(1, 24)(2, 25)
9c5fde27983574ca7840da09d40c40bd20820957.flv,a0fc0a97772388012c3d2062b36086d2cfb2bc82.flv	(1, 38)(2, 39)
9c5fde27983574ca7840da09d40c40bd20820957.flv,a15a43f0cf9ce7eab781706a82ee0027d53aae4f.flv	(1, 38)(2, 39)
9c5fde27983574ca7840da09d40c40bd20820957.flv,a86c9e954e46fae7936a0e70a2ecc1914a2f43e1.flv	(0, 40)(1, 42)(2, 43)
9c5fde27983574ca7840da09d40c40bd20820957.flv,a89a3193db3354c059dfe4effac05c4667f9c239.flv	(0, 37)
9c5fde27983574ca7840da09d40c40bd20820957.flv,ccc879ecfb35a1a77667dd8357b71a930c19092c.flv	
9c5fde27983574ca7840da09d40c40bd20820957.flv,ee417a6b882853ffcd3f78b380b0205a9411f4d6.flv	(1, 39)(2, 40)
9c5fde27983574ca7840da09d40c40bd20820957.flv,ffe9ad0e2519d04939e04ea128ee565fc3395e5b.flv	(1, 12)(2, 13)
9f7862bcee961fdec039a3f287ad7c8351cfbed9.flv,9f7862bcee961fdec039a3f287ad7c8351cfbed9.flv	(0, 0)(1, 1)(2, 2)(3, 3)(4, 4)(5, 5)(6, 6)(7, 7)(8, 8)(9, 9)(10, 10)(11, 11)(12, 12)(13, 13)(14, 14)(15, 15)(16, 16)(17, 17)(18, 18)(19, 19)(20, 20)(21, 21)(22, 22)(23, 23)(24, 24)(25, 25)(26, 26)(27, 27)(28, 28)(29, 29)(30, 30)(31, 31)(32, 32)(33, 33)(34, 34)(35, 35)(36, 36)(37, 37)(38, 38)(39, 39)(40, 40)(41, 41)
9f7862bcee961fdec039a3f287ad7c8351cfbed9.flv,a0fc0a97772388012c3d2062b36086d2cfb2bc82.flv	(6, 1)(7, 2)
9f7862bcee961fdec039a3f287ad7c8351cfbed9.flv,a0fc0a97772388012c3d2062b36086d2cfb2bc82.flv	(8, 7)(9, 9)(13, 16)(14, 20)
9f7862bcee961fdec039a3f287ad7c8351cfbed9.flv,a0fc0a97772388012c3d2062b36086d2cfb2bc82.flv	(15, 23)
9f7862bcee961fdec039a3f287ad7c8351cfbed9.flv,a0fc0a97772388012c3d2062b36086d2cfb2bc82.flv	(16, 25)(17, 26)
9f7862bcee961fdec039a3f287ad7c8351cfbed9.flv,a0fc0a97772388012c3d2062b36086d2cfb2bc82.flv	(18, 28)(19, 29)(20, 31)(26, 44)(27, 47)(29, 49)(34, 57)
9f7862bcee961fdec039a3f287ad7c8351cfbed9.flv,a15a43f0cf9ce7eab781706a82ee0027d53aae4f.flv	(4, 1)(5, 2)(6, 3)(7, 4)
9f7862bcee961fdec039a3f287ad7c8351cfbed9.flv,a15a43f0cf9ce7eab781706a82ee0027d53aae4f.flv	(10, 10)(11, 11)(12, 12)(13, 13)
9f7862bcee961fdec039a3f287ad7c8351cfbed9.flv,a15a43f0cf9ce7eab781706a82ee0027d53aae4f.flv	(13, 19)(14, 20)(18, 29)(19, 30)(20, 31)(22, 33)(23, 34)
9f7862bcee961fdec039a3f287ad7c8351cfbed9.flv,a15a43f0cf9ce7eab781706a82ee0027d53aae4f.flv	(24, 38)(27, 46)(30, 51)(31, 52)(34, 56)
9f7862bcee961fdec039a3f287ad7c8351cfbed9.flv,a86c9e954e46fae7936a0e70a2ecc1914a2f43e1.flv	(5, 0)(6, 1)
9f7862bcee961fdec039a3f287ad7c8351cfbed9.flv,a86c9e954e46fae7936a0e70a2ecc1914a2f43e1.flv	(8, 9)(9, 10)(10, 12)(11, 13)(13, 15)
9f7862bcee961fdec039a3f287ad7c8351cfbed9.flv,a86c9e954e46fae7936a0e70a2ecc1914a2f43e1.flv	(13, 22)(14, 23)(19, 31)(20, 33)(23, 35)(24, 37)
9f7862bcee961fdec039a3f287ad7c8351cfbed9.flv,a86c9e954e46fae7936a0e70a2ecc1914a2f43e1.flv	(30, 53)(33, 57)
9f7862bcee961fdec039a3f287ad7c8351cfbed9.flv,a89a3193db3354c059dfe4effac05c4667f9c239.flv	(1, 6)(3, 8)(4, 9)(6, 12)(7, 13)
9f7862bcee961fdec039a3f287ad7c8351cfbed9.flv,a89a3193db3354c059dfe4effac05c4667f9c239.flv	(12, 14)(13, 15)
9f7862bcee961fdec039a3f287ad7c8351cfbed9.flv,a89a3193db3354c059dfe4effac05c4667f9c239.flv	(14, 26)(15, 27)(17, 31)(19, 32)(20, 33)(24, 37)(26, 42)(31, 48)
9f7862bcee961fdec039a3f287ad7c8351cfbed9.flv,a8ede4918fb583e92125f6ead7e7cdf6f331084d.flv	(4, 6)(7, 12)(8, 13)
9f7862bcee961fdec039a3f287ad7c8351cfbed9.flv,a8ede4918fb583e92125f6ead7e7cdf6f331084d.flv	(8, 15)(9, 16)(10, 17)(11, 18)(12, 19)(13, 20)
9f7862bcee961fdec039a3f287ad7c8351cfbed9.flv,a8ede4918fb583e92125f6ead7e7cdf6f331084d.flv	(19, 45)
9f7862bcee961fdec039a3f287ad7c8351cfbed9.flv,b053607f9eae018c3916d3fdb0ccb1dc49777456.flv	(20, 9)(25, 13)
9f7862bcee961fdec039a3f287ad7c8351cfbed9.flv,c1025681a6dfd43843735c07e9ec8ac2f08d80fc.flv	(8, 8)(9, 9)
9f7862bcee961fdec039a3f287ad7c8351cfbed9.flv,c1025681a6dfd43843735c07e9ec8ac2f08d80fc.flv	(13, 11)
9f7862bcee961fdec039a3f287ad7c8351cfbed9.flv,c1025681a6dfd43843735c07e9ec8ac2f08d80fc.flv	(30, 11)
9f7862bcee961fdec039a3f287ad7c8351cfbed9.flv,c1025681a6dfd43843735c07e9ec8ac2f08d80fc.flv	(32, 12)
9f7862bcee961fdec039a3f287ad7c8351cfbed9.flv,ccc879ecfb35a1a77667dd8357b71a930c19092c.flv	(14, 4)(17, 8)(20, 9)(22, 10)(23, 11)(24, 12)(26, 17)(29, 21)(31, 22)(34, 26)
9f7862bcee961fdec039a3f287ad7c8351cfbed9.flv,ee417a6b882853ffcd3f78b380b0205a9411f4d6.flv	(5, 0)(6, 1)
9f7862bcee961fdec039a3f287ad7c8351cfbed9.flv,ee417a6b882853ffcd3f78b380b0205a9411f4d6.flv	(5, 0)(6, 1)(7, 3)(10, 11)(11, 12)(12, 14)(13, 15)(20, 33)(23, 34)(26, 43)(34, 58)
9f7862bcee961fdec039a3f287ad7c8351cfbed9.flv,ee417a6b882853ffcd3f78b380b0205a9411f4d6.flv	(8, 10)(9, 12)(12, 18)(13, 20)
9f7862bcee961fdec039a3f287ad7c8351cfbed9.flv,ee417a6b882853ffcd3f78b380b0205a9411f4d6.flv	(16, 29)(17, 30)(23, 35)
9f7862bcee961fdec039a3f287ad7c8351cfbed9.flv,ee417a6b882853ffcd3f78b380b0205a9411f4d6.flv	(24, 39)(25, 42)(26, 43)(27, 44)(29, 46)(30, 48)(31, 49)
9f7862bcee961fdec039a3f287ad7c8351cfbed9.flv,ee417a6b882853ffcd3f78b380b0205a9411f4d6.flv	(31, 52)(32, 53)(33, 54)
9f7862bcee961fdec039a3f287ad7c8351cfbed9.flv,ee417a6b882853ffcd3f78b380b0205a9411f4d6.flv	(33, 56)(34, 58)
9f7862bcee961fdec039a3f287ad7c8351cfbed9.flv,ffe9ad0e2519d04939e04ea128ee565fc3395e5b.flv	(16, 4)(17, 6)(19, 7)(20, 8)(23, 9)
9f7862bcee961fdec039a3f287ad7c8351cfbed9.flv,ffe9ad0e2519d04939e04ea128ee565fc3395e5b.flv	(24, 12)(27, 20)(30, 23)(31, 25)(34, 28)
a0fc0a97772388012c3d2062b36086d2cfb2bc82.flv,a0fc0a97772388012c3d2062b36086d2cfb2bc82.flv	(0, 0)(1, 1)(2, 2)(3, 3)(4, 4)(5, 5)(6, 6)(7, 7)(8, 8)(9, 9)(10, 10)(11, 11)(12, 12)(13, 13)(14, 14)(15, 15)(16, 16)(17, 17)(18, 18)(19, 19)(20, 20)(21, 21)(22, 22)(23, 23)(24, 24)(25, 25)(26, 26)(27, 27)(28, 28)(29, 29)(30, 30)(31, 31)(32, 32)(33, 33)(34, 34)(35, 35)(36, 36)(37, 37)(38, 38)(39, 39)(40, 40)(41, 41)(42, 42)(43, 43)(44, 44)(45, 45)(46, 46)(47, 47)(48, 48)(49, 49)(50, 50)(51, 51)(52, 52)(53, 53)(54, 54)(55, 55)(56, 56)(57, 57)(58, 58)
a0fc0a97772388012c3d2062b36086d2cfb2bc82.flv,a15a43f0cf9ce7eab781706a82ee0027d53aae4f.flv	(0, 2)(1, 3)(2, 4)(3, 5)
a0fc0a97772388012c3d2062b36086d2cfb2bc82.flv,a15a43f0cf9ce7eab781706a82ee0027d53aae4f.flv	(9, 10)(10, 11)(12, 13)
a0fc0a97772388012c3d2062b36086d2cfb2bc82.flv,a15a43f0cf9ce7eab781706a82ee0027d53aae4f.flv	(14, 14)(15, 15)(16, 16)(17, 17)(18, 18)(20, 20)(21, 21)(22, 22)(23, 23)(25, 27)(26, 28)(27, 29)(28, 30)(31, 32)(33, 34)(35, 35)(37, 37)(38, 38)(39, 39)(41, 40)(42, 42)(44, 43)(47, 46)(48, 48)(50, 49)(52, 51)(54, 52)(57, 56)
a0fc0a97772388012c3d2062b36086d2cfb2bc82.flv,a86c9e954e46fae7936a0e70a2ecc1914a2f43e1.flv	(0, 0)(1, 1)(2, 3)(3, 4)(4, 5)(5, 7)(6, 8)(7, 9)(8, 10)(9, 12)(10, 13)(12, 15)(13, 16)(15, 18)(16, 19)(17, 20)(18, 21)(19, 22)(20, 23)(23, 26)(25, 29)(27, 30)(28, 31)(30, 33)(31, 34)(33, 35)(34, 36)(35, 37)(37, 39)(38, 40)(39, 42)(41, 43)(44, 46)(46, 47)(47, 48)(48, 50)(50, 51)(51, 52)(52, 53)(53, 55)(54, 56)(55, 57)(56, 58)(57, 60)
a0fc0a97772388012c3d2062b36086d2cfb2bc82.flv,a89a3193db3354c059dfe4effac05c4667f9c239.flv	(0, 10)(1, 11)(2, 12)
a0fc0a97772388012c3d2062b36086d2cfb2bc82.flv,a89a3193db3354c059dfe4effac05c4667f9c239.flv	(2, 12)(3, 13)(5, 15)(6, 16)(7, 17)(8, 18)(9, 19)(13, 24)(14, 25)(24, 30)(25, 31)(31, 35)(37, 38)(39, 39)(41, 40)(42, 41)(43, 42)(44, 43)(52, 46)(57, 50)
a0fc0a97772388012c3d2062b36086d2cfb2bc82.flv,a89a3193db3354c059dfe4effac05c4667f9c239.flv	(11, 14)
a0fc0a97772388012c3d2062b36086d2cfb2bc82.flv,a89a3193db3354c059dfe4effac05c4667f9c239.flv	(20, 26)(23, 27)(24, 28)(25, 29)(30, 32)(41, 37)(47, 39)(49, 40)(50, 41)(52, 42)
a0fc0a97772388012c3d2062b36086d2cfb2bc82.flv,a8ede4918fb583e92125f6ead7e7cdf6f331084d.flv	(0, 7)(1, 8)(4, 12)(5, 13)(6, 14)(7, 15)(8, 16)(9, 17)(10, 18)(12, 20)(13, 23)(15, 24)(16, 25)(17, 26)(18, 27)(19, 28)(20, 29)(21, 30)(22, 31)(24, 32)(26, 36)(30, 43)(31, 44)(33, 45)
a0fc0a97772388012c3d2062b36086d2cfb2bc82.flv,b053607f9eae018c3916d3fdb0ccb1dc49777456.flv	(18, 3)(19, 4)
a0fc0a97772388012c3d2062b36086d2cfb2bc82.flv,b053607f9eae018c3916d3fdb0ccb1dc49777456.flv	(20, 5)
a0fc0a97772388012c3d2062b36086d2cfb2bc82.flv,b053607f9eae018c3916d3fdb0ccb1dc49777456.flv	(25, 7)(33, 11)
a0fc0a97772388012c3d2062b36086d2cfb2bc82.flv,b053607f9eae018c3916d3fdb0ccb1dc49777456.flv	(24, 6)
a0fc0a97772388012c3d2062b36086d2cfb2bc82.flv,c1025681a6dfd43843735c07e9ec8ac2f08d80fc.flv	(4, 5)(5, 6)(6, 7)(7, 8)
a0fc0a97772388012c3d2062b36086d2cfb2bc82.flv,c1025681a6dfd43843735c07e9ec8ac2f08d80fc.flv	(20, 11)
a0fc0a97772388012c3d2062b36086d2cfb2bc82.flv,ccc879ecfb35a1a77667dd8357b71a930c19092c.flv	(10, 0)(11, 1)(12, 2)
a0fc0a97772388012c3d2062b36086d2cfb2bc82.flv,ccc879ecfb35a1a77667dd8357b71a930c19092c.flv	(20, 4)(23, 5)(24, 6)(25, 7)(39, 13)(41, 14)(42, 15)(43, 16)(44, 17)(48, 20)
a0fc0a97772388012c3d2062b36086d2cfb2bc82.flv,ee417a6b882853ffcd3f78b380b0205a9411f4d6.flv	(0, 0)(1, 1)(2, 3)(3, 4)(5, 7)(7, 10)(8, 11)(9, 12)(10, 13)(11, 14)(12, 15)(13, 17)(15, 19)(16, 20)(18, 22)(19, 23)(20, 24)(21, 25)(23, 26)(24, 27)(25, 29)(26, 30)(28, 31)(30, 33)(31, 34)(33, 35)(35, 36)(37, 37)(38, 39)(39, 40)(43, 43)(44, 44)(46, 45)(47, 46)(49, 49)(50, 50)(52, 52)(54, 54)(58, 57)
a0fc0a97772388012c3d2062b36086d2cfb2bc82.flv,ffe9ad0e2519d04939e04ea128ee565fc3395e5b.flv	(20, 0)(21, 1)(25, 4)(26, 6)(28, 7)(30, 8)(31, 9)(32, 10)(33, 11)(37, 12)(38, 12)(39, 13)(40, 14)(42, 15)(43, 17)(44, 18)(47, 20)(49, 21)(50, 22)(52, 23)(54, 25)
a15a43f0cf9ce7eab781706a82ee0027d53aae4f.flv,a15a43f0cf9ce7eab781706a82ee0027d53aae4f.flv	(0, 0)(1, 1)(2, 2)(3, 3)(4, 4)(5, 5)(6, 6)(7, 7)(8, 8)(9, 9)(10, 10)(11, 11)(12, 12)(13, 13)(14, 14)(15, 15)(16, 16)(17, 17)(18, 18)(19, 19)(20, 20)(21, 21)(22, 22)(23, 23)(24, 24)(25, 25)(26, 26)(27, 27)(28, 28)(29, 29)(30, 30)(31, 31)(32, 32)(33, 33)(34, 34)(35, 35)(36, 36)(37, 37)(38, 38)(39, 39)(40, 40)(41, 41)(42, 42)(43, 43)(44, 44)(45, 45)(46, 46)(47, 47)(48, 48)(49, 49)(50, 50)(51, 51)(52, 52)(53, 53)(54, 54)(55, 55)(56, 56)
a15a43f0cf9ce7eab781706a82ee0027d53aae4f.flv,a86c9e954e46fae7936a0e70a2ecc1914a2f43e1.flv	(2, 0)(3, 1)(6, 5)(10, 9)(11, 10)(13, 12)(15, 14)(16, 15)(25, 26)(32, 33)(34, 34)(39, 40)(40, 42)(42, 43)(43, 45)(46, 46)(47, 47)(53, 56)
a15a43f0cf9ce7eab781706a82ee0027d53aae4f.flv,a89a3193db3354c059dfe4effac05c4667f9c239.flv	(1, 9)(4, 12)(5, 13)(6, 14)(8, 15)(9, 16)(10, 17)(11, 18)(16, 22)(19, 24)(20, 25)(21, 26)(26, 29)(27, 30)(34, 35)(37, 37)(39, 38)(40, 39)(43, 42)(51, 46)(52, 48)(53, 49)(56, 50)
a15a43f0cf9ce7eab781706a82ee0027d53aae4f.flv,a8ede4918fb583e92125f6ead7e7cdf6f331084d.flv	(1, 6)(2, 7)(3, 8)(5, 12)(9, 14)(10, 15)(11, 17)(13, 18)(22, 27)(27, 34)(28, 35)(32, 44)(34, 45)
a15a43f0cf9ce7eab781706a82ee0027d53aae4f.flv,b053607f9eae018c3916d3fdb0ccb1dc49777456.flv	(23, 5)(26, 6)(27, 7)(34, 11)
a15a43f0cf9ce7eab781706a82ee0027d53aae4f.flv,b053607f9eae018c3916d3fdb0ccb1dc49777456.flv	
a15a43f0cf9ce7eab781706a82ee0027d53aae4f.flv,c1025681a6dfd43843735c07e9ec8ac2f08d80fc.flv	
a15a43f0cf9ce7eab781706a82ee0027d53aae4f.flv,c1025681a6dfd43843735c07e9ec8ac2f08d80fc.flv	(18, 10)(19, 11)
a15a43f0cf9ce7eab781706a82ee0027d53aae4f.flv,ccc879ecfb35a1a77667dd8357b71a930c19092c.flv	(11, 0)(13, 2)
a15a43f0cf9ce7eab781706a82ee0027d53aae4f.flv,ccc879ecfb35a1a77667dd8357b71a930c19092c.flv	(20, 4)(23, 5)(31, 9)(39, 13)(40, 14)(42, 16)(43, 17)(53, 24)(56, 26)
a15a43f0cf9ce7eab781706a82ee0027d53aae4f.flv,ee417a6b882853ffcd3f78b380b0205a9411f4d6.flv	(2, 0)(3, 1)(5, 4)(6, 6)(8, 7)(9, 8)(11, 11)(15, 14)(16, 15)(19, 16)(20, 17)(24, 25)(25, 26)(32, 33)(34, 34)(37, 35)(38, 37)(39, 39)(40, 40)(41, 41)(42, 42)(44, 43)(46, 44)(48, 46)(49, 49)(51, 50)(52, 52)(55, 55)
a15a43f0cf9ce7eab781706a82ee0027d53aae4f.flv,ffe9ad0e2519d04939e04ea128ee565fc3395e5b.flv	(20, 0)(21, 1)(23, 2)(25, 3)(28, 6)(30, 7)(31, 8)(32, 9)(33, 10)(34, 11)(37, 12)(39, 13)(40, 15)(43, 18)(46, 20)(48, 21)(49, 22)(51, 23)(52, 25)(53, 26)(56, 28)
a86c9e954e46fae7936a0e70a2ecc1914a2f43e1.flv,a86c9e954e46fae7936a0e70a2ecc1914a2f43e1.flv	(0, 0)(1, 1)(2, 2)(3, 3)(4, 4)(5, 5)(6, 6)(7, 7)(8, 8)(9, 9)(10, 10)(11, 11)(12, 12)(13, 13)(14, 14)(15, 15)(16, 16)(17, 17)(18, 18)(19, 19)(20, 20)(21, 21)(22, 22)(23, 23)(24, 24)(25, 25)(26, 26)(27, 27)(28, 28)(29, 29)(30, 30)(31, 31)(32, 32)(33, 33)(34, 34)(35, 35)(36, 36)(37, 37)(38, 38)(39, 39)(40, 40)(41, 41)(42, 42)(43, 43)(44, 44)(45, 45)(46, 46)(47, 47)(48, 48)(49, 49)(50, 50)(51, 51)(52, 52)(53, 53)(54, 54)(55, 55)(56, 56)(57, 57)(58, 58)(59, 59)(60, 60)
a86c9e954e46fae7936a0e70a2ecc1914a2f43e1.flv,a89a3193db3354c059dfe4effac05c4667f9c239.flv	(1, 0)(3, 4)(5, 6)(10, 9)(12, 11)(16, 17)(18, 18)(19, 19)(23, 22)(24, 23)(26, 25)(27, 27)(33, 32)(34, 33)(40, 37)(45, 40)(48, 43)(50, 44)
a86c9e954e46fae7936a0e70a2ecc1914a2f43e1.flv,a89a3193db3354c059dfe4effac05c4667f9c239.flv	(52, 47)(53, 48)
a86c9e954e46fae7936a0e70a2ecc1914a2f43e1.flv,a89a3193db3354c059dfe4effac05c4667f9c239.flv	(59, 49)(60, 50)
a86c9e954e46fae7936a0e70a2ecc1914a2f43e1.flv,a8ede4918fb583e92125f6ead7e7cdf6f331084d.flv	(0, 7)(1, 8)(2, 9)(3, 11)(5, 12)(6, 13)(8, 14)(9, 15)(10, 16)(12, 17)(13, 18)(15, 20)(16, 23)(18, 24)(19, 25)(23, 29)(24, 30)(27, 32)(32, 40)(34, 44)(35, 45)
a86c9e954e46fae7936a0e70a2ecc1914a2f43e1.flv,b053607f9eae018c3916d3fdb0ccb1dc49777456.flv	(21, 3)(22, 4)
a86c9e954e46fae7936a0e70a2ecc1914a2f43e1.flv,b053607f9eae018c3916d3fdb0ccb1dc49777456.flv	(23, 5)
a86c9e954e46fae7936a0e70a2ecc1914a2f43e1.flv,b053607f9eae018c3916d3fdb0ccb1dc49777456.flv	(23, 4)(29, 7)
a86c9e954e46fae7936a0e70a2ecc1914a2f43e1.flv,c1025681a6dfd43843735c07e9ec8ac2f08d80fc.flv	(20, 9)(22, 11)
a86c9e954e46fae7936a0e70a2ecc1914a2f43e1.flv,c1025681a6dfd43843735c07e9ec8ac2f08d80fc.flv	(23, 11)
a86c9e954e46fae7936a0e70a2ecc1914a2f43e1.flv,ccc879ecfb35a1a77667dd8357b71a930c19092c.flv	(13, 0)(15, 2)
a86c9e954e46fae7936a0e70a2ecc1914a2f43e1.flv,ccc879ecfb35a1a77667dd8357b71a930c19092c.flv	(23, 4)(27, 6)(35, 11)
a86c9e954e46fae7936a0e70a2ecc1914a2f43e1.flv,ccc879ecfb35a1a77667dd8357b71a930c19092c.flv	(45, 15)(46, 16)(48, 18)(50, 20)(59, 26)
a86c9e954e46fae7936a0e70a2ecc1914a2f43e1.flv,ee417a6b882853ffcd3f78b380b0205a9411f4d6.flv	(0, 0)(1, 1)(2, 2)(3, 3)(4, 4)(6, 7)(7, 8)(8, 9)(9, 10)(10, 11)(12, 12)(13, 13)(14, 14)(15, 15)(16, 17)(18, 19)(19, 20)(20, 21)(21, 22)(22, 23)(23, 24)(24, 25)(26, 26)(27, 27)(28, 28)(29, 29)(33, 33)(34, 34)(35, 35)(37, 36)(38, 37)(39, 38)(40, 39)(42, 40)(43, 42)(45, 43)(46, 44)(48, 46)(51, 50)(53, 52)(54, 53)(56, 54)(57, 55)(58, 56)(59, 57)(60, 58)
a86c9e954e46fae7936a0e70a2ecc1914a2f43e1.flv,ffe9ad0e2519d04939e04ea128ee565fc3395e5b.flv	(23, 0)(24, 1)(27, 2)(28, 3)(29, 4)(31, 7)(33, 8)(34, 9)(35, 11)(42, 13)(43, 15)(45, 17)(46, 18)(50, 21)(51, 22)(57, 27)(59, 28)
a89a3193db3354c059dfe4effac05c4667f9c239.flv,a89a3193db3354c059dfe4effac05c4667f9c239.flv	(0, 0)(1, 1)(2, 2)(3, 3)(4, 4)(5, 5)(6, 6)(7, 7)(8, 8)(9, 9)(10, 10)(11, 11)(12, 12)(13, 13)(14, 14)(15, 15)(16, 16)(17, 17)(18, 18)(19, 19)(20, 20)(21, 21)(22, 22)(23, 23)(24, 24)(25, 25)(26, 26)(27, 27)(28, 28)(29, 29)(30, 30)(31, 31)(32, 32)(33, 33)(34, 34)(35, 35)(36, 36)(37, 37)(38, 38)(39, 39)(40, 40)(41, 41)(42, 42)(43, 43)(44, 44)(45, 45)(46, 46)(47, 47)(48, 48)(49, 49)(50, 50)(51, 51)
a89a3193db3354c059dfe4effac05c4667f9c239.flv,a8ede4918fb583e92125f6ead7e7cdf6f331084d.flv	(8, 5)(9, 6)(10, 7)(11, 8)(13, 11)
a89a3193db3354c059dfe4effac05c4667f9c239.flv,a8ede4918fb583e92125f6ead7e7cdf6f331084d.flv	
a89a3193db3354c059dfe4effac05c4667f9c239.flv,b053607f9eae018c3916d3fdb0ccb1dc49777456.flv	(27, 5)(28, 6)(29, 8)(30, 9)(32, 12)(33, 13)
a89a3193db3354c059dfe4effac05c4667f9c239.flv,b053607f9eae018c3916d3fdb0ccb1dc49777456.flv	(44, 14)
a89a3193db3354c059dfe4effac05c4667f9c239.flv,c1025681a6dfd43843735c07e9ec8ac2f08d80fc.flv	(26, 11)
a89a3193db3354c059dfe4effac05c4667f9c239.flv,ccc879ecfb35a1a77667dd8357b71a930c19092c.flv	(14, 1)(15, 2)(17, 3)
a89a3193db3354c059dfe4effac05c4667f9c239.flv,ccc879ecfb35a1a77667dd8357b71a930c19092c.flv	(26, 4)(30, 7)(31, 8)(33, 9)(35, 11)(39, 14)(40, 15)(41, 16)(42, 17)(43, 18)(44, 21)(50, 26)
a89a3193db3354c059dfe4effac05c4667f9c239.flv,ee417a6b882853ffcd3f78b380b0205a9411f4d6.flv	(10, 0)(11, 1)(12, 3)
a89a3193db3354c059dfe4effac05c4667f9c239.flv,ee417a6b882853ffcd3f78b380b0205a9411f4d6.flv	(26, 24)(28, 27)(29, 28)(30, 29)(31, 30)(35, 35)(37, 38)(41, 43)(42, 44)(43, 45)(46, 52)(48, 54)(50, 58)
a89a3193db3354c059dfe4effac05c4667f9c239.flv,ffe9ad0e2519d04939e04ea128ee565fc3395e5b.flv	(26, 0)(28, 2)(30, 4)(31, 6)(35, 11)(41, 17)(42, 18)(46, 23)(48, 25)(50, 28)
a8ede4918fb583e92125f6ead7e7cdf6f331084d.flv,a8ede4918fb583e92125f6ead7e7cdf6f331084d.flv	(0, 0)(1, 1)(2, 2)(3, 3)(4, 4)(5, 5)(6, 6)(7, 7)(8, 8)(9, 9)(10, 10)(11, 11)(12, 12)(13, 13)(14, 14)(15, 15)(16, 16)(17, 17)(18, 18)(19, 19)(20, 20)(21, 21)(22, 22)(23, 23)(24, 24)(25, 25)(26, 26)(27, 27)(28, 28)(29, 29)(30, 30)(31, 31)(32, 32)(33, 33)(34, 34)(35, 35)(36, 36)(37, 37)(38, 38)(39, 39)(40, 40)(41, 41)(42, 42)(43, 43)(44, 44)(45, 45)
a8ede4918fb583e92125f6ead7e7cdf6f331084d.flv,b053607f9eae018c3916d3fdb0ccb1dc49777456.flv	(0, 0)(1, 0)
a8ede4918fb583e92125f6ead7e7cdf6f331084d.flv,b053607f9eae018c3916d3fdb0ccb1dc49777456.flv	(27, 3)(28, 4)
a8ede4918fb583e92125f6ead7e7cdf6f331084d.flv,b053607f9eae018c3916d3fdb0ccb1dc49777456.flv	(29, 5)
a8ede4918fb583e92125f6ead7e7cdf6f331084d.flv,b053607f9eae018c3916d3fdb0ccb1dc49777456.flv	(34, 9)(36, 12)(37, 13)
a8ede4918fb583e92125f6ead7e7cdf6f331084d.flv,c1025681a6dfd43843735c07e9ec8ac2f08d80fc.flv	(12, 5)(17, 8)
a8ede4918fb583e92125f6ead7e7cdf6f331084d.flv,c1025681a6dfd43843735c07e9ec8ac2f08d80fc.flv	(29, 11)
a8ede4918fb583e92125f6ead7e7cdf6f331084d.flv,ccc879ecfb35a1a77667dd8357b71a930c19092c.flv	
a8ede4918fb583e92125f6ead7e7cdf6f331084d.flv,ccc879ecfb35a1a77667dd8357b71a930c19092c.flv	(32, 5)(34, 7)(45, 11)
a8ede4918fb583e92125f6ead7e7cdf6f331084d.flv,ee417a6b882853ffcd3f78b380b0205a9411f4d6.flv	(25, 20)(26, 21)(27, 22)(28, 23)(29, 24)(30, 25)(32, 27)(34, 29)(36, 30)(38, 32)(44, 34)(45, 35)
a8ede4918fb583e92125f6ead7e7cdf6f331084d.flv,ffe9ad0e2519d04939e04ea128ee565fc3395e5b.flv	(29, 0)(30, 1)(32, 2)(34, 4)(36, 6)(44, 9)
b053607f9eae018c3916d3fdb0ccb1dc49777456.flv,b053607f9eae018c3916d3fdb0ccb1dc49777456.flv	(0, 0)(1, 1)(2, 2)(3, 3)(4, 4)(5, 5)(6, 6)(7, 7)(8, 8)(9, 9)(10, 10)(11, 11)(12, 12)(13, 13)(14, 14)
b053607f9eae018c3916d3fdb0ccb1dc49777456.flv,c1025681a6dfd43843735c07e9ec8ac2f08d80fc.flv	(3, 10)(4, 11)
b053607f9eae018c3916d3fdb0ccb1dc49777456.flv,c1025681a6dfd43843735c07e9ec8ac2f08d80fc.flv	(5, 11)
b053607f9eae018c3916d3fdb0ccb1dc49777456.flv,c1025681a6dfd43843735c07e9ec8ac2f08d80fc.flv	(14, 11)
b053607f9eae018c3916d3fdb0ccb1dc49777456.flv,ee417a6b882853ffcd3f78b380b0205a9411f4d6.flv	(3, 22)(4, 23)
b053607f9eae018c3916d3fdb0ccb1dc49777456.flv,ee417a6b882853ffcd3f78b380b0205a9411f4d6.flv	(11, 35)(14, 46)
b053607f9eae018c3916d3fdb0ccb1dc49777456.flv,ffe9ad0e2519d04939e04ea128ee565fc3395e5b.flv	(5, 2)(11, 11)(12, 12)
c1025681a6dfd43843735c07e9ec8ac2f08d80fc.flv,c1025681a6dfd43843735c07e9ec8ac2f08d80fc.flv	(0, 0)(1, 1)(2, 2)(3, 3)(4, 4)(5, 5)(6, 6)(7, 7)(8, 8)(9, 9)(10, 10)(11, 11)(12, 12)(13, 13)
c1025681a6dfd43843735c07e9ec8ac2f08d80fc.flv,ccc879ecfb35a1a77667dd8357b71a930c19092c.flv	(10, 3)(11, 4)
c1025681a6dfd43843735c07e9ec8ac2f08d80fc.flv,ccc879ecfb35a1a77667dd8357b71a930c19092c.flv	(11, 22)(12, 24)
c1025681a6dfd43843735c07e9ec8ac2f08d80fc.flv,ee417a6b882853ffcd3f78b380b0205a9411f4d6.flv	(5, 6)(6, 7)(7, 9)(8, 10)(9, 11)
c1025681a6dfd43843735c07e9ec8ac2f08d80fc.flv,ee417a6b882853ffcd3f78b380b0205a9411f4d6.flv	(10, 22)(11, 23)
c1025681a6dfd43843735c07e9ec8ac2f08d80fc.flv,ee417a6b882853ffcd3f78b380b0205a9411f4d6.flv	(11, 49)
c1025681a6dfd43843735c07e9ec8ac2f08d80fc.flv,ffe9ad0e2519d04939e04ea128ee565fc3395e5b.flv	(11, 0)
c1025681a6dfd43843735c07e9ec8ac2f08d80fc.flv,ffe9ad0e2519d04939e04ea128ee565fc3395e5b.flv	(11, 21)
c1025681a6dfd43843735c07e9ec8ac2f08d80fc.flv,ffe9ad0e2519d04939e04ea128ee565fc3395e5b.flv	(11, 21)
c1025681a6dfd43843735c07e9ec8ac2f08d80fc.flv,ffe9ad0e2519d04939e04ea128ee565fc3395e5b.flv	(12, 24)(13, 25)
ccc879ecfb35a1a77667dd8357b71a930c19092c.flv,ccc879ecfb35a1a77667dd8357b71a930c19092c.flv	(0, 0)(1, 1)(2, 2)(3, 3)(4, 4)(5, 5)(6, 6)(7, 7)(8, 8)(9, 9)(10, 10)(11, 11)(12, 12)(13, 13)(14, 14)(15, 15)(16, 16)(17, 17)(18, 18)(19, 19)(20, 20)(21, 21)(22, 22)(23, 23)(24, 24)(25, 25)(26, 26)(27, 27)
ccc879ecfb35a1a77667dd8357b71a930c19092c.flv,ee417a6b882853ffcd3f78b380b0205a9411f4d6.flv	(0, 13)(2, 15)
ccc879ecfb35a1a77667dd8357b71a930c19092c.flv,ee417a6b882853ffcd3f78b380b0205a9411f4d6.flv	(4, 24)(7, 29)(8, 30)(9, 33)(13, 40)(16, 43)(17, 44)(25, 56)(26, 57)
ccc879ecfb35a1a77667dd8357b71a930c19092c.flv,ffe9ad0e2519d04939e04ea128ee565fc3395e5b.flv	(4, 0)(5, 2)(7, 4)(8, 6)(9, 8)(11, 11)(12, 12)(13, 13)(15, 15)(17, 18)(20, 20)(21, 21)(22, 23)(26, 28)
ee417a6b882853ffcd3f78b380b0205a9411f4d6.flv,ee417a6b882853ffcd3f78b380b0205a9411f4d6.flv	(0, 0)(1, 1)(2, 2)(3, 3)(4, 4)(5, 5)(6, 6)(7, 7)(8, 8)(9, 9)(10, 10)(11, 11)(12, 12)(13, 13)(14, 14)(15, 15)(16, 16)(17, 17)(18, 18)(19, 19)(20, 20)(21, 21)(22, 22)(23, 23)(24, 24)(25, 25)(26, 26)(27, 27)(28, 28)(29, 29)(30, 30)(31, 31)(32, 32)(33, 33)(34, 34)(35, 35)(36, 36)(37, 37)(38, 38)(39, 39)(40, 40)(41, 41)(42, 42)(43, 43)(44, 44)(45, 45)(46, 46)(47, 47)(48, 48)(49, 49)(50, 50)(51, 51)(52, 52)(53, 53)(54, 54)(55, 55)(56, 56)(57, 57)(58, 58)(59, 59)(60, 60)(61, 61)
ee417a6b882853ffcd3f78b380b0205a9411f4d6.flv,ffe9ad0e2519d04939e04ea128ee565fc3395e5b.flv	(24, 0)(25, 1)(27, 2)(28, 3)(29, 4)(30, 6)(31, 7)(33, 8)(34, 9)(35, 11)(40, 13)(42, 15)(43, 17)(44, 18)(46, 20)(49, 21)(50, 22)(52, 23)(53, 24)(54, 25)(55, 26)(56, 27)(58, 28)(59, 29)
ffe9ad0e2519d04939e04ea128ee565fc3395e5b.flv,ffe9ad0e2519d04939e04ea128ee565fc3395e5b.flv	(0, 0)(1, 1)(2, 2)(3, 3)(4, 4)(5, 5)(6, 6)(7, 7)(8, 8)(9, 9)(10, 10)(11, 11)(12, 12)(13, 13)(14, 14)(15, 15)(16, 16)(17, 17)(18, 18)(19, 19)(20, 20)(21, 21)(22, 22)(23, 23)(24, 24)(25, 25)(26, 26)(27, 27)(28, 28)(29, 29)(30, 30)
