0056649006c7a250cb4174f1e924768ba2c9d599.flv,0056649006c7a250cb4174f1e924768ba2c9d599.flv	(0, 0)(1, 1)(2, 2)(3, 3)(4, 4)(5, 5)(6, 6)(7, 7)(8, 8)(9, 9)(10, 10)(11, 11)(12, 12)(13, 13)(14, 14)(15, 15)(16, 16)(17, 17)(18, 18)(19, 19)(20, 20)(21, 21)
0056649006c7a250cb4174f1e924768ba2c9d599.flv,1357538fd1fd2975a8b3f750d5f6b13695aa4e28.flv	
0056649006c7a250cb4174f1e924768ba2c9d599.flv,1357538fd1fd2975a8b3f750d5f6b13695aa4e28.flv	(9, 18)(10, 19)
0056649006c7a250cb4174f1e924768ba2c9d599.flv,1357538fd1fd2975a8b3f750d5f6b13695aa4e28.flv	(9, 8)(10, 9)(12, 11)
0056649006c7a250cb4174f1e924768ba2c9d599.flv,1357538fd1fd2975a8b3f750d5f6b13695aa4e28.flv	(14, 12)
0056649006c7a250cb4174f1e924768ba2c9d599.flv,1f4f6311bb4acc0bc72e4a915a32093a7a85741c.flv	(6, 0)(7, 1)
0056649006c7a250cb4174f1e924768ba2c9d599.flv,1f4f6311bb4acc0bc72e4a915a32093a7a85741c.flv	(9, 11)(10, 12)
0056649006c7a250cb4174f1e924768ba2c9d599.flv,1f4f6311bb4acc0bc72e4a915a32093a7a85741c.flv	(9, 2)(10, 3)(11, 4)(12, 5)(13, 6)
0056649006c7a250cb4174f1e924768ba2c9d599.flv,1f4f6311bb4acc0bc72e4a915a32093a7a85741c.flv	(14, 7)(15, 8)
1357538fd1fd2975a8b3f750d5f6b13695aa4e28.flv,1357538fd1fd2975a8b3f750d5f6b13695aa4e28.flv	(0, 0)(1, 1)(2, 2)(3, 3)(4, 4)(5, 5)(6, 6)(7, 7)(8, 8)(9, 9)(10, 10)(11, 11)(12, 12)(13, 13)(14, 14)(15, 15)(16, 16)(17, 17)(18, 18)(19, 19)
1357538fd1fd2975a8b3f750d5f6b13695aa4e28.flv,1f4f6311bb4acc0bc72e4a915a32093a7a85741c.flv	(8, 2)(9, 3)(9, 4)(10, 5)(11, 6)(12, 7)(13, 9)(18, 11)(19, 12)
1357538fd1fd2975a8b3f750d5f6b13695aa4e28.flv,37a935b4c21662e183a0dd632f40d5fd6900c42b.mp4	(0, 0)(1, 1)(2, 2)(3, 4)(4, 5)(5, 7)(6, 8)(7, 9)(8, 10)(9, 11)(11, 12)(12, 14)(13, 15)(14, 16)(15, 17)(16, 18)(17, 20)
1357538fd1fd2975a8b3f750d5f6b13695aa4e28.flv,3fe2e54fdb267849aa8aeb0b39ec0d1c7075b391.flv	(8, 3)(8, 4)(9, 5)(9, 6)(10, 7)(11, 8)(12, 10)(13, 12)(14, 13)(15, 14)(17, 16)(18, 17)
1357538fd1fd2975a8b3f750d5f6b13695aa4e28.flv,4ffe88b2da93f727952dc3104e70c0b0665d9e1a.flv	(7, 2)(8, 4)(9, 5)(10, 6)(11, 7)(12, 8)
1357538fd1fd2975a8b3f750d5f6b13695aa4e28.flv,52ac7a125ee96ff91ca49c197d3a79b6c0857e68.flv	(8, 2)(9, 4)(9, 5)(10, 6)(11, 7)(12, 8)(13, 10)(14, 11)(18, 13)(19, 14)
1357538fd1fd2975a8b3f750d5f6b13695aa4e28.flv,54f841cdb1b1a498c656bd541d23c690b70737bd.flv	
1357538fd1fd2975a8b3f750d5f6b13695aa4e28.flv,5d38467d3becf8273bd7ae9028a37fcb0cc3828b.flv	
1357538fd1fd2975a8b3f750d5f6b13695aa4e28.flv,5d38467d3becf8273bd7ae9028a37fcb0cc3828b.flv	(8, 8)(11, 11)
1357538fd1fd2975a8b3f750d5f6b13695aa4e28.flv,5d38467d3becf8273bd7ae9028a37fcb0cc3828b.flv	(12, 12)
1357538fd1fd2975a8b3f750d5f6b13695aa4e28.flv,5d38467d3becf8273bd7ae9028a37fcb0cc3828b.flv	(13, 23)(18, 25)(19, 26)
1357538fd1fd2975a8b3f750d5f6b13695aa4e28.flv,63407cc775874d569f82a2060c636b785c09a487.flv	(8, 2)(9, 3)(9, 4)(10, 5)(11, 6)(12, 7)(13, 9)(18, 11)(19, 12)
1357538fd1fd2975a8b3f750d5f6b13695aa4e28.flv,66e0225621e48946b7ab09027c18c83b69564002.flv	(0, 0)(1, 1)(3, 2)(5, 6)(6, 7)(6, 8)(7, 9)(8, 10)(8, 11)(9, 12)(9, 13)
1357538fd1fd2975a8b3f750d5f6b13695aa4e28.flv,72e97f43a27cdb56a82454758c383c1ac82e91b9.flv	(3, 3)(4, 4)(8, 7)(9, 8)(10, 9)(11, 10)(12, 12)(13, 13)(14, 14)(15, 15)(18, 19)
1357538fd1fd2975a8b3f750d5f6b13695aa4e28.flv,74018dcbf908a0a0319e889a70a920896b63ed99.flv	(8, 2)(9, 4)(9, 5)(10, 6)(11, 7)(12, 8)(13, 10)(14, 11)(16, 12)(17, 13)(18, 14)(19, 15)
1357538fd1fd2975a8b3f750d5f6b13695aa4e28.flv,9026d2a43d0e645901aa9138136bbc1491856ffb.flv	(7, 2)(8, 3)(8, 4)(9, 6)(12, 10)(13, 12)(14, 13)(16, 14)(17, 16)(18, 17)
1357538fd1fd2975a8b3f750d5f6b13695aa4e28.flv,97c71f57e83f6ab16906fdd7edc8e3f88d2ceee1.flv	
1357538fd1fd2975a8b3f750d5f6b13695aa4e28.flv,97c71f57e83f6ab16906fdd7edc8e3f88d2ceee1.flv	
1357538fd1fd2975a8b3f750d5f6b13695aa4e28.flv,97c71f57e83f6ab16906fdd7edc8e3f88d2ceee1.flv	(12, 0)
1357538fd1fd2975a8b3f750d5f6b13695aa4e28.flv,97c71f57e83f6ab16906fdd7edc8e3f88d2ceee1.flv	
1357538fd1fd2975a8b3f750d5f6b13695aa4e28.flv,a100d2d414f1faa59abdb409e8858d6a4ba96618.flv	
1357538fd1fd2975a8b3f750d5f6b13695aa4e28.flv,a100d2d414f1faa59abdb409e8858d6a4ba96618.flv	(8, 3)(8, 4)(9, 5)(9, 6)(10, 7)(11, 8)
1357538fd1fd2975a8b3f750d5f6b13695aa4e28.flv,a100d2d414f1faa59abdb409e8858d6a4ba96618.flv	(12, 11)
1357538fd1fd2975a8b3f750d5f6b13695aa4e28.flv,a100d2d414f1faa59abdb409e8858d6a4ba96618.flv	(13, 25)(14, 26)(15, 27)(16, 28)(17, 29)
1357538fd1fd2975a8b3f750d5f6b13695aa4e28.flv,ab12206048207553294916664d0ebf1cd9e81ef6.flv	(8, 2)(9, 3)(9, 4)(10, 5)(11, 6)(12, 7)(13, 9)
1357538fd1fd2975a8b3f750d5f6b13695aa4e28.flv,b34b81ce75ea0773ba04b3f1ddedf3f3fac823fa.flv	(8, 2)(9, 4)(9, 5)(10, 6)(11, 7)(12, 9)(13, 11)(14, 12)(15, 13)(17, 15)(18, 16)(19, 17)
1357538fd1fd2975a8b3f750d5f6b13695aa4e28.flv,c4384b8402362a0351d4e1dc9de0c01d7117322f.flv	(8, 2)(9, 4)(9, 5)(10, 6)(11, 7)(12, 9)(13, 11)(17, 14)(18, 15)(19, 16)
1357538fd1fd2975a8b3f750d5f6b13695aa4e28.flv,d28c7952b8a60139126446bc81bff5ecebcf5129.flv	(8, 2)(9, 4)(9, 5)(10, 6)(11, 7)(12, 8)(13, 10)(14, 11)(18, 13)(19, 14)
1357538fd1fd2975a8b3f750d5f6b13695aa4e28.flv,e4516162efaa2bb36d38fbf245bc41b6fd24f443.flv	(8, 3)(9, 5)(9, 6)(10, 7)(12, 10)(13, 12)(14, 13)(17, 16)(18, 17)(19, 18)
1357538fd1fd2975a8b3f750d5f6b13695aa4e28.flv,e6f1dd4881c0088d861763dadd83db04fb353500.flv	
1357538fd1fd2975a8b3f750d5f6b13695aa4e28.flv,e6f1dd4881c0088d861763dadd83db04fb353500.flv	(8, 3)(8, 4)(9, 5)(9, 6)(10, 7)(11, 8)
1357538fd1fd2975a8b3f750d5f6b13695aa4e28.flv,e6f1dd4881c0088d861763dadd83db04fb353500.flv	(12, 11)
1357538fd1fd2975a8b3f750d5f6b13695aa4e28.flv,e6f1dd4881c0088d861763dadd83db04fb353500.flv	(13, 25)(14, 26)(15, 27)(18, 29)
1357538fd1fd2975a8b3f750d5f6b13695aa4e28.flv,f9395fd63d7f59cae6103cfb00e116b4a1d0be5e.flv	
1357538fd1fd2975a8b3f750d5f6b13695aa4e28.flv,f9395fd63d7f59cae6103cfb00e116b4a1d0be5e.flv	(8, 7)(8, 8)(9, 9)(10, 10)(11, 11)
1357538fd1fd2975a8b3f750d5f6b13695aa4e28.flv,f9395fd63d7f59cae6103cfb00e116b4a1d0be5e.flv	(12, 12)
1357538fd1fd2975a8b3f750d5f6b13695aa4e28.flv,f9395fd63d7f59cae6103cfb00e116b4a1d0be5e.flv	(13, 23)(18, 25)(19, 26)
1357538fd1fd2975a8b3f750d5f6b13695aa4e28.flv,f98075fcebb2596c91cf6886b30a39521cc60855.flv	(8, 2)(8, 3)(9, 4)(10, 6)(11, 7)(12, 8)
1357538fd1fd2975a8b3f750d5f6b13695aa4e28.flv,fa0aa890db611cbe029b8c222663579ec7081bb6.flv	(7, 2)(8, 3)(9, 5)(9, 6)(10, 7)(11, 8)(12, 10)(13, 12)(14, 13)(15, 14)(17, 16)(18, 17)(19, 18)
1f4f6311bb4acc0bc72e4a915a32093a7a85741c.flv,1f4f6311bb4acc0bc72e4a915a32093a7a85741c.flv	(0, 0)(1, 1)(2, 2)(3, 3)(4, 4)(5, 5)(6, 6)(7, 7)(8, 8)(9, 9)(10, 10)(11, 11)(12, 12)
1f4f6311bb4acc0bc72e4a915a32093a7a85741c.flv,37a935b4c21662e183a0dd632f40d5fd6900c42b.mp4	(2, 10)(3, 11)(4, 11)(5, 12)(7, 13)(9, 15)
1f4f6311bb4acc0bc72e4a915a32093a7a85741c.flv,3fe2e54fdb267849aa8aeb0b39ec0d1c7075b391.flv	(0, 1)(1, 2)(2, 3)(2, 4)(3, 5)(4, 6)(5, 7)(6, 8)(7, 10)(8, 11)(9, 12)(10, 14)(11, 17)
1f4f6311bb4acc0bc72e4a915a32093a7a85741c.flv,4ffe88b2da93f727952dc3104e70c0b0665d9e1a.flv	(0, 0)(1, 1)(2, 4)(3, 5)(4, 5)(5, 6)(6, 7)(7, 8)
1f4f6311bb4acc0bc72e4a915a32093a7a85741c.flv,52ac7a125ee96ff91ca49c197d3a79b6c0857e68.flv	(0, 0)(1, 1)(2, 2)(3, 4)(4, 5)(5, 6)(6, 7)(7, 8)(8, 9)(9, 10)(10, 12)(11, 13)(12, 14)
1f4f6311bb4acc0bc72e4a915a32093a7a85741c.flv,54f841cdb1b1a498c656bd541d23c690b70737bd.flv	(0, 0)(1, 1)
1f4f6311bb4acc0bc72e4a915a32093a7a85741c.flv,5d38467d3becf8273bd7ae9028a37fcb0cc3828b.flv	(0, 6)
1f4f6311bb4acc0bc72e4a915a32093a7a85741c.flv,5d38467d3becf8273bd7ae9028a37fcb0cc3828b.flv	(2, 7)(2, 8)(3, 9)(6, 11)
1f4f6311bb4acc0bc72e4a915a32093a7a85741c.flv,5d38467d3becf8273bd7ae9028a37fcb0cc3828b.flv	(7, 12)(8, 13)
1f4f6311bb4acc0bc72e4a915a32093a7a85741c.flv,5d38467d3becf8273bd7ae9028a37fcb0cc3828b.flv	(9, 23)(10, 24)(11, 25)(12, 26)
1f4f6311bb4acc0bc72e4a915a32093a7a85741c.flv,63407cc775874d569f82a2060c636b785c09a487.flv	(0, 0)(1, 1)(2, 2)(3, 3)(4, 4)(5, 5)(6, 6)(7, 7)(8, 8)(9, 9)(10, 10)(11, 11)(12, 12)
1f4f6311bb4acc0bc72e4a915a32093a7a85741c.flv,66e0225621e48946b7ab09027c18c83b69564002.flv	(0, 2)(2, 10)(2, 11)(3, 12)(4, 13)
1f4f6311bb4acc0bc72e4a915a32093a7a85741c.flv,72e97f43a27cdb56a82454758c383c1ac82e91b9.flv	(0, 2)(6, 10)(7, 12)(9, 13)(11, 19)
1f4f6311bb4acc0bc72e4a915a32093a7a85741c.flv,74018dcbf908a0a0319e889a70a920896b63ed99.flv	(0, 0)(1, 1)(2, 2)(3, 4)(4, 5)(5, 6)(6, 7)(7, 8)(8, 9)(9, 10)(10, 12)(11, 14)(12, 15)
1f4f6311bb4acc0bc72e4a915a32093a7a85741c.flv,9026d2a43d0e645901aa9138136bbc1491856ffb.flv	(0, 0)(1, 1)(2, 3)(2, 4)(3, 5)(4, 6)(5, 7)(6, 8)(7, 10)(8, 11)(9, 12)(11, 17)
1f4f6311bb4acc0bc72e4a915a32093a7a85741c.flv,97c71f57e83f6ab16906fdd7edc8e3f88d2ceee1.flv	(0, 0)
1f4f6311bb4acc0bc72e4a915a32093a7a85741c.flv,97c71f57e83f6ab16906fdd7edc8e3f88d2ceee1.flv	
1f4f6311bb4acc0bc72e4a915a32093a7a85741c.flv,97c71f57e83f6ab16906fdd7edc8e3f88d2ceee1.flv	(7, 0)
1f4f6311bb4acc0bc72e4a915a32093a7a85741c.flv,97c71f57e83f6ab16906fdd7edc8e3f88d2ceee1.flv	(10, 0)
1f4f6311bb4acc0bc72e4a915a32093a7a85741c.flv,a100d2d414f1faa59abdb409e8858d6a4ba96618.flv	(0, 1)(1, 2)
1f4f6311bb4acc0bc72e4a915a32093a7a85741c.flv,a100d2d414f1faa59abdb409e8858d6a4ba96618.flv	(2, 3)(2, 4)(3, 5)(4, 6)(5, 7)(6, 8)
1f4f6311bb4acc0bc72e4a915a32093a7a85741c.flv,a100d2d414f1faa59abdb409e8858d6a4ba96618.flv	(10, 12)
1f4f6311bb4acc0bc72e4a915a32093a7a85741c.flv,a100d2d414f1faa59abdb409e8858d6a4ba96618.flv	(9, 25)(10, 27)
1f4f6311bb4acc0bc72e4a915a32093a7a85741c.flv,ab12206048207553294916664d0ebf1cd9e81ef6.flv	(0, 0)(1, 1)(2, 2)(3, 3)(4, 4)(5, 5)(6, 6)(7, 7)(8, 8)(9, 9)(10, 10)
1f4f6311bb4acc0bc72e4a915a32093a7a85741c.flv,b34b81ce75ea0773ba04b3f1ddedf3f3fac823fa.flv	(0, 0)(1, 1)(2, 2)(3, 4)(4, 5)(5, 6)(6, 7)(7, 9)(8, 10)(9, 11)(10, 13)(11, 16)(12, 17)
1f4f6311bb4acc0bc72e4a915a32093a7a85741c.flv,c4384b8402362a0351d4e1dc9de0c01d7117322f.flv	(0, 0)(1, 1)(2, 2)(3, 4)(4, 5)(5, 6)(6, 7)(7, 9)(8, 10)(9, 11)(10, 12)(11, 15)(12, 16)
1f4f6311bb4acc0bc72e4a915a32093a7a85741c.flv,d28c7952b8a60139126446bc81bff5ecebcf5129.flv	(0, 0)(1, 1)(2, 2)(3, 4)(4, 5)(5, 6)(6, 7)(7, 8)(8, 9)(9, 10)(10, 12)(11, 13)(12, 14)
1f4f6311bb4acc0bc72e4a915a32093a7a85741c.flv,e4516162efaa2bb36d38fbf245bc41b6fd24f443.flv	(0, 1)(1, 2)(2, 3)(2, 4)(3, 5)(4, 6)(5, 7)(6, 8)(7, 10)(8, 11)(9, 12)(10, 14)(11, 17)
1f4f6311bb4acc0bc72e4a915a32093a7a85741c.flv,e6f1dd4881c0088d861763dadd83db04fb353500.flv	(0, 1)(1, 2)
1f4f6311bb4acc0bc72e4a915a32093a7a85741c.flv,e6f1dd4881c0088d861763dadd83db04fb353500.flv	(2, 3)(2, 4)(3, 5)(4, 6)(5, 7)(6, 8)
1f4f6311bb4acc0bc72e4a915a32093a7a85741c.flv,e6f1dd4881c0088d861763dadd83db04fb353500.flv	(7, 11)(8, 12)
1f4f6311bb4acc0bc72e4a915a32093a7a85741c.flv,e6f1dd4881c0088d861763dadd83db04fb353500.flv	(9, 26)(10, 27)
1f4f6311bb4acc0bc72e4a915a32093a7a85741c.flv,f9395fd63d7f59cae6103cfb00e116b4a1d0be5e.flv	(0, 6)
1f4f6311bb4acc0bc72e4a915a32093a7a85741c.flv,f9395fd63d7f59cae6103cfb00e116b4a1d0be5e.flv	(2, 7)(2, 8)(3, 9)(6, 11)
1f4f6311bb4acc0bc72e4a915a32093a7a85741c.flv,f9395fd63d7f59cae6103cfb00e116b4a1d0be5e.flv	(7, 12)(8, 13)
1f4f6311bb4acc0bc72e4a915a32093a7a85741c.flv,f9395fd63d7f59cae6103cfb00e116b4a1d0be5e.flv	(9, 23)(10, 24)(11, 25)(12, 26)
1f4f6311bb4acc0bc72e4a915a32093a7a85741c.flv,f98075fcebb2596c91cf6886b30a39521cc60855.flv	(0, 0)(1, 1)(2, 2)(2, 3)(3, 4)(4, 5)(5, 6)(6, 7)(7, 8)(8, 9)
1f4f6311bb4acc0bc72e4a915a32093a7a85741c.flv,fa0aa890db611cbe029b8c222663579ec7081bb6.flv	(0, 0)(1, 1)(2, 3)(3, 5)(4, 6)(5, 7)(6, 8)(7, 10)(8, 11)(9, 12)(10, 14)(11, 17)(12, 18)
37a935b4c21662e183a0dd632f40d5fd6900c42b.mp4,37a935b4c21662e183a0dd632f40d5fd6900c42b.mp4	(0, 0)(1, 1)(2, 2)(3, 3)(4, 4)(5, 5)(6, 6)(7, 7)(8, 8)(9, 9)(10, 10)(11, 11)(12, 12)(13, 13)(14, 14)(15, 15)(16, 16)(17, 17)(18, 18)(19, 19)(20, 20)(21, 21)
37a935b4c21662e183a0dd632f40d5fd6900c42b.mp4,3fe2e54fdb267849aa8aeb0b39ec0d1c7075b391.flv	(10, 3)(10, 4)(11, 5)(11, 6)(12, 7)(13, 9)(14, 10)(15, 12)(16, 13)(17, 14)(18, 14)(19, 15)(20, 16)(21, 17)
37a935b4c21662e183a0dd632f40d5fd6900c42b.mp4,4ffe88b2da93f727952dc3104e70c0b0665d9e1a.flv	(8, 2)(9, 3)(10, 4)(13, 8)
37a935b4c21662e183a0dd632f40d5fd6900c42b.mp4,52ac7a125ee96ff91ca49c197d3a79b6c0857e68.flv	(10, 2)(11, 4)(11, 5)(12, 6)(13, 8)(15, 10)(16, 11)
37a935b4c21662e183a0dd632f40d5fd6900c42b.mp4,54f841cdb1b1a498c656bd541d23c690b70737bd.flv	
37a935b4c21662e183a0dd632f40d5fd6900c42b.mp4,5d38467d3becf8273bd7ae9028a37fcb0cc3828b.flv	
37a935b4c21662e183a0dd632f40d5fd6900c42b.mp4,5d38467d3becf8273bd7ae9028a37fcb0cc3828b.flv	(10, 8)(11, 10)(12, 11)
37a935b4c21662e183a0dd632f40d5fd6900c42b.mp4,5d38467d3becf8273bd7ae9028a37fcb0cc3828b.flv	(14, 12)
37a935b4c21662e183a0dd632f40d5fd6900c42b.mp4,5d38467d3becf8273bd7ae9028a37fcb0cc3828b.flv	(15, 23)(20, 25)(21, 26)
37a935b4c21662e183a0dd632f40d5fd6900c42b.mp4,63407cc775874d569f82a2060c636b785c09a487.flv	(10, 2)(11, 3)(11, 4)(12, 5)(13, 7)(15, 9)
37a935b4c21662e183a0dd632f40d5fd6900c42b.mp4,66e0225621e48946b7ab09027c18c83b69564002.flv	(0, 0)(1, 1)(5, 3)(5, 4)(6, 5)(7, 6)(8, 7)(8, 8)(9, 9)(10, 10)(10, 11)(11, 12)(11, 13)
37a935b4c21662e183a0dd632f40d5fd6900c42b.mp4,72e97f43a27cdb56a82454758c383c1ac82e91b9.flv	(8, 5)(9, 6)(14, 12)(15, 13)(16, 14)(19, 17)(21, 19)
37a935b4c21662e183a0dd632f40d5fd6900c42b.mp4,74018dcbf908a0a0319e889a70a920896b63ed99.flv	(10, 2)(11, 4)(11, 5)(12, 6)(13, 8)(15, 10)(16, 11)(20, 13)
37a935b4c21662e183a0dd632f40d5fd6900c42b.mp4,9026d2a43d0e645901aa9138136bbc1491856ffb.flv	(9, 2)(10, 3)(10, 4)(11, 6)(12, 7)(13, 9)(14, 10)(15, 12)(16, 13)(18, 14)(19, 15)(20, 16)(20, 17)
37a935b4c21662e183a0dd632f40d5fd6900c42b.mp4,97c71f57e83f6ab16906fdd7edc8e3f88d2ceee1.flv	
37a935b4c21662e183a0dd632f40d5fd6900c42b.mp4,97c71f57e83f6ab16906fdd7edc8e3f88d2ceee1.flv	(12, 0)
37a935b4c21662e183a0dd632f40d5fd6900c42b.mp4,97c71f57e83f6ab16906fdd7edc8e3f88d2ceee1.flv	(14, 0)
37a935b4c21662e183a0dd632f40d5fd6900c42b.mp4,97c71f57e83f6ab16906fdd7edc8e3f88d2ceee1.flv	
37a935b4c21662e183a0dd632f40d5fd6900c42b.mp4,a100d2d414f1faa59abdb409e8858d6a4ba96618.flv	
37a935b4c21662e183a0dd632f40d5fd6900c42b.mp4,a100d2d414f1faa59abdb409e8858d6a4ba96618.flv	(10, 3)(10, 4)(11, 5)(11, 6)(12, 7)
37a935b4c21662e183a0dd632f40d5fd6900c42b.mp4,a100d2d414f1faa59abdb409e8858d6a4ba96618.flv	(14, 11)
37a935b4c21662e183a0dd632f40d5fd6900c42b.mp4,a100d2d414f1faa59abdb409e8858d6a4ba96618.flv	(15, 25)(16, 26)(17, 27)(19, 28)(20, 29)
37a935b4c21662e183a0dd632f40d5fd6900c42b.mp4,ab12206048207553294916664d0ebf1cd9e81ef6.flv	(10, 2)(11, 3)(11, 4)(12, 5)(13, 7)(15, 9)
37a935b4c21662e183a0dd632f40d5fd6900c42b.mp4,b34b81ce75ea0773ba04b3f1ddedf3f3fac823fa.flv	(10, 2)(11, 4)(11, 5)(12, 6)(15, 11)(16, 12)(17, 13)(19, 14)(20, 15)
37a935b4c21662e183a0dd632f40d5fd6900c42b.mp4,c4384b8402362a0351d4e1dc9de0c01d7117322f.flv	(10, 2)(11, 4)(11, 5)(12, 6)(15, 11)(19, 13)(20, 14)
37a935b4c21662e183a0dd632f40d5fd6900c42b.mp4,d28c7952b8a60139126446bc81bff5ecebcf5129.flv	(10, 2)(11, 4)(11, 5)(12, 6)(13, 8)(15, 10)(16, 11)
37a935b4c21662e183a0dd632f40d5fd6900c42b.mp4,e4516162efaa2bb36d38fbf245bc41b6fd24f443.flv	(10, 3)(11, 5)(11, 6)(12, 7)(13, 9)(14, 10)(15, 12)(16, 13)(18, 14)(19, 15)(20, 16)(21, 18)
37a935b4c21662e183a0dd632f40d5fd6900c42b.mp4,e6f1dd4881c0088d861763dadd83db04fb353500.flv	
37a935b4c21662e183a0dd632f40d5fd6900c42b.mp4,e6f1dd4881c0088d861763dadd83db04fb353500.flv	(10, 3)(10, 4)(11, 5)(11, 6)(12, 7)
37a935b4c21662e183a0dd632f40d5fd6900c42b.mp4,e6f1dd4881c0088d861763dadd83db04fb353500.flv	(14, 11)
37a935b4c21662e183a0dd632f40d5fd6900c42b.mp4,e6f1dd4881c0088d861763dadd83db04fb353500.flv	(15, 25)(16, 26)(17, 27)(19, 28)(20, 29)
37a935b4c21662e183a0dd632f40d5fd6900c42b.mp4,f9395fd63d7f59cae6103cfb00e116b4a1d0be5e.flv	
37a935b4c21662e183a0dd632f40d5fd6900c42b.mp4,f9395fd63d7f59cae6103cfb00e116b4a1d0be5e.flv	(10, 7)(10, 8)(11, 9)(12, 11)
37a935b4c21662e183a0dd632f40d5fd6900c42b.mp4,f9395fd63d7f59cae6103cfb00e116b4a1d0be5e.flv	(14, 12)
37a935b4c21662e183a0dd632f40d5fd6900c42b.mp4,f9395fd63d7f59cae6103cfb00e116b4a1d0be5e.flv	(15, 23)(20, 25)(21, 26)
37a935b4c21662e183a0dd632f40d5fd6900c42b.mp4,f98075fcebb2596c91cf6886b30a39521cc60855.flv	(10, 2)(10, 3)(11, 4)(12, 6)
37a935b4c21662e183a0dd632f40d5fd6900c42b.mp4,fa0aa890db611cbe029b8c222663579ec7081bb6.flv	(9, 2)(10, 3)(11, 5)(11, 6)(12, 7)(15, 12)(16, 13)(17, 14)(19, 15)(20, 16)
3fe2e54fdb267849aa8aeb0b39ec0d1c7075b391.flv,3fe2e54fdb267849aa8aeb0b39ec0d1c7075b391.flv	(0, 0)(1, 1)(2, 2)(3, 3)(4, 4)(5, 5)(6, 6)(7, 7)(8, 8)(9, 9)(10, 10)(11, 11)(12, 12)(13, 13)(14, 14)(15, 15)(16, 16)(17, 17)(18, 18)(19, 19)(20, 20)
3fe2e54fdb267849aa8aeb0b39ec0d1c7075b391.flv,4ffe88b2da93f727952dc3104e70c0b0665d9e1a.flv	(1, 0)(2, 1)(3, 3)(4, 4)(5, 5)(6, 5)(7, 6)(8, 7)(9, 8)
3fe2e54fdb267849aa8aeb0b39ec0d1c7075b391.flv,52ac7a125ee96ff91ca49c197d3a79b6c0857e68.flv	(1, 0)(2, 1)(3, 2)(4, 3)(5, 4)(6, 5)(7, 6)(8, 7)(10, 8)(11, 9)(12, 10)(13, 11)(14, 12)(17, 13)
3fe2e54fdb267849aa8aeb0b39ec0d1c7075b391.flv,54f841cdb1b1a498c656bd541d23c690b70737bd.flv	(1, 0)(2, 1)
3fe2e54fdb267849aa8aeb0b39ec0d1c7075b391.flv,5d38467d3becf8273bd7ae9028a37fcb0cc3828b.flv	(1, 6)
3fe2e54fdb267849aa8aeb0b39ec0d1c7075b391.flv,5d38467d3becf8273bd7ae9028a37fcb0cc3828b.flv	(3, 7)(4, 8)(5, 9)(8, 11)
3fe2e54fdb267849aa8aeb0b39ec0d1c7075b391.flv,5d38467d3becf8273bd7ae9028a37fcb0cc3828b.flv	(10, 12)(11, 13)
3fe2e54fdb267849aa8aeb0b39ec0d1c7075b391.flv,5d38467d3becf8273bd7ae9028a37fcb0cc3828b.flv	(12, 23)(14, 24)(17, 25)
3fe2e54fdb267849aa8aeb0b39ec0d1c7075b391.flv,63407cc775874d569f82a2060c636b785c09a487.flv	(1, 0)(2, 1)(3, 2)(4, 2)(5, 3)(6, 4)(7, 5)(8, 6)(10, 7)(11, 8)(12, 9)(14, 10)(17, 11)
3fe2e54fdb267849aa8aeb0b39ec0d1c7075b391.flv,66e0225621e48946b7ab09027c18c83b69564002.flv	(2, 13)
3fe2e54fdb267849aa8aeb0b39ec0d1c7075b391.flv,72e97f43a27cdb56a82454758c383c1ac82e91b9.flv	(1, 2)(6, 8)(8, 10)(9, 11)(10, 12)(13, 14)(14, 15)(15, 17)(17, 19)
3fe2e54fdb267849aa8aeb0b39ec0d1c7075b391.flv,74018dcbf908a0a0319e889a70a920896b63ed99.flv	(1, 0)(2, 1)(3, 2)(4, 3)(5, 4)(6, 5)(7, 6)(8, 7)(10, 8)(11, 9)(12, 10)(13, 11)(14, 12)(16, 13)(17, 14)
3fe2e54fdb267849aa8aeb0b39ec0d1c7075b391.flv,9026d2a43d0e645901aa9138136bbc1491856ffb.flv	(1, 0)(2, 1)(3, 3)(4, 4)(5, 5)(6, 6)(7, 7)(8, 8)(9, 9)(10, 10)(11, 11)(12, 12)(14, 14)(15, 15)(16, 16)(17, 17)
3fe2e54fdb267849aa8aeb0b39ec0d1c7075b391.flv,97c71f57e83f6ab16906fdd7edc8e3f88d2ceee1.flv	(1, 0)
3fe2e54fdb267849aa8aeb0b39ec0d1c7075b391.flv,97c71f57e83f6ab16906fdd7edc8e3f88d2ceee1.flv	
3fe2e54fdb267849aa8aeb0b39ec0d1c7075b391.flv,97c71f57e83f6ab16906fdd7edc8e3f88d2ceee1.flv	(10, 0)
3fe2e54fdb267849aa8aeb0b39ec0d1c7075b391.flv,97c71f57e83f6ab16906fdd7edc8e3f88d2ceee1.flv	
3fe2e54fdb267849aa8aeb0b39ec0d1c7075b391.flv,a100d2d414f1faa59abdb409e8858d6a4ba96618.flv	(1, 1)(2, 2)
3fe2e54fdb267849aa8aeb0b39ec0d1c7075b391.flv,a100d2d414f1faa59abdb409e8858d6a4ba96618.flv	(3, 3)(4, 4)(5, 5)(6, 6)(7, 7)(8, 8)
3fe2e54fdb267849aa8aeb0b39ec0d1c7075b391.flv,a100d2d414f1faa59abdb409e8858d6a4ba96618.flv	(10, 11)(11, 12)
3fe2e54fdb267849aa8aeb0b39ec0d1c7075b391.flv,a100d2d414f1faa59abdb409e8858d6a4ba96618.flv	(12, 25)(13, 26)(14, 27)(15, 28)(17, 29)
3fe2e54fdb267849aa8aeb0b39ec0d1c7075b391.flv,ab12206048207553294916664d0ebf1cd9e81ef6.flv	(1, 0)(2, 1)(3, 2)(4, 2)(5, 3)(6, 4)(7, 5)(8, 6)(10, 7)(11, 8)(12, 9)
3fe2e54fdb267849aa8aeb0b39ec0d1c7075b391.flv,b34b81ce75ea0773ba04b3f1ddedf3f3fac823fa.flv	(1, 0)(2, 1)(3, 2)(4, 3)(5, 4)(6, 5)(7, 6)(8, 7)(9, 8)(10, 9)(11, 10)(12, 11)(13, 12)(14, 13)(15, 14)(16, 15)(17, 16)
3fe2e54fdb267849aa8aeb0b39ec0d1c7075b391.flv,c4384b8402362a0351d4e1dc9de0c01d7117322f.flv	(1, 0)(2, 1)(3, 2)(4, 3)(5, 4)(6, 5)(7, 6)(8, 7)(9, 8)(10, 9)(11, 10)(12, 11)(14, 12)(15, 13)(16, 14)(17, 15)
3fe2e54fdb267849aa8aeb0b39ec0d1c7075b391.flv,d28c7952b8a60139126446bc81bff5ecebcf5129.flv	(1, 0)(2, 1)(3, 2)(4, 3)(5, 4)(6, 5)(7, 6)(8, 7)(10, 8)(11, 9)(12, 10)(13, 11)(14, 12)(17, 13)
3fe2e54fdb267849aa8aeb0b39ec0d1c7075b391.flv,e4516162efaa2bb36d38fbf245bc41b6fd24f443.flv	(0, 0)(1, 1)(2, 2)(3, 3)(4, 4)(5, 5)(6, 6)(7, 7)(8, 8)(9, 9)(10, 10)(11, 11)(12, 12)(13, 13)(14, 14)(15, 15)(16, 16)(17, 17)(18, 18)(19, 19)(20, 20)
3fe2e54fdb267849aa8aeb0b39ec0d1c7075b391.flv,e6f1dd4881c0088d861763dadd83db04fb353500.flv	(1, 1)(2, 2)
3fe2e54fdb267849aa8aeb0b39ec0d1c7075b391.flv,e6f1dd4881c0088d861763dadd83db04fb353500.flv	(3, 3)(4, 4)(5, 5)(6, 6)(7, 7)(8, 8)
3fe2e54fdb267849aa8aeb0b39ec0d1c7075b391.flv,e6f1dd4881c0088d861763dadd83db04fb353500.flv	(10, 11)(11, 12)
3fe2e54fdb267849aa8aeb0b39ec0d1c7075b391.flv,e6f1dd4881c0088d861763dadd83db04fb353500.flv	(14, 27)(16, 29)
3fe2e54fdb267849aa8aeb0b39ec0d1c7075b391.flv,f9395fd63d7f59cae6103cfb00e116b4a1d0be5e.flv	(1, 6)
3fe2e54fdb267849aa8aeb0b39ec0d1c7075b391.flv,f9395fd63d7f59cae6103cfb00e116b4a1d0be5e.flv	(3, 7)(4, 8)(5, 9)(8, 11)
3fe2e54fdb267849aa8aeb0b39ec0d1c7075b391.flv,f9395fd63d7f59cae6103cfb00e116b4a1d0be5e.flv	(10, 12)(11, 13)
3fe2e54fdb267849aa8aeb0b39ec0d1c7075b391.flv,f9395fd63d7f59cae6103cfb00e116b4a1d0be5e.flv	(14, 24)(17, 25)
3fe2e54fdb267849aa8aeb0b39ec0d1c7075b391.flv,f98075fcebb2596c91cf6886b30a39521cc60855.flv	(1, 0)(2, 1)(3, 2)(4, 3)(5, 4)(6, 5)(7, 6)(8, 7)(10, 8)(11, 9)
3fe2e54fdb267849aa8aeb0b39ec0d1c7075b391.flv,fa0aa890db611cbe029b8c222663579ec7081bb6.flv	(1, 0)(2, 1)(3, 3)(4, 4)(5, 5)(6, 6)(7, 7)(8, 8)(9, 9)(10, 10)(11, 11)(12, 12)(13, 13)(14, 14)(15, 15)(16, 16)(17, 17)
4ffe88b2da93f727952dc3104e70c0b0665d9e1a.flv,4ffe88b2da93f727952dc3104e70c0b0665d9e1a.flv	(0, 0)(1, 1)(2, 2)(3, 3)(4, 4)(5, 5)(6, 6)(7, 7)(8, 8)
4ffe88b2da93f727952dc3104e70c0b0665d9e1a.flv,52ac7a125ee96ff91ca49c197d3a79b6c0857e68.flv	(0, 0)(1, 1)(3, 2)(4, 3)(5, 4)(5, 5)(6, 6)(7, 7)(8, 8)
4ffe88b2da93f727952dc3104e70c0b0665d9e1a.flv,54f841cdb1b1a498c656bd541d23c690b70737bd.flv	(0, 0)(1, 1)
4ffe88b2da93f727952dc3104e70c0b0665d9e1a.flv,5d38467d3becf8273bd7ae9028a37fcb0cc3828b.flv	(0, 6)
4ffe88b2da93f727952dc3104e70c0b0665d9e1a.flv,5d38467d3becf8273bd7ae9028a37fcb0cc3828b.flv	(3, 7)(4, 8)(5, 9)(7, 11)
4ffe88b2da93f727952dc3104e70c0b0665d9e1a.flv,63407cc775874d569f82a2060c636b785c09a487.flv	(0, 0)(1, 1)(4, 2)(5, 3)(5, 4)(6, 5)(7, 6)(8, 7)
4ffe88b2da93f727952dc3104e70c0b0665d9e1a.flv,66e0225621e48946b7ab09027c18c83b69564002.flv	(0, 2)(2, 9)(3, 10)(4, 11)(5, 13)
4ffe88b2da93f727952dc3104e70c0b0665d9e1a.flv,72e97f43a27cdb56a82454758c383c1ac82e91b9.flv	(0, 2)(1, 4)(6, 10)(8, 12)
4ffe88b2da93f727952dc3104e70c0b0665d9e1a.flv,74018dcbf908a0a0319e889a70a920896b63ed99.flv	(0, 0)(1, 1)(3, 2)(4, 3)(5, 4)(5, 5)(6, 6)(7, 7)(8, 8)
4ffe88b2da93f727952dc3104e70c0b0665d9e1a.flv,9026d2a43d0e645901aa9138136bbc1491856ffb.flv	(0, 0)(1, 1)(2, 2)(3, 3)(4, 4)(5, 5)(5, 6)(6, 7)(7, 8)(8, 9)
4ffe88b2da93f727952dc3104e70c0b0665d9e1a.flv,97c71f57e83f6ab16906fdd7edc8e3f88d2ceee1.flv	(0, 0)
4ffe88b2da93f727952dc3104e70c0b0665d9e1a.flv,97c71f57e83f6ab16906fdd7edc8e3f88d2ceee1.flv	
4ffe88b2da93f727952dc3104e70c0b0665d9e1a.flv,a100d2d414f1faa59abdb409e8858d6a4ba96618.flv	(0, 1)(1, 2)
4ffe88b2da93f727952dc3104e70c0b0665d9e1a.flv,a100d2d414f1faa59abdb409e8858d6a4ba96618.flv	(3, 3)(4, 4)
4ffe88b2da93f727952dc3104e70c0b0665d9e1a.flv,ab12206048207553294916664d0ebf1cd9e81ef6.flv	(0, 0)(1, 1)(4, 2)(5, 3)(5, 4)(6, 5)(7, 6)(8, 7)
4ffe88b2da93f727952dc3104e70c0b0665d9e1a.flv,b34b81ce75ea0773ba04b3f1ddedf3f3fac823fa.flv	(0, 0)(1, 1)(3, 2)(4, 3)(5, 4)(5, 5)(6, 6)(7, 7)(8, 8)
4ffe88b2da93f727952dc3104e70c0b0665d9e1a.flv,c4384b8402362a0351d4e1dc9de0c01d7117322f.flv	(0, 0)(1, 1)(3, 2)(4, 3)(5, 4)(5, 5)(6, 6)(7, 7)(8, 8)
4ffe88b2da93f727952dc3104e70c0b0665d9e1a.flv,d28c7952b8a60139126446bc81bff5ecebcf5129.flv	(0, 0)(1, 1)(3, 2)(4, 3)(5, 4)(5, 5)(6, 6)(7, 7)(8, 8)
4ffe88b2da93f727952dc3104e70c0b0665d9e1a.flv,e4516162efaa2bb36d38fbf245bc41b6fd24f443.flv	(0, 1)(1, 2)(3, 3)(4, 4)(5, 5)(5, 6)(6, 7)(7, 8)(8, 9)
4ffe88b2da93f727952dc3104e70c0b0665d9e1a.flv,e6f1dd4881c0088d861763dadd83db04fb353500.flv	(0, 1)(1, 2)
4ffe88b2da93f727952dc3104e70c0b0665d9e1a.flv,e6f1dd4881c0088d861763dadd83db04fb353500.flv	(3, 3)(4, 4)(5, 5)(5, 6)(6, 7)(7, 8)
4ffe88b2da93f727952dc3104e70c0b0665d9e1a.flv,f9395fd63d7f59cae6103cfb00e116b4a1d0be5e.flv	(0, 6)
4ffe88b2da93f727952dc3104e70c0b0665d9e1a.flv,f9395fd63d7f59cae6103cfb00e116b4a1d0be5e.flv	(3, 7)(4, 8)(5, 9)(7, 11)
4ffe88b2da93f727952dc3104e70c0b0665d9e1a.flv,f98075fcebb2596c91cf6886b30a39521cc60855.flv	(5, 1)(7, 8)
4ffe88b2da93f727952dc3104e70c0b0665d9e1a.flv,fa0aa890db611cbe029b8c222663579ec7081bb6.flv	(5, 1)
52ac7a125ee96ff91ca49c197d3a79b6c0857e68.flv,52ac7a125ee96ff91ca49c197d3a79b6c0857e68.flv	(0, 0)(1, 1)(2, 2)(3, 3)(4, 4)(5, 5)(6, 6)(7, 7)(8, 8)(9, 9)(10, 10)(11, 11)(12, 12)(13, 13)(14, 14)
52ac7a125ee96ff91ca49c197d3a79b6c0857e68.flv,54f841cdb1b1a498c656bd541d23c690b70737bd.flv	(0, 0)(1, 1)
52ac7a125ee96ff91ca49c197d3a79b6c0857e68.flv,5d38467d3becf8273bd7ae9028a37fcb0cc3828b.flv	(0, 6)
52ac7a125ee96ff91ca49c197d3a79b6c0857e68.flv,5d38467d3becf8273bd7ae9028a37fcb0cc3828b.flv	(2, 7)(3, 8)(4, 9)(7, 11)
52ac7a125ee96ff91ca49c197d3a79b6c0857e68.flv,5d38467d3becf8273bd7ae9028a37fcb0cc3828b.flv	(8, 12)(9, 13)
52ac7a125ee96ff91ca49c197d3a79b6c0857e68.flv,5d38467d3becf8273bd7ae9028a37fcb0cc3828b.flv	(12, 24)(13, 25)(14, 26)
52ac7a125ee96ff91ca49c197d3a79b6c0857e68.flv,63407cc775874d569f82a2060c636b785c09a487.flv	(0, 0)(1, 1)(2, 2)(4, 3)(5, 4)(6, 5)(7, 6)(8, 7)(9, 8)(10, 9)(12, 10)(13, 11)(14, 12)
52ac7a125ee96ff91ca49c197d3a79b6c0857e68.flv,66e0225621e48946b7ab09027c18c83b69564002.flv	(0, 2)(2, 10)(3, 11)(4, 12)(5, 13)
52ac7a125ee96ff91ca49c197d3a79b6c0857e68.flv,72e97f43a27cdb56a82454758c383c1ac82e91b9.flv	(0, 2)(6, 10)(8, 12)(10, 13)(11, 14)(13, 19)
52ac7a125ee96ff91ca49c197d3a79b6c0857e68.flv,74018dcbf908a0a0319e889a70a920896b63ed99.flv	(0, 0)(1, 1)(2, 2)(3, 3)(4, 4)(5, 5)(6, 6)(7, 7)(8, 8)(9, 9)(10, 10)(11, 11)(12, 12)(13, 14)(14, 15)
52ac7a125ee96ff91ca49c197d3a79b6c0857e68.flv,9026d2a43d0e645901aa9138136bbc1491856ffb.flv	(0, 0)(1, 1)(2, 3)(3, 4)(4, 5)(5, 6)(6, 7)(7, 8)(8, 10)(9, 11)(10, 12)(11, 13)(12, 14)(13, 17)
52ac7a125ee96ff91ca49c197d3a79b6c0857e68.flv,97c71f57e83f6ab16906fdd7edc8e3f88d2ceee1.flv	(0, 0)
52ac7a125ee96ff91ca49c197d3a79b6c0857e68.flv,97c71f57e83f6ab16906fdd7edc8e3f88d2ceee1.flv	
52ac7a125ee96ff91ca49c197d3a79b6c0857e68.flv,97c71f57e83f6ab16906fdd7edc8e3f88d2ceee1.flv	(8, 0)
52ac7a125ee96ff91ca49c197d3a79b6c0857e68.flv,97c71f57e83f6ab16906fdd7edc8e3f88d2ceee1.flv	(12, 0)
52ac7a125ee96ff91ca49c197d3a79b6c0857e68.flv,a100d2d414f1faa59abdb409e8858d6a4ba96618.flv	(0, 1)(1, 2)
52ac7a125ee96ff91ca49c197d3a79b6c0857e68.flv,a100d2d414f1faa59abdb409e8858d6a4ba96618.flv	(2, 3)(3, 4)(4, 5)(5, 6)(6, 7)(7, 8)
52ac7a125ee96ff91ca49c197d3a79b6c0857e68.flv,a100d2d414f1faa59abdb409e8858d6a4ba96618.flv	(8, 11)(9, 12)
52ac7a125ee96ff91ca49c197d3a79b6c0857e68.flv,a100d2d414f1faa59abdb409e8858d6a4ba96618.flv	(11, 26)(12, 27)(13, 29)
52ac7a125ee96ff91ca49c197d3a79b6c0857e68.flv,ab12206048207553294916664d0ebf1cd9e81ef6.flv	(0, 0)(1, 1)(2, 2)(4, 3)(5, 4)(6, 5)(7, 6)(8, 7)(9, 8)(10, 9)(12, 10)
52ac7a125ee96ff91ca49c197d3a79b6c0857e68.flv,b34b81ce75ea0773ba04b3f1ddedf3f3fac823fa.flv	(0, 0)(1, 1)(2, 2)(3, 3)(4, 4)(5, 5)(6, 6)(7, 7)(8, 9)(9, 10)(10, 11)(11, 12)(12, 13)(13, 16)(14, 17)
52ac7a125ee96ff91ca49c197d3a79b6c0857e68.flv,c4384b8402362a0351d4e1dc9de0c01d7117322f.flv	(0, 0)(1, 1)(2, 2)(3, 3)(4, 4)(5, 5)(6, 6)(7, 7)(8, 9)(9, 10)(10, 11)(12, 12)(13, 15)(14, 16)
52ac7a125ee96ff91ca49c197d3a79b6c0857e68.flv,d28c7952b8a60139126446bc81bff5ecebcf5129.flv	(0, 0)(1, 1)(2, 2)(3, 3)(4, 4)(5, 5)(6, 6)(7, 7)(8, 8)(9, 9)(10, 10)(11, 11)(12, 12)(13, 13)(14, 14)
52ac7a125ee96ff91ca49c197d3a79b6c0857e68.flv,e4516162efaa2bb36d38fbf245bc41b6fd24f443.flv	(0, 1)(1, 2)(2, 3)(3, 4)(4, 5)(5, 6)(6, 7)(7, 8)(8, 10)(9, 11)(10, 12)(11, 13)(12, 14)(13, 17)
52ac7a125ee96ff91ca49c197d3a79b6c0857e68.flv,e6f1dd4881c0088d861763dadd83db04fb353500.flv	(0, 1)(1, 2)
52ac7a125ee96ff91ca49c197d3a79b6c0857e68.flv,e6f1dd4881c0088d861763dadd83db04fb353500.flv	(2, 3)(3, 4)(4, 5)(5, 6)(6, 7)(7, 8)
52ac7a125ee96ff91ca49c197d3a79b6c0857e68.flv,e6f1dd4881c0088d861763dadd83db04fb353500.flv	(8, 11)(9, 12)
52ac7a125ee96ff91ca49c197d3a79b6c0857e68.flv,e6f1dd4881c0088d861763dadd83db04fb353500.flv	(11, 26)(12, 27)(13, 29)
52ac7a125ee96ff91ca49c197d3a79b6c0857e68.flv,f9395fd63d7f59cae6103cfb00e116b4a1d0be5e.flv	(0, 6)
52ac7a125ee96ff91ca49c197d3a79b6c0857e68.flv,f9395fd63d7f59cae6103cfb00e116b4a1d0be5e.flv	(2, 7)(3, 8)(4, 9)(7, 11)
52ac7a125ee96ff91ca49c197d3a79b6c0857e68.flv,f9395fd63d7f59cae6103cfb00e116b4a1d0be5e.flv	(8, 12)(9, 13)
52ac7a125ee96ff91ca49c197d3a79b6c0857e68.flv,f9395fd63d7f59cae6103cfb00e116b4a1d0be5e.flv	(12, 24)(13, 25)
52ac7a125ee96ff91ca49c197d3a79b6c0857e68.flv,f98075fcebb2596c91cf6886b30a39521cc60855.flv	(0, 0)(1, 1)(2, 2)(3, 3)(4, 4)(5, 5)(6, 6)(7, 7)(8, 8)(9, 9)
52ac7a125ee96ff91ca49c197d3a79b6c0857e68.flv,fa0aa890db611cbe029b8c222663579ec7081bb6.flv	(0, 0)(1, 1)(2, 3)(3, 4)(4, 5)(5, 6)(6, 7)(7, 8)(8, 10)(9, 11)(10, 12)(11, 13)(12, 14)(13, 17)(14, 18)
54f841cdb1b1a498c656bd541d23c690b70737bd.flv,54f841cdb1b1a498c656bd541d23c690b70737bd.flv	(0, 0)(1, 1)
54f841cdb1b1a498c656bd541d23c690b70737bd.flv,5d38467d3becf8273bd7ae9028a37fcb0cc3828b.flv	(0, 6)
54f841cdb1b1a498c656bd541d23c690b70737bd.flv,63407cc775874d569f82a2060c636b785c09a487.flv	(0, 0)(1, 1)
54f841cdb1b1a498c656bd541d23c690b70737bd.flv,66e0225621e48946b7ab09027c18c83b69564002.flv	(0, 2)
54f841cdb1b1a498c656bd541d23c690b70737bd.flv,72e97f43a27cdb56a82454758c383c1ac82e91b9.flv	(0, 2)
54f841cdb1b1a498c656bd541d23c690b70737bd.flv,74018dcbf908a0a0319e889a70a920896b63ed99.flv	(0, 0)(1, 1)
54f841cdb1b1a498c656bd541d23c690b70737bd.flv,9026d2a43d0e645901aa9138136bbc1491856ffb.flv	(0, 0)(1, 1)
54f841cdb1b1a498c656bd541d23c690b70737bd.flv,97c71f57e83f6ab16906fdd7edc8e3f88d2ceee1.flv	(0, 0)
54f841cdb1b1a498c656bd541d23c690b70737bd.flv,a100d2d414f1faa59abdb409e8858d6a4ba96618.flv	(0, 1)(1, 2)
54f841cdb1b1a498c656bd541d23c690b70737bd.flv,ab12206048207553294916664d0ebf1cd9e81ef6.flv	(0, 0)(1, 1)
54f841cdb1b1a498c656bd541d23c690b70737bd.flv,b34b81ce75ea0773ba04b3f1ddedf3f3fac823fa.flv	(0, 0)(1, 1)
54f841cdb1b1a498c656bd541d23c690b70737bd.flv,c4384b8402362a0351d4e1dc9de0c01d7117322f.flv	(0, 0)(1, 1)
54f841cdb1b1a498c656bd541d23c690b70737bd.flv,d28c7952b8a60139126446bc81bff5ecebcf5129.flv	(0, 0)(1, 1)
54f841cdb1b1a498c656bd541d23c690b70737bd.flv,e4516162efaa2bb36d38fbf245bc41b6fd24f443.flv	(0, 1)(1, 2)
54f841cdb1b1a498c656bd541d23c690b70737bd.flv,e6f1dd4881c0088d861763dadd83db04fb353500.flv	(0, 1)(1, 2)
54f841cdb1b1a498c656bd541d23c690b70737bd.flv,f9395fd63d7f59cae6103cfb00e116b4a1d0be5e.flv	(0, 6)
54f841cdb1b1a498c656bd541d23c690b70737bd.flv,f98075fcebb2596c91cf6886b30a39521cc60855.flv	(0, 0)(1, 1)
54f841cdb1b1a498c656bd541d23c690b70737bd.flv,fa0aa890db611cbe029b8c222663579ec7081bb6.flv	(0, 0)(1, 1)
5d38467d3becf8273bd7ae9028a37fcb0cc3828b.flv,5d38467d3becf8273bd7ae9028a37fcb0cc3828b.flv	(0, 0)(1, 1)(2, 2)(3, 3)(4, 4)(5, 5)(6, 6)(7, 7)(8, 8)(9, 9)(10, 10)(11, 11)(12, 12)(13, 13)(14, 14)(15, 15)(16, 16)(17, 17)(18, 18)(19, 19)(20, 20)(21, 21)(22, 22)(23, 23)(24, 24)(25, 25)(26, 26)(27, 27)(28, 28)(29, 29)(30, 30)(31, 31)(32, 32)(33, 33)(34, 34)(35, 35)(36, 36)(37, 37)(38, 38)(39, 39)(40, 40)(41, 41)(42, 42)(43, 43)(44, 44)(45, 45)(46, 46)(47, 47)(48, 48)(49, 49)(50, 50)(51, 51)
5d38467d3becf8273bd7ae9028a37fcb0cc3828b.flv,63407cc775874d569f82a2060c636b785c09a487.flv	(6, 0)
5d38467d3becf8273bd7ae9028a37fcb0cc3828b.flv,63407cc775874d569f82a2060c636b785c09a487.flv	(7, 2)(8, 2)(9, 3)(11, 6)
5d38467d3becf8273bd7ae9028a37fcb0cc3828b.flv,63407cc775874d569f82a2060c636b785c09a487.flv	(12, 7)(13, 8)
5d38467d3becf8273bd7ae9028a37fcb0cc3828b.flv,63407cc775874d569f82a2060c636b785c09a487.flv	(23, 9)(24, 10)(25, 11)(26, 12)
5d38467d3becf8273bd7ae9028a37fcb0cc3828b.flv,66e0225621e48946b7ab09027c18c83b69564002.flv	
5d38467d3becf8273bd7ae9028a37fcb0cc3828b.flv,66e0225621e48946b7ab09027c18c83b69564002.flv	(8, 11)(9, 12)(10, 13)
5d38467d3becf8273bd7ae9028a37fcb0cc3828b.flv,72e97f43a27cdb56a82454758c383c1ac82e91b9.flv	
5d38467d3becf8273bd7ae9028a37fcb0cc3828b.flv,72e97f43a27cdb56a82454758c383c1ac82e91b9.flv	(8, 8)(9, 8)(10, 9)
5d38467d3becf8273bd7ae9028a37fcb0cc3828b.flv,72e97f43a27cdb56a82454758c383c1ac82e91b9.flv	(12, 12)
5d38467d3becf8273bd7ae9028a37fcb0cc3828b.flv,72e97f43a27cdb56a82454758c383c1ac82e91b9.flv	(23, 13)
5d38467d3becf8273bd7ae9028a37fcb0cc3828b.flv,74018dcbf908a0a0319e889a70a920896b63ed99.flv	(6, 0)
5d38467d3becf8273bd7ae9028a37fcb0cc3828b.flv,74018dcbf908a0a0319e889a70a920896b63ed99.flv	(8, 3)(9, 4)(10, 5)
5d38467d3becf8273bd7ae9028a37fcb0cc3828b.flv,74018dcbf908a0a0319e889a70a920896b63ed99.flv	(12, 8)(13, 9)
5d38467d3becf8273bd7ae9028a37fcb0cc3828b.flv,74018dcbf908a0a0319e889a70a920896b63ed99.flv	(24, 12)(25, 14)(26, 15)
5d38467d3becf8273bd7ae9028a37fcb0cc3828b.flv,9026d2a43d0e645901aa9138136bbc1491856ffb.flv	(6, 0)
5d38467d3becf8273bd7ae9028a37fcb0cc3828b.flv,9026d2a43d0e645901aa9138136bbc1491856ffb.flv	(7, 3)(8, 4)(9, 5)(11, 8)
5d38467d3becf8273bd7ae9028a37fcb0cc3828b.flv,9026d2a43d0e645901aa9138136bbc1491856ffb.flv	(12, 10)(13, 11)
5d38467d3becf8273bd7ae9028a37fcb0cc3828b.flv,9026d2a43d0e645901aa9138136bbc1491856ffb.flv	(24, 14)(25, 16)(25, 17)
5d38467d3becf8273bd7ae9028a37fcb0cc3828b.flv,97c71f57e83f6ab16906fdd7edc8e3f88d2ceee1.flv	
5d38467d3becf8273bd7ae9028a37fcb0cc3828b.flv,a100d2d414f1faa59abdb409e8858d6a4ba96618.flv	(5, 0)(6, 1)(10, 7)(13, 12)(14, 13)(15, 14)(17, 17)(18, 18)(19, 19)
5d38467d3becf8273bd7ae9028a37fcb0cc3828b.flv,a100d2d414f1faa59abdb409e8858d6a4ba96618.flv	(20, 20)(20, 21)(21, 22)(22, 24)(23, 25)(23, 26)(24, 27)(25, 29)
5d38467d3becf8273bd7ae9028a37fcb0cc3828b.flv,ab12206048207553294916664d0ebf1cd9e81ef6.flv	(6, 0)
5d38467d3becf8273bd7ae9028a37fcb0cc3828b.flv,ab12206048207553294916664d0ebf1cd9e81ef6.flv	(8, 3)(9, 4)(10, 5)(11, 6)
5d38467d3becf8273bd7ae9028a37fcb0cc3828b.flv,ab12206048207553294916664d0ebf1cd9e81ef6.flv	(12, 7)(13, 8)
5d38467d3becf8273bd7ae9028a37fcb0cc3828b.flv,ab12206048207553294916664d0ebf1cd9e81ef6.flv	(23, 9)(24, 10)
5d38467d3becf8273bd7ae9028a37fcb0cc3828b.flv,b34b81ce75ea0773ba04b3f1ddedf3f3fac823fa.flv	(6, 0)
5d38467d3becf8273bd7ae9028a37fcb0cc3828b.flv,b34b81ce75ea0773ba04b3f1ddedf3f3fac823fa.flv	(8, 4)(9, 5)(10, 6)(11, 7)
5d38467d3becf8273bd7ae9028a37fcb0cc3828b.flv,b34b81ce75ea0773ba04b3f1ddedf3f3fac823fa.flv	(12, 9)(13, 10)
5d38467d3becf8273bd7ae9028a37fcb0cc3828b.flv,b34b81ce75ea0773ba04b3f1ddedf3f3fac823fa.flv	(24, 13)(25, 16)(26, 17)
5d38467d3becf8273bd7ae9028a37fcb0cc3828b.flv,c4384b8402362a0351d4e1dc9de0c01d7117322f.flv	(6, 0)
5d38467d3becf8273bd7ae9028a37fcb0cc3828b.flv,c4384b8402362a0351d4e1dc9de0c01d7117322f.flv	(8, 4)(9, 5)(10, 6)(11, 7)
5d38467d3becf8273bd7ae9028a37fcb0cc3828b.flv,c4384b8402362a0351d4e1dc9de0c01d7117322f.flv	(12, 9)(13, 10)
5d38467d3becf8273bd7ae9028a37fcb0cc3828b.flv,c4384b8402362a0351d4e1dc9de0c01d7117322f.flv	(24, 12)(25, 15)(26, 16)
5d38467d3becf8273bd7ae9028a37fcb0cc3828b.flv,d28c7952b8a60139126446bc81bff5ecebcf5129.flv	(6, 0)
5d38467d3becf8273bd7ae9028a37fcb0cc3828b.flv,d28c7952b8a60139126446bc81bff5ecebcf5129.flv	(8, 4)(9, 5)(10, 6)(11, 7)
5d38467d3becf8273bd7ae9028a37fcb0cc3828b.flv,d28c7952b8a60139126446bc81bff5ecebcf5129.flv	(12, 8)(13, 9)
5d38467d3becf8273bd7ae9028a37fcb0cc3828b.flv,d28c7952b8a60139126446bc81bff5ecebcf5129.flv	(24, 12)(25, 13)(26, 14)
5d38467d3becf8273bd7ae9028a37fcb0cc3828b.flv,e4516162efaa2bb36d38fbf245bc41b6fd24f443.flv	(6, 1)
5d38467d3becf8273bd7ae9028a37fcb0cc3828b.flv,e4516162efaa2bb36d38fbf245bc41b6fd24f443.flv	(8, 5)(9, 6)(10, 7)(11, 8)
5d38467d3becf8273bd7ae9028a37fcb0cc3828b.flv,e4516162efaa2bb36d38fbf245bc41b6fd24f443.flv	(12, 10)(13, 11)
5d38467d3becf8273bd7ae9028a37fcb0cc3828b.flv,e4516162efaa2bb36d38fbf245bc41b6fd24f443.flv	(24, 14)(25, 17)(26, 18)
5d38467d3becf8273bd7ae9028a37fcb0cc3828b.flv,e6f1dd4881c0088d861763dadd83db04fb353500.flv	(5, 0)(7, 4)(8, 5)(9, 6)(10, 7)(13, 13)(14, 14)(18, 18)(19, 19)
5d38467d3becf8273bd7ae9028a37fcb0cc3828b.flv,e6f1dd4881c0088d861763dadd83db04fb353500.flv	(20, 20)(20, 21)(21, 22)(22, 24)(23, 25)(23, 26)(24, 27)(25, 29)
5d38467d3becf8273bd7ae9028a37fcb0cc3828b.flv,f9395fd63d7f59cae6103cfb00e116b4a1d0be5e.flv	(0, 0)(1, 1)(2, 2)(3, 3)(4, 4)(5, 5)(6, 6)(7, 7)(8, 8)(9, 9)(10, 10)(11, 11)(12, 12)(13, 13)(14, 14)(15, 15)(16, 16)(17, 17)(18, 18)(19, 19)(20, 20)(21, 21)(22, 22)(23, 23)(24, 24)(25, 25)(26, 26)(27, 27)(28, 28)(29, 29)(30, 30)(31, 31)(32, 32)(33, 33)(34, 34)(35, 35)(36, 36)(37, 37)(38, 38)(39, 39)(40, 40)(41, 41)(42, 42)(43, 43)(44, 44)(45, 45)(46, 46)(47, 47)(48, 48)(49, 49)(50, 50)(51, 51)
5d38467d3becf8273bd7ae9028a37fcb0cc3828b.flv,f98075fcebb2596c91cf6886b30a39521cc60855.flv	(6, 0)
5d38467d3becf8273bd7ae9028a37fcb0cc3828b.flv,f98075fcebb2596c91cf6886b30a39521cc60855.flv	(8, 4)(9, 5)(10, 6)(11, 7)
5d38467d3becf8273bd7ae9028a37fcb0cc3828b.flv,f98075fcebb2596c91cf6886b30a39521cc60855.flv	(12, 8)(13, 9)
5d38467d3becf8273bd7ae9028a37fcb0cc3828b.flv,fa0aa890db611cbe029b8c222663579ec7081bb6.flv	(6, 0)
5d38467d3becf8273bd7ae9028a37fcb0cc3828b.flv,fa0aa890db611cbe029b8c222663579ec7081bb6.flv	(8, 5)(9, 6)(10, 7)(11, 8)
5d38467d3becf8273bd7ae9028a37fcb0cc3828b.flv,fa0aa890db611cbe029b8c222663579ec7081bb6.flv	(12, 10)(13, 11)
5d38467d3becf8273bd7ae9028a37fcb0cc3828b.flv,fa0aa890db611cbe029b8c222663579ec7081bb6.flv	(24, 14)(25, 17)(26, 18)
63407cc775874d569f82a2060c636b785c09a487.flv,63407cc775874d569f82a2060c636b785c09a487.flv	(0, 0)(1, 1)(2, 2)(3, 3)(4, 4)(5, 5)(6, 6)(7, 7)(8, 8)(9, 9)(10, 10)(11, 11)(12, 12)
63407cc775874d569f82a2060c636b785c09a487.flv,66e0225621e48946b7ab09027c18c83b69564002.flv	(0, 2)(2, 10)(2, 11)(3, 12)(4, 13)
63407cc775874d569f82a2060c636b785c09a487.flv,72e97f43a27cdb56a82454758c383c1ac82e91b9.flv	(0, 2)(2, 7)(5, 10)(7, 12)(11, 19)
63407cc775874d569f82a2060c636b785c09a487.flv,74018dcbf908a0a0319e889a70a920896b63ed99.flv	(0, 0)(1, 1)(2, 2)(3, 4)(4, 5)(5, 6)(6, 7)(7, 8)(8, 9)(9, 10)(10, 12)(11, 14)(12, 15)
63407cc775874d569f82a2060c636b785c09a487.flv,9026d2a43d0e645901aa9138136bbc1491856ffb.flv	(0, 0)(1, 1)(2, 3)(2, 4)(3, 5)(4, 6)(5, 7)(6, 8)(7, 10)(8, 11)(9, 12)(11, 17)
63407cc775874d569f82a2060c636b785c09a487.flv,97c71f57e83f6ab16906fdd7edc8e3f88d2ceee1.flv	(0, 0)
63407cc775874d569f82a2060c636b785c09a487.flv,97c71f57e83f6ab16906fdd7edc8e3f88d2ceee1.flv	
63407cc775874d569f82a2060c636b785c09a487.flv,97c71f57e83f6ab16906fdd7edc8e3f88d2ceee1.flv	(7, 0)
63407cc775874d569f82a2060c636b785c09a487.flv,97c71f57e83f6ab16906fdd7edc8e3f88d2ceee1.flv	(10, 0)
63407cc775874d569f82a2060c636b785c09a487.flv,a100d2d414f1faa59abdb409e8858d6a4ba96618.flv	(0, 1)(1, 2)
63407cc775874d569f82a2060c636b785c09a487.flv,a100d2d414f1faa59abdb409e8858d6a4ba96618.flv	(2, 3)(2, 4)(3, 5)(4, 6)(5, 7)(6, 8)
63407cc775874d569f82a2060c636b785c09a487.flv,a100d2d414f1faa59abdb409e8858d6a4ba96618.flv	(7, 11)(8, 12)
63407cc775874d569f82a2060c636b785c09a487.flv,a100d2d414f1faa59abdb409e8858d6a4ba96618.flv	(9, 25)(10, 27)
63407cc775874d569f82a2060c636b785c09a487.flv,ab12206048207553294916664d0ebf1cd9e81ef6.flv	(0, 0)(1, 1)(2, 2)(3, 3)(4, 4)(5, 5)(6, 6)(7, 7)(8, 8)(9, 9)(10, 10)
63407cc775874d569f82a2060c636b785c09a487.flv,b34b81ce75ea0773ba04b3f1ddedf3f3fac823fa.flv	(0, 0)(1, 1)(2, 2)(3, 4)(4, 5)(5, 6)(6, 7)(7, 9)(8, 10)(9, 11)(10, 13)(11, 16)(12, 17)
63407cc775874d569f82a2060c636b785c09a487.flv,c4384b8402362a0351d4e1dc9de0c01d7117322f.flv	(0, 0)(1, 1)(2, 2)(3, 4)(4, 5)(5, 6)(6, 7)(7, 9)(8, 10)(9, 11)(10, 12)(11, 15)(12, 16)
63407cc775874d569f82a2060c636b785c09a487.flv,d28c7952b8a60139126446bc81bff5ecebcf5129.flv	(0, 0)(1, 1)(2, 2)(3, 4)(4, 5)(5, 6)(6, 7)(7, 8)(8, 9)(9, 10)(10, 12)(11, 13)(12, 14)
63407cc775874d569f82a2060c636b785c09a487.flv,e4516162efaa2bb36d38fbf245bc41b6fd24f443.flv	(0, 1)(1, 2)(2, 3)(3, 5)(4, 6)(5, 7)(6, 8)(7, 10)(8, 11)(9, 12)(10, 14)(11, 17)(12, 18)
63407cc775874d569f82a2060c636b785c09a487.flv,e6f1dd4881c0088d861763dadd83db04fb353500.flv	(0, 1)(1, 2)
63407cc775874d569f82a2060c636b785c09a487.flv,e6f1dd4881c0088d861763dadd83db04fb353500.flv	(2, 3)(2, 4)(3, 5)(4, 6)(5, 7)(6, 8)
63407cc775874d569f82a2060c636b785c09a487.flv,e6f1dd4881c0088d861763dadd83db04fb353500.flv	(7, 11)(8, 12)
63407cc775874d569f82a2060c636b785c09a487.flv,e6f1dd4881c0088d861763dadd83db04fb353500.flv	(10, 27)(11, 29)
63407cc775874d569f82a2060c636b785c09a487.flv,f9395fd63d7f59cae6103cfb00e116b4a1d0be5e.flv	(0, 6)
63407cc775874d569f82a2060c636b785c09a487.flv,f9395fd63d7f59cae6103cfb00e116b4a1d0be5e.flv	(2, 7)(2, 8)(3, 9)(6, 11)
63407cc775874d569f82a2060c636b785c09a487.flv,f9395fd63d7f59cae6103cfb00e116b4a1d0be5e.flv	(7, 12)(8, 13)
63407cc775874d569f82a2060c636b785c09a487.flv,f9395fd63d7f59cae6103cfb00e116b4a1d0be5e.flv	(9, 23)(10, 24)(11, 25)(12, 26)
63407cc775874d569f82a2060c636b785c09a487.flv,f98075fcebb2596c91cf6886b30a39521cc60855.flv	(0, 0)(1, 1)(2, 2)(2, 3)(3, 4)(4, 5)(5, 6)(6, 7)(7, 8)(8, 9)
63407cc775874d569f82a2060c636b785c09a487.flv,fa0aa890db611cbe029b8c222663579ec7081bb6.flv	(0, 0)(1, 1)(2, 3)(3, 5)(4, 6)(5, 7)(6, 8)(7, 10)(8, 11)(9, 12)(10, 14)(11, 17)(12, 18)
66e0225621e48946b7ab09027c18c83b69564002.flv,66e0225621e48946b7ab09027c18c83b69564002.flv	(0, 0)(1, 1)(2, 2)(3, 3)(4, 4)(5, 5)(6, 6)(7, 7)(8, 8)(9, 9)(10, 10)(11, 11)(12, 12)(13, 13)
66e0225621e48946b7ab09027c18c83b69564002.flv,72e97f43a27cdb56a82454758c383c1ac82e91b9.flv	(5, 5)(10, 8)(13, 10)
66e0225621e48946b7ab09027c18c83b69564002.flv,74018dcbf908a0a0319e889a70a920896b63ed99.flv	(2, 0)(10, 2)(11, 3)(12, 4)(13, 5)
66e0225621e48946b7ab09027c18c83b69564002.flv,9026d2a43d0e645901aa9138136bbc1491856ffb.flv	(2, 0)(9, 2)(10, 3)(11, 4)(12, 5)(13, 6)
66e0225621e48946b7ab09027c18c83b69564002.flv,97c71f57e83f6ab16906fdd7edc8e3f88d2ceee1.flv	
66e0225621e48946b7ab09027c18c83b69564002.flv,97c71f57e83f6ab16906fdd7edc8e3f88d2ceee1.flv	
66e0225621e48946b7ab09027c18c83b69564002.flv,a100d2d414f1faa59abdb409e8858d6a4ba96618.flv	(2, 1)
66e0225621e48946b7ab09027c18c83b69564002.flv,a100d2d414f1faa59abdb409e8858d6a4ba96618.flv	(10, 3)(11, 4)(12, 5)(13, 6)
66e0225621e48946b7ab09027c18c83b69564002.flv,ab12206048207553294916664d0ebf1cd9e81ef6.flv	(2, 0)(10, 2)(11, 2)(12, 3)(13, 4)
66e0225621e48946b7ab09027c18c83b69564002.flv,b34b81ce75ea0773ba04b3f1ddedf3f3fac823fa.flv	(2, 0)(10, 2)(11, 3)(12, 4)(13, 5)
66e0225621e48946b7ab09027c18c83b69564002.flv,c4384b8402362a0351d4e1dc9de0c01d7117322f.flv	(2, 0)(10, 2)(11, 3)(12, 4)(13, 5)
66e0225621e48946b7ab09027c18c83b69564002.flv,d28c7952b8a60139126446bc81bff5ecebcf5129.flv	(2, 0)(10, 2)(11, 3)(12, 4)(13, 5)
66e0225621e48946b7ab09027c18c83b69564002.flv,e4516162efaa2bb36d38fbf245bc41b6fd24f443.flv	(2, 1)(10, 3)(11, 4)(12, 5)(13, 6)
66e0225621e48946b7ab09027c18c83b69564002.flv,e6f1dd4881c0088d861763dadd83db04fb353500.flv	(2, 1)
66e0225621e48946b7ab09027c18c83b69564002.flv,e6f1dd4881c0088d861763dadd83db04fb353500.flv	(10, 3)(11, 4)(12, 5)(13, 6)
66e0225621e48946b7ab09027c18c83b69564002.flv,f9395fd63d7f59cae6103cfb00e116b4a1d0be5e.flv	
66e0225621e48946b7ab09027c18c83b69564002.flv,f9395fd63d7f59cae6103cfb00e116b4a1d0be5e.flv	(10, 7)(11, 8)(12, 9)(13, 10)
66e0225621e48946b7ab09027c18c83b69564002.flv,f98075fcebb2596c91cf6886b30a39521cc60855.flv	(2, 0)(10, 2)(11, 3)(12, 4)(13, 5)
66e0225621e48946b7ab09027c18c83b69564002.flv,fa0aa890db611cbe029b8c222663579ec7081bb6.flv	(2, 0)(9, 2)(10, 3)(11, 4)(12, 5)(13, 6)
72e97f43a27cdb56a82454758c383c1ac82e91b9.flv,72e97f43a27cdb56a82454758c383c1ac82e91b9.flv	(0, 0)(1, 1)(2, 2)(3, 3)(4, 4)(5, 5)(6, 6)(7, 7)(8, 8)(9, 9)(10, 10)(11, 11)(12, 12)(13, 13)(14, 14)(15, 15)(16, 16)(17, 17)(18, 18)(19, 19)(20, 20)
72e97f43a27cdb56a82454758c383c1ac82e91b9.flv,74018dcbf908a0a0319e889a70a920896b63ed99.flv	(2, 0)(10, 6)(12, 8)(13, 10)(14, 11)(15, 12)(19, 14)
72e97f43a27cdb56a82454758c383c1ac82e91b9.flv,9026d2a43d0e645901aa9138136bbc1491856ffb.flv	(2, 0)(8, 6)(11, 9)(12, 10)(13, 12)(14, 13)(15, 14)(17, 16)(18, 17)
72e97f43a27cdb56a82454758c383c1ac82e91b9.flv,97c71f57e83f6ab16906fdd7edc8e3f88d2ceee1.flv	
72e97f43a27cdb56a82454758c383c1ac82e91b9.flv,97c71f57e83f6ab16906fdd7edc8e3f88d2ceee1.flv	(12, 0)
72e97f43a27cdb56a82454758c383c1ac82e91b9.flv,97c71f57e83f6ab16906fdd7edc8e3f88d2ceee1.flv	
72e97f43a27cdb56a82454758c383c1ac82e91b9.flv,a100d2d414f1faa59abdb409e8858d6a4ba96618.flv	(2, 1)
72e97f43a27cdb56a82454758c383c1ac82e91b9.flv,a100d2d414f1faa59abdb409e8858d6a4ba96618.flv	(8, 4)(8, 5)(9, 6)(10, 7)(11, 8)
72e97f43a27cdb56a82454758c383c1ac82e91b9.flv,a100d2d414f1faa59abdb409e8858d6a4ba96618.flv	(12, 11)
72e97f43a27cdb56a82454758c383c1ac82e91b9.flv,a100d2d414f1faa59abdb409e8858d6a4ba96618.flv	(14, 26)(15, 27)(16, 28)(17, 29)
72e97f43a27cdb56a82454758c383c1ac82e91b9.flv,ab12206048207553294916664d0ebf1cd9e81ef6.flv	(2, 0)(7, 2)(10, 5)(12, 7)
72e97f43a27cdb56a82454758c383c1ac82e91b9.flv,b34b81ce75ea0773ba04b3f1ddedf3f3fac823fa.flv	(2, 0)(10, 6)(12, 9)(13, 11)(14, 12)(15, 13)(17, 14)(19, 16)
72e97f43a27cdb56a82454758c383c1ac82e91b9.flv,c4384b8402362a0351d4e1dc9de0c01d7117322f.flv	(2, 0)(10, 6)(12, 9)(13, 11)(15, 12)(17, 13)(19, 15)
72e97f43a27cdb56a82454758c383c1ac82e91b9.flv,d28c7952b8a60139126446bc81bff5ecebcf5129.flv	(2, 0)(10, 6)(12, 8)(14, 11)(19, 13)
72e97f43a27cdb56a82454758c383c1ac82e91b9.flv,e4516162efaa2bb36d38fbf245bc41b6fd24f443.flv	(2, 1)(8, 6)(12, 10)(14, 13)(15, 14)(17, 15)(19, 17)
72e97f43a27cdb56a82454758c383c1ac82e91b9.flv,e6f1dd4881c0088d861763dadd83db04fb353500.flv	(2, 1)
72e97f43a27cdb56a82454758c383c1ac82e91b9.flv,e6f1dd4881c0088d861763dadd83db04fb353500.flv	(8, 4)(8, 5)(9, 6)(10, 7)(11, 8)
72e97f43a27cdb56a82454758c383c1ac82e91b9.flv,e6f1dd4881c0088d861763dadd83db04fb353500.flv	(12, 11)
72e97f43a27cdb56a82454758c383c1ac82e91b9.flv,e6f1dd4881c0088d861763dadd83db04fb353500.flv	(14, 26)(15, 27)(16, 28)(17, 29)
72e97f43a27cdb56a82454758c383c1ac82e91b9.flv,f9395fd63d7f59cae6103cfb00e116b4a1d0be5e.flv	(8, 8)(9, 9)(10, 10)(11, 11)
72e97f43a27cdb56a82454758c383c1ac82e91b9.flv,f9395fd63d7f59cae6103cfb00e116b4a1d0be5e.flv	(12, 12)
72e97f43a27cdb56a82454758c383c1ac82e91b9.flv,f9395fd63d7f59cae6103cfb00e116b4a1d0be5e.flv	(14, 23)
72e97f43a27cdb56a82454758c383c1ac82e91b9.flv,f98075fcebb2596c91cf6886b30a39521cc60855.flv	(2, 0)(8, 5)(12, 8)
72e97f43a27cdb56a82454758c383c1ac82e91b9.flv,fa0aa890db611cbe029b8c222663579ec7081bb6.flv	(2, 0)(10, 7)(12, 10)(13, 12)(14, 13)(15, 14)(17, 15)(19, 17)
74018dcbf908a0a0319e889a70a920896b63ed99.flv,74018dcbf908a0a0319e889a70a920896b63ed99.flv	(0, 0)(1, 1)(2, 2)(3, 3)(4, 4)(5, 5)(6, 6)(7, 7)(8, 8)(9, 9)(10, 10)(11, 11)(12, 12)(13, 13)(14, 14)(15, 15)
74018dcbf908a0a0319e889a70a920896b63ed99.flv,9026d2a43d0e645901aa9138136bbc1491856ffb.flv	(0, 0)(1, 1)(2, 3)(3, 4)(4, 5)(5, 6)(6, 7)(7, 8)(8, 10)(9, 11)(10, 12)(11, 13)(12, 14)(13, 16)(14, 17)
74018dcbf908a0a0319e889a70a920896b63ed99.flv,97c71f57e83f6ab16906fdd7edc8e3f88d2ceee1.flv	(0, 0)
74018dcbf908a0a0319e889a70a920896b63ed99.flv,97c71f57e83f6ab16906fdd7edc8e3f88d2ceee1.flv	
74018dcbf908a0a0319e889a70a920896b63ed99.flv,97c71f57e83f6ab16906fdd7edc8e3f88d2ceee1.flv	(8, 0)
74018dcbf908a0a0319e889a70a920896b63ed99.flv,97c71f57e83f6ab16906fdd7edc8e3f88d2ceee1.flv	
74018dcbf908a0a0319e889a70a920896b63ed99.flv,a100d2d414f1faa59abdb409e8858d6a4ba96618.flv	(0, 1)(1, 2)
74018dcbf908a0a0319e889a70a920896b63ed99.flv,a100d2d414f1faa59abdb409e8858d6a4ba96618.flv	(2, 3)(3, 4)(4, 5)(5, 6)(6, 7)(7, 8)
74018dcbf908a0a0319e889a70a920896b63ed99.flv,a100d2d414f1faa59abdb409e8858d6a4ba96618.flv	(8, 11)(9, 12)
74018dcbf908a0a0319e889a70a920896b63ed99.flv,a100d2d414f1faa59abdb409e8858d6a4ba96618.flv	(10, 25)(11, 26)(12, 27)(13, 29)
74018dcbf908a0a0319e889a70a920896b63ed99.flv,ab12206048207553294916664d0ebf1cd9e81ef6.flv	(0, 0)(1, 1)(2, 2)(4, 3)(5, 4)(6, 5)(7, 6)(8, 7)(9, 8)(10, 9)(12, 10)
74018dcbf908a0a0319e889a70a920896b63ed99.flv,b34b81ce75ea0773ba04b3f1ddedf3f3fac823fa.flv	(0, 0)(1, 1)(2, 2)(3, 3)(4, 4)(5, 5)(6, 6)(7, 7)(8, 9)(9, 10)(10, 11)(11, 12)(12, 13)(13, 15)(14, 16)(15, 17)
74018dcbf908a0a0319e889a70a920896b63ed99.flv,c4384b8402362a0351d4e1dc9de0c01d7117322f.flv	(0, 0)(1, 1)(2, 2)(3, 3)(4, 4)(5, 5)(6, 6)(7, 7)(8, 9)(9, 10)(10, 11)(12, 12)(13, 14)(14, 15)(15, 16)
74018dcbf908a0a0319e889a70a920896b63ed99.flv,d28c7952b8a60139126446bc81bff5ecebcf5129.flv	(0, 0)(1, 1)(2, 2)(3, 3)(4, 4)(5, 5)(6, 6)(7, 7)(8, 8)(9, 9)(10, 10)(11, 11)(12, 12)(14, 13)(15, 14)
74018dcbf908a0a0319e889a70a920896b63ed99.flv,e4516162efaa2bb36d38fbf245bc41b6fd24f443.flv	(0, 1)(1, 2)(2, 3)(3, 4)(4, 5)(5, 6)(6, 7)(7, 8)(8, 10)(9, 11)(10, 12)(11, 13)(12, 14)(13, 16)(14, 17)(15, 18)
74018dcbf908a0a0319e889a70a920896b63ed99.flv,e6f1dd4881c0088d861763dadd83db04fb353500.flv	(0, 1)(1, 2)
74018dcbf908a0a0319e889a70a920896b63ed99.flv,e6f1dd4881c0088d861763dadd83db04fb353500.flv	(2, 3)(3, 4)(4, 5)(5, 6)(6, 7)(7, 8)
74018dcbf908a0a0319e889a70a920896b63ed99.flv,e6f1dd4881c0088d861763dadd83db04fb353500.flv	(8, 11)(9, 12)
74018dcbf908a0a0319e889a70a920896b63ed99.flv,e6f1dd4881c0088d861763dadd83db04fb353500.flv	(10, 25)(11, 26)(12, 27)(13, 29)
74018dcbf908a0a0319e889a70a920896b63ed99.flv,f9395fd63d7f59cae6103cfb00e116b4a1d0be5e.flv	(0, 6)
74018dcbf908a0a0319e889a70a920896b63ed99.flv,f9395fd63d7f59cae6103cfb00e116b4a1d0be5e.flv	(2, 7)(3, 8)(4, 9)(7, 11)
74018dcbf908a0a0319e889a70a920896b63ed99.flv,f9395fd63d7f59cae6103cfb00e116b4a1d0be5e.flv	(8, 12)(9, 13)
74018dcbf908a0a0319e889a70a920896b63ed99.flv,f9395fd63d7f59cae6103cfb00e116b4a1d0be5e.flv	(10, 23)(12, 24)(14, 25)(15, 26)
74018dcbf908a0a0319e889a70a920896b63ed99.flv,f98075fcebb2596c91cf6886b30a39521cc60855.flv	(0, 0)(1, 1)(2, 2)(3, 3)(4, 4)(5, 5)(6, 6)(7, 7)(8, 8)(9, 9)
74018dcbf908a0a0319e889a70a920896b63ed99.flv,fa0aa890db611cbe029b8c222663579ec7081bb6.flv	(0, 0)(1, 1)(2, 3)(3, 4)(4, 5)(5, 6)(6, 7)(7, 8)(8, 10)(9, 11)(10, 12)(11, 13)(12, 14)(13, 16)(14, 17)(15, 18)
9026d2a43d0e645901aa9138136bbc1491856ffb.flv,9026d2a43d0e645901aa9138136bbc1491856ffb.flv	(0, 0)(1, 1)(2, 2)(3, 3)(4, 4)(5, 5)(6, 6)(7, 7)(8, 8)(9, 9)(10, 10)(11, 11)(12, 12)(13, 13)(14, 14)(15, 15)(16, 16)(17, 17)(18, 18)
9026d2a43d0e645901aa9138136bbc1491856ffb.flv,97c71f57e83f6ab16906fdd7edc8e3f88d2ceee1.flv	(0, 0)
9026d2a43d0e645901aa9138136bbc1491856ffb.flv,97c71f57e83f6ab16906fdd7edc8e3f88d2ceee1.flv	
9026d2a43d0e645901aa9138136bbc1491856ffb.flv,97c71f57e83f6ab16906fdd7edc8e3f88d2ceee1.flv	(10, 0)
9026d2a43d0e645901aa9138136bbc1491856ffb.flv,97c71f57e83f6ab16906fdd7edc8e3f88d2ceee1.flv	
9026d2a43d0e645901aa9138136bbc1491856ffb.flv,a100d2d414f1faa59abdb409e8858d6a4ba96618.flv	(0, 1)(1, 2)
9026d2a43d0e645901aa9138136bbc1491856ffb.flv,a100d2d414f1faa59abdb409e8858d6a4ba96618.flv	(3, 3)(4, 4)(5, 5)(6, 6)(7, 7)(8, 8)
9026d2a43d0e645901aa9138136bbc1491856ffb.flv,a100d2d414f1faa59abdb409e8858d6a4ba96618.flv	(10, 11)(11, 12)
9026d2a43d0e645901aa9138136bbc1491856ffb.flv,a100d2d414f1faa59abdb409e8858d6a4ba96618.flv	(12, 25)(14, 27)(15, 28)(16, 29)
9026d2a43d0e645901aa9138136bbc1491856ffb.flv,ab12206048207553294916664d0ebf1cd9e81ef6.flv	(0, 0)(1, 1)(3, 2)(4, 2)(5, 3)(6, 4)(7, 5)(8, 6)(10, 7)(11, 8)(12, 9)
9026d2a43d0e645901aa9138136bbc1491856ffb.flv,b34b81ce75ea0773ba04b3f1ddedf3f3fac823fa.flv	(0, 0)(1, 1)(3, 2)(4, 3)(5, 4)(6, 5)(7, 6)(8, 7)(9, 8)(10, 9)(11, 10)(12, 11)(13, 12)(14, 13)(15, 14)(16, 15)(17, 16)
9026d2a43d0e645901aa9138136bbc1491856ffb.flv,c4384b8402362a0351d4e1dc9de0c01d7117322f.flv	(0, 0)(1, 1)(3, 2)(4, 3)(5, 4)(6, 5)(7, 6)(8, 7)(9, 8)(10, 9)(11, 10)(12, 11)(14, 12)(15, 13)(16, 14)(17, 15)
9026d2a43d0e645901aa9138136bbc1491856ffb.flv,d28c7952b8a60139126446bc81bff5ecebcf5129.flv	(0, 0)(1, 1)(3, 2)(4, 3)(5, 4)(6, 5)(7, 6)(8, 7)(10, 8)(11, 9)(12, 10)(13, 11)(14, 12)(17, 13)
9026d2a43d0e645901aa9138136bbc1491856ffb.flv,e4516162efaa2bb36d38fbf245bc41b6fd24f443.flv	(0, 1)(1, 2)(2, 3)(3, 4)(4, 5)(5, 6)(6, 7)(7, 8)(8, 9)(10, 10)(11, 12)(12, 13)(13, 14)(15, 16)(16, 17)(17, 17)
9026d2a43d0e645901aa9138136bbc1491856ffb.flv,e6f1dd4881c0088d861763dadd83db04fb353500.flv	(0, 1)(1, 2)
9026d2a43d0e645901aa9138136bbc1491856ffb.flv,e6f1dd4881c0088d861763dadd83db04fb353500.flv	(3, 3)(4, 4)(5, 5)(6, 6)(7, 7)(8, 8)
9026d2a43d0e645901aa9138136bbc1491856ffb.flv,e6f1dd4881c0088d861763dadd83db04fb353500.flv	(10, 11)(11, 12)
9026d2a43d0e645901aa9138136bbc1491856ffb.flv,e6f1dd4881c0088d861763dadd83db04fb353500.flv	(12, 25)(14, 27)(15, 28)(16, 29)
9026d2a43d0e645901aa9138136bbc1491856ffb.flv,f9395fd63d7f59cae6103cfb00e116b4a1d0be5e.flv	(0, 6)
9026d2a43d0e645901aa9138136bbc1491856ffb.flv,f9395fd63d7f59cae6103cfb00e116b4a1d0be5e.flv	(3, 7)(4, 8)(5, 9)(8, 11)
9026d2a43d0e645901aa9138136bbc1491856ffb.flv,f9395fd63d7f59cae6103cfb00e116b4a1d0be5e.flv	(10, 12)(11, 13)
9026d2a43d0e645901aa9138136bbc1491856ffb.flv,f9395fd63d7f59cae6103cfb00e116b4a1d0be5e.flv	(12, 23)(17, 25)
9026d2a43d0e645901aa9138136bbc1491856ffb.flv,f98075fcebb2596c91cf6886b30a39521cc60855.flv	(0, 0)(1, 1)(3, 2)(4, 3)(5, 4)(6, 5)(7, 6)(8, 7)(10, 8)(11, 9)
9026d2a43d0e645901aa9138136bbc1491856ffb.flv,fa0aa890db611cbe029b8c222663579ec7081bb6.flv	(0, 0)(1, 1)(2, 2)(3, 3)(4, 4)(5, 5)(6, 6)(7, 7)(8, 8)(9, 9)(10, 10)(11, 11)(12, 12)(13, 13)(14, 14)(15, 15)(16, 16)(17, 17)
97c71f57e83f6ab16906fdd7edc8e3f88d2ceee1.flv,97c71f57e83f6ab16906fdd7edc8e3f88d2ceee1.flv	(0, 0)(1, 1)(2, 2)
97c71f57e83f6ab16906fdd7edc8e3f88d2ceee1.flv,a100d2d414f1faa59abdb409e8858d6a4ba96618.flv	(0, 1)
97c71f57e83f6ab16906fdd7edc8e3f88d2ceee1.flv,a100d2d414f1faa59abdb409e8858d6a4ba96618.flv	
97c71f57e83f6ab16906fdd7edc8e3f88d2ceee1.flv,a100d2d414f1faa59abdb409e8858d6a4ba96618.flv	(0, 11)
97c71f57e83f6ab16906fdd7edc8e3f88d2ceee1.flv,a100d2d414f1faa59abdb409e8858d6a4ba96618.flv	
97c71f57e83f6ab16906fdd7edc8e3f88d2ceee1.flv,ab12206048207553294916664d0ebf1cd9e81ef6.flv	(0, 0)
97c71f57e83f6ab16906fdd7edc8e3f88d2ceee1.flv,ab12206048207553294916664d0ebf1cd9e81ef6.flv	
97c71f57e83f6ab16906fdd7edc8e3f88d2ceee1.flv,ab12206048207553294916664d0ebf1cd9e81ef6.flv	(0, 7)
97c71f57e83f6ab16906fdd7edc8e3f88d2ceee1.flv,ab12206048207553294916664d0ebf1cd9e81ef6.flv	(0, 10)
97c71f57e83f6ab16906fdd7edc8e3f88d2ceee1.flv,b34b81ce75ea0773ba04b3f1ddedf3f3fac823fa.flv	(0, 0)
97c71f57e83f6ab16906fdd7edc8e3f88d2ceee1.flv,b34b81ce75ea0773ba04b3f1ddedf3f3fac823fa.flv	
97c71f57e83f6ab16906fdd7edc8e3f88d2ceee1.flv,b34b81ce75ea0773ba04b3f1ddedf3f3fac823fa.flv	(0, 9)
97c71f57e83f6ab16906fdd7edc8e3f88d2ceee1.flv,b34b81ce75ea0773ba04b3f1ddedf3f3fac823fa.flv	
97c71f57e83f6ab16906fdd7edc8e3f88d2ceee1.flv,c4384b8402362a0351d4e1dc9de0c01d7117322f.flv	(0, 0)
97c71f57e83f6ab16906fdd7edc8e3f88d2ceee1.flv,c4384b8402362a0351d4e1dc9de0c01d7117322f.flv	
97c71f57e83f6ab16906fdd7edc8e3f88d2ceee1.flv,c4384b8402362a0351d4e1dc9de0c01d7117322f.flv	(0, 9)
97c71f57e83f6ab16906fdd7edc8e3f88d2ceee1.flv,c4384b8402362a0351d4e1dc9de0c01d7117322f.flv	
97c71f57e83f6ab16906fdd7edc8e3f88d2ceee1.flv,d28c7952b8a60139126446bc81bff5ecebcf5129.flv	(0, 0)
97c71f57e83f6ab16906fdd7edc8e3f88d2ceee1.flv,d28c7952b8a60139126446bc81bff5ecebcf5129.flv	
97c71f57e83f6ab16906fdd7edc8e3f88d2ceee1.flv,d28c7952b8a60139126446bc81bff5ecebcf5129.flv	(0, 8)
97c71f57e83f6ab16906fdd7edc8e3f88d2ceee1.flv,d28c7952b8a60139126446bc81bff5ecebcf5129.flv	(0, 12)
97c71f57e83f6ab16906fdd7edc8e3f88d2ceee1.flv,e4516162efaa2bb36d38fbf245bc41b6fd24f443.flv	(0, 1)
97c71f57e83f6ab16906fdd7edc8e3f88d2ceee1.flv,e4516162efaa2bb36d38fbf245bc41b6fd24f443.flv	
97c71f57e83f6ab16906fdd7edc8e3f88d2ceee1.flv,e4516162efaa2bb36d38fbf245bc41b6fd24f443.flv	(0, 10)
97c71f57e83f6ab16906fdd7edc8e3f88d2ceee1.flv,e4516162efaa2bb36d38fbf245bc41b6fd24f443.flv	
97c71f57e83f6ab16906fdd7edc8e3f88d2ceee1.flv,e6f1dd4881c0088d861763dadd83db04fb353500.flv	(0, 1)
97c71f57e83f6ab16906fdd7edc8e3f88d2ceee1.flv,e6f1dd4881c0088d861763dadd83db04fb353500.flv	
97c71f57e83f6ab16906fdd7edc8e3f88d2ceee1.flv,e6f1dd4881c0088d861763dadd83db04fb353500.flv	(0, 11)
97c71f57e83f6ab16906fdd7edc8e3f88d2ceee1.flv,e6f1dd4881c0088d861763dadd83db04fb353500.flv	
97c71f57e83f6ab16906fdd7edc8e3f88d2ceee1.flv,f9395fd63d7f59cae6103cfb00e116b4a1d0be5e.flv	
97c71f57e83f6ab16906fdd7edc8e3f88d2ceee1.flv,f98075fcebb2596c91cf6886b30a39521cc60855.flv	(0, 0)
97c71f57e83f6ab16906fdd7edc8e3f88d2ceee1.flv,fa0aa890db611cbe029b8c222663579ec7081bb6.flv	(0, 0)
97c71f57e83f6ab16906fdd7edc8e3f88d2ceee1.flv,fa0aa890db611cbe029b8c222663579ec7081bb6.flv	
97c71f57e83f6ab16906fdd7edc8e3f88d2ceee1.flv,fa0aa890db611cbe029b8c222663579ec7081bb6.flv	(0, 10)
97c71f57e83f6ab16906fdd7edc8e3f88d2ceee1.flv,fa0aa890db611cbe029b8c222663579ec7081bb6.flv	
a100d2d414f1faa59abdb409e8858d6a4ba96618.flv,a100d2d414f1faa59abdb409e8858d6a4ba96618.flv	(0, 0)(1, 1)(2, 2)(3, 3)(4, 4)(5, 5)(6, 6)(7, 7)(8, 8)(9, 9)(10, 10)(11, 11)(12, 12)(13, 13)(14, 14)(15, 15)(16, 16)(17, 17)(18, 18)(19, 19)(20, 20)(21, 21)(22, 22)(23, 23)(24, 24)(25, 25)(26, 26)(27, 27)(28, 28)(29, 29)(30, 30)(31, 31)
a100d2d414f1faa59abdb409e8858d6a4ba96618.flv,ab12206048207553294916664d0ebf1cd9e81ef6.flv	(1, 0)(2, 1)
a100d2d414f1faa59abdb409e8858d6a4ba96618.flv,ab12206048207553294916664d0ebf1cd9e81ef6.flv	(3, 2)(4, 2)(5, 3)(6, 4)(7, 5)(8, 6)
a100d2d414f1faa59abdb409e8858d6a4ba96618.flv,ab12206048207553294916664d0ebf1cd9e81ef6.flv	(11, 7)(12, 8)
a100d2d414f1faa59abdb409e8858d6a4ba96618.flv,ab12206048207553294916664d0ebf1cd9e81ef6.flv	(26, 9)(27, 10)
a100d2d414f1faa59abdb409e8858d6a4ba96618.flv,b34b81ce75ea0773ba04b3f1ddedf3f3fac823fa.flv	(1, 0)(2, 1)
a100d2d414f1faa59abdb409e8858d6a4ba96618.flv,b34b81ce75ea0773ba04b3f1ddedf3f3fac823fa.flv	(3, 2)(4, 3)(5, 4)(6, 5)(7, 6)(8, 7)
a100d2d414f1faa59abdb409e8858d6a4ba96618.flv,b34b81ce75ea0773ba04b3f1ddedf3f3fac823fa.flv	(11, 9)(12, 10)
a100d2d414f1faa59abdb409e8858d6a4ba96618.flv,b34b81ce75ea0773ba04b3f1ddedf3f3fac823fa.flv	(26, 11)(27, 13)(28, 14)(29, 15)
a100d2d414f1faa59abdb409e8858d6a4ba96618.flv,c4384b8402362a0351d4e1dc9de0c01d7117322f.flv	(1, 0)(2, 1)
a100d2d414f1faa59abdb409e8858d6a4ba96618.flv,c4384b8402362a0351d4e1dc9de0c01d7117322f.flv	(3, 2)(4, 3)(5, 4)(6, 5)(7, 6)(8, 7)
a100d2d414f1faa59abdb409e8858d6a4ba96618.flv,c4384b8402362a0351d4e1dc9de0c01d7117322f.flv	(11, 9)(12, 10)
a100d2d414f1faa59abdb409e8858d6a4ba96618.flv,c4384b8402362a0351d4e1dc9de0c01d7117322f.flv	(26, 11)(27, 12)(28, 13)(29, 14)
a100d2d414f1faa59abdb409e8858d6a4ba96618.flv,d28c7952b8a60139126446bc81bff5ecebcf5129.flv	(1, 0)(2, 1)
a100d2d414f1faa59abdb409e8858d6a4ba96618.flv,d28c7952b8a60139126446bc81bff5ecebcf5129.flv	(3, 2)(4, 3)(5, 4)(6, 5)(7, 6)(8, 7)
a100d2d414f1faa59abdb409e8858d6a4ba96618.flv,d28c7952b8a60139126446bc81bff5ecebcf5129.flv	(11, 8)(12, 9)
a100d2d414f1faa59abdb409e8858d6a4ba96618.flv,d28c7952b8a60139126446bc81bff5ecebcf5129.flv	(26, 10)
a100d2d414f1faa59abdb409e8858d6a4ba96618.flv,e4516162efaa2bb36d38fbf245bc41b6fd24f443.flv	(1, 1)(2, 2)
a100d2d414f1faa59abdb409e8858d6a4ba96618.flv,e4516162efaa2bb36d38fbf245bc41b6fd24f443.flv	(3, 3)(4, 4)(5, 5)(6, 6)(7, 7)(8, 8)
a100d2d414f1faa59abdb409e8858d6a4ba96618.flv,e4516162efaa2bb36d38fbf245bc41b6fd24f443.flv	(11, 10)(12, 11)
a100d2d414f1faa59abdb409e8858d6a4ba96618.flv,e4516162efaa2bb36d38fbf245bc41b6fd24f443.flv	(25, 12)(26, 13)(27, 14)(28, 15)(29, 16)
a100d2d414f1faa59abdb409e8858d6a4ba96618.flv,e6f1dd4881c0088d861763dadd83db04fb353500.flv	(0, 0)(1, 1)(2, 2)(3, 3)(4, 4)(5, 5)(6, 6)(7, 7)(8, 8)(9, 9)(10, 10)(11, 11)(12, 12)(13, 13)(14, 14)(15, 15)(16, 16)(17, 17)(18, 18)(19, 19)(20, 20)(21, 21)(22, 22)(23, 23)(24, 24)(25, 25)(26, 26)(27, 27)(28, 28)(29, 29)(30, 30)(31, 31)
a100d2d414f1faa59abdb409e8858d6a4ba96618.flv,f9395fd63d7f59cae6103cfb00e116b4a1d0be5e.flv	(1, 6)
a100d2d414f1faa59abdb409e8858d6a4ba96618.flv,f9395fd63d7f59cae6103cfb00e116b4a1d0be5e.flv	(3, 7)(4, 8)(5, 9)(8, 11)
a100d2d414f1faa59abdb409e8858d6a4ba96618.flv,f9395fd63d7f59cae6103cfb00e116b4a1d0be5e.flv	(11, 12)(12, 13)
a100d2d414f1faa59abdb409e8858d6a4ba96618.flv,f9395fd63d7f59cae6103cfb00e116b4a1d0be5e.flv	(25, 23)(27, 24)(29, 25)
a100d2d414f1faa59abdb409e8858d6a4ba96618.flv,f98075fcebb2596c91cf6886b30a39521cc60855.flv	(1, 0)(2, 1)
a100d2d414f1faa59abdb409e8858d6a4ba96618.flv,f98075fcebb2596c91cf6886b30a39521cc60855.flv	(3, 2)(4, 3)(5, 4)(6, 5)(7, 6)(8, 7)
a100d2d414f1faa59abdb409e8858d6a4ba96618.flv,f98075fcebb2596c91cf6886b30a39521cc60855.flv	(11, 8)(12, 9)
a100d2d414f1faa59abdb409e8858d6a4ba96618.flv,fa0aa890db611cbe029b8c222663579ec7081bb6.flv	(1, 0)(2, 1)
a100d2d414f1faa59abdb409e8858d6a4ba96618.flv,fa0aa890db611cbe029b8c222663579ec7081bb6.flv	(3, 3)(4, 4)(5, 5)(6, 6)(7, 7)(8, 8)
a100d2d414f1faa59abdb409e8858d6a4ba96618.flv,fa0aa890db611cbe029b8c222663579ec7081bb6.flv	(11, 10)(12, 11)
a100d2d414f1faa59abdb409e8858d6a4ba96618.flv,fa0aa890db611cbe029b8c222663579ec7081bb6.flv	(25, 12)(26, 13)(27, 14)(28, 15)(29, 16)
ab12206048207553294916664d0ebf1cd9e81ef6.flv,ab12206048207553294916664d0ebf1cd9e81ef6.flv	(0, 0)(1, 1)(2, 2)(3, 3)(4, 4)(5, 5)(6, 6)(7, 7)(8, 8)(9, 9)(10, 10)
ab12206048207553294916664d0ebf1cd9e81ef6.flv,b34b81ce75ea0773ba04b3f1ddedf3f3fac823fa.flv	(0, 0)(1, 1)(2, 2)(3, 4)(4, 5)(5, 6)(6, 7)(7, 9)(8, 10)(9, 11)
ab12206048207553294916664d0ebf1cd9e81ef6.flv,c4384b8402362a0351d4e1dc9de0c01d7117322f.flv	(0, 0)(1, 1)(2, 2)(3, 4)(4, 5)(5, 6)(6, 7)(7, 9)(8, 10)(9, 11)
ab12206048207553294916664d0ebf1cd9e81ef6.flv,d28c7952b8a60139126446bc81bff5ecebcf5129.flv	(0, 0)(1, 1)(2, 2)(3, 4)(4, 5)(5, 6)(6, 7)(7, 8)(8, 9)(9, 10)(10, 12)
ab12206048207553294916664d0ebf1cd9e81ef6.flv,e4516162efaa2bb36d38fbf245bc41b6fd24f443.flv	(0, 1)(1, 2)(2, 3)(3, 5)(4, 6)(5, 7)(6, 8)(7, 10)(8, 11)(9, 12)
ab12206048207553294916664d0ebf1cd9e81ef6.flv,e6f1dd4881c0088d861763dadd83db04fb353500.flv	(0, 1)(1, 2)
ab12206048207553294916664d0ebf1cd9e81ef6.flv,e6f1dd4881c0088d861763dadd83db04fb353500.flv	(2, 3)(2, 4)(3, 5)(4, 6)(5, 7)(6, 8)
ab12206048207553294916664d0ebf1cd9e81ef6.flv,e6f1dd4881c0088d861763dadd83db04fb353500.flv	(7, 11)(8, 12)
ab12206048207553294916664d0ebf1cd9e81ef6.flv,e6f1dd4881c0088d861763dadd83db04fb353500.flv	(9, 25)
ab12206048207553294916664d0ebf1cd9e81ef6.flv,f9395fd63d7f59cae6103cfb00e116b4a1d0be5e.flv	(0, 6)
ab12206048207553294916664d0ebf1cd9e81ef6.flv,f9395fd63d7f59cae6103cfb00e116b4a1d0be5e.flv	(2, 7)(2, 8)(3, 9)(6, 11)
ab12206048207553294916664d0ebf1cd9e81ef6.flv,f9395fd63d7f59cae6103cfb00e116b4a1d0be5e.flv	(7, 12)(8, 13)
ab12206048207553294916664d0ebf1cd9e81ef6.flv,f9395fd63d7f59cae6103cfb00e116b4a1d0be5e.flv	(9, 23)(10, 24)
ab12206048207553294916664d0ebf1cd9e81ef6.flv,f98075fcebb2596c91cf6886b30a39521cc60855.flv	(0, 0)(1, 1)(2, 2)(2, 3)(3, 4)(4, 5)(5, 6)(6, 7)(7, 8)(8, 9)
ab12206048207553294916664d0ebf1cd9e81ef6.flv,fa0aa890db611cbe029b8c222663579ec7081bb6.flv	(0, 0)(1, 1)(2, 3)(3, 5)(4, 6)(5, 7)(6, 8)(7, 10)(8, 11)(9, 12)
b34b81ce75ea0773ba04b3f1ddedf3f3fac823fa.flv,b34b81ce75ea0773ba04b3f1ddedf3f3fac823fa.flv	(0, 0)(1, 1)(2, 2)(3, 3)(4, 4)(5, 5)(6, 6)(7, 7)(8, 8)(9, 9)(10, 10)(11, 11)(12, 12)(13, 13)(14, 14)(15, 15)(16, 16)(17, 17)
b34b81ce75ea0773ba04b3f1ddedf3f3fac823fa.flv,c4384b8402362a0351d4e1dc9de0c01d7117322f.flv	(0, 0)(1, 1)(2, 2)(3, 3)(4, 4)(5, 5)(6, 6)(7, 7)(8, 8)(9, 9)(10, 10)(11, 11)(13, 12)(14, 13)(15, 14)(16, 15)(17, 16)
b34b81ce75ea0773ba04b3f1ddedf3f3fac823fa.flv,d28c7952b8a60139126446bc81bff5ecebcf5129.flv	(0, 0)(1, 1)(2, 2)(3, 3)(4, 4)(5, 5)(6, 6)(7, 7)(9, 8)(10, 9)(11, 10)(12, 11)(13, 12)(16, 13)(17, 14)
b34b81ce75ea0773ba04b3f1ddedf3f3fac823fa.flv,e4516162efaa2bb36d38fbf245bc41b6fd24f443.flv	(0, 1)(1, 2)(2, 3)(3, 4)(4, 5)(5, 6)(6, 7)(7, 8)(8, 9)(9, 10)(10, 11)(11, 12)(12, 13)(13, 14)(14, 15)(15, 16)(16, 17)(17, 18)
b34b81ce75ea0773ba04b3f1ddedf3f3fac823fa.flv,e6f1dd4881c0088d861763dadd83db04fb353500.flv	(0, 1)(1, 2)
b34b81ce75ea0773ba04b3f1ddedf3f3fac823fa.flv,e6f1dd4881c0088d861763dadd83db04fb353500.flv	(2, 3)(3, 4)(4, 5)(5, 6)(6, 7)(7, 8)
b34b81ce75ea0773ba04b3f1ddedf3f3fac823fa.flv,e6f1dd4881c0088d861763dadd83db04fb353500.flv	(9, 11)(10, 12)
b34b81ce75ea0773ba04b3f1ddedf3f3fac823fa.flv,e6f1dd4881c0088d861763dadd83db04fb353500.flv	(11, 25)(12, 26)(13, 27)(14, 28)(16, 29)
b34b81ce75ea0773ba04b3f1ddedf3f3fac823fa.flv,f9395fd63d7f59cae6103cfb00e116b4a1d0be5e.flv	(0, 6)
b34b81ce75ea0773ba04b3f1ddedf3f3fac823fa.flv,f9395fd63d7f59cae6103cfb00e116b4a1d0be5e.flv	(2, 7)(3, 8)(4, 9)(7, 11)
b34b81ce75ea0773ba04b3f1ddedf3f3fac823fa.flv,f9395fd63d7f59cae6103cfb00e116b4a1d0be5e.flv	(9, 12)(10, 13)
b34b81ce75ea0773ba04b3f1ddedf3f3fac823fa.flv,f9395fd63d7f59cae6103cfb00e116b4a1d0be5e.flv	(11, 23)(13, 24)(16, 25)(17, 26)
b34b81ce75ea0773ba04b3f1ddedf3f3fac823fa.flv,f98075fcebb2596c91cf6886b30a39521cc60855.flv	(0, 0)(1, 1)(2, 2)(3, 3)(4, 4)(5, 5)(6, 6)(7, 7)(9, 8)(10, 9)
b34b81ce75ea0773ba04b3f1ddedf3f3fac823fa.flv,fa0aa890db611cbe029b8c222663579ec7081bb6.flv	(0, 0)(1, 1)(2, 3)(3, 4)(4, 5)(5, 6)(6, 7)(7, 8)(8, 9)(9, 10)(10, 11)(11, 12)(12, 13)(13, 14)(14, 15)(15, 16)(16, 17)(17, 18)
c4384b8402362a0351d4e1dc9de0c01d7117322f.flv,c4384b8402362a0351d4e1dc9de0c01d7117322f.flv	(0, 0)(1, 1)(2, 2)(3, 3)(4, 4)(5, 5)(6, 6)(7, 7)(8, 8)(9, 9)(10, 10)(11, 11)(12, 12)(13, 13)(14, 14)(15, 15)(16, 16)
c4384b8402362a0351d4e1dc9de0c01d7117322f.flv,d28c7952b8a60139126446bc81bff5ecebcf5129.flv	(0, 0)(1, 1)(2, 2)(3, 3)(4, 4)(5, 5)(6, 6)(7, 7)(9, 8)(10, 9)(11, 10)(12, 12)(15, 13)(16, 14)
c4384b8402362a0351d4e1dc9de0c01d7117322f.flv,e4516162efaa2bb36d38fbf245bc41b6fd24f443.flv	(0, 1)(1, 2)(2, 3)(3, 4)(4, 5)(5, 6)(6, 7)(7, 8)(8, 9)(9, 10)(10, 11)(11, 12)(12, 14)(13, 15)(14, 16)(15, 17)(16, 18)
c4384b8402362a0351d4e1dc9de0c01d7117322f.flv,e6f1dd4881c0088d861763dadd83db04fb353500.flv	(0, 1)(1, 2)
c4384b8402362a0351d4e1dc9de0c01d7117322f.flv,e6f1dd4881c0088d861763dadd83db04fb353500.flv	(2, 3)(3, 4)(4, 5)(5, 6)(6, 7)(7, 8)
c4384b8402362a0351d4e1dc9de0c01d7117322f.flv,e6f1dd4881c0088d861763dadd83db04fb353500.flv	(9, 11)(10, 12)
c4384b8402362a0351d4e1dc9de0c01d7117322f.flv,e6f1dd4881c0088d861763dadd83db04fb353500.flv	(11, 25)(12, 27)(13, 28)(15, 29)
c4384b8402362a0351d4e1dc9de0c01d7117322f.flv,f9395fd63d7f59cae6103cfb00e116b4a1d0be5e.flv	(0, 6)
c4384b8402362a0351d4e1dc9de0c01d7117322f.flv,f9395fd63d7f59cae6103cfb00e116b4a1d0be5e.flv	(2, 7)(3, 8)(4, 9)(7, 11)
c4384b8402362a0351d4e1dc9de0c01d7117322f.flv,f9395fd63d7f59cae6103cfb00e116b4a1d0be5e.flv	(9, 12)(10, 13)
c4384b8402362a0351d4e1dc9de0c01d7117322f.flv,f9395fd63d7f59cae6103cfb00e116b4a1d0be5e.flv	(11, 23)(12, 24)(15, 25)(16, 26)
c4384b8402362a0351d4e1dc9de0c01d7117322f.flv,f98075fcebb2596c91cf6886b30a39521cc60855.flv	(0, 0)(1, 1)(2, 2)(3, 3)(4, 4)(5, 5)(6, 6)(7, 7)(9, 8)(10, 9)
c4384b8402362a0351d4e1dc9de0c01d7117322f.flv,fa0aa890db611cbe029b8c222663579ec7081bb6.flv	(0, 0)(1, 1)(2, 3)(3, 4)(4, 5)(5, 6)(6, 7)(7, 8)(8, 9)(9, 10)(10, 11)(11, 12)(12, 14)(13, 15)(14, 16)(15, 17)(16, 18)
d28c7952b8a60139126446bc81bff5ecebcf5129.flv,d28c7952b8a60139126446bc81bff5ecebcf5129.flv	(0, 0)(1, 1)(2, 2)(3, 3)(4, 4)(5, 5)(6, 6)(7, 7)(8, 8)(9, 9)(10, 10)(11, 11)(12, 12)(13, 13)(14, 14)
d28c7952b8a60139126446bc81bff5ecebcf5129.flv,e4516162efaa2bb36d38fbf245bc41b6fd24f443.flv	(0, 1)(1, 2)(2, 3)(3, 4)(4, 5)(5, 6)(6, 7)(7, 8)(8, 10)(9, 11)(10, 12)(11, 13)(12, 14)(13, 17)(14, 18)
d28c7952b8a60139126446bc81bff5ecebcf5129.flv,e6f1dd4881c0088d861763dadd83db04fb353500.flv	(0, 1)(1, 2)
d28c7952b8a60139126446bc81bff5ecebcf5129.flv,e6f1dd4881c0088d861763dadd83db04fb353500.flv	(2, 3)(3, 4)(4, 5)(5, 6)(6, 7)(7, 8)
d28c7952b8a60139126446bc81bff5ecebcf5129.flv,e6f1dd4881c0088d861763dadd83db04fb353500.flv	(8, 11)(9, 12)
d28c7952b8a60139126446bc81bff5ecebcf5129.flv,e6f1dd4881c0088d861763dadd83db04fb353500.flv	(10, 25)(11, 26)(12, 27)(13, 29)
d28c7952b8a60139126446bc81bff5ecebcf5129.flv,f9395fd63d7f59cae6103cfb00e116b4a1d0be5e.flv	(0, 6)
d28c7952b8a60139126446bc81bff5ecebcf5129.flv,f9395fd63d7f59cae6103cfb00e116b4a1d0be5e.flv	(2, 7)(3, 8)(4, 9)(7, 11)
d28c7952b8a60139126446bc81bff5ecebcf5129.flv,f9395fd63d7f59cae6103cfb00e116b4a1d0be5e.flv	(8, 12)(9, 13)
d28c7952b8a60139126446bc81bff5ecebcf5129.flv,f9395fd63d7f59cae6103cfb00e116b4a1d0be5e.flv	(10, 23)(12, 24)(13, 25)(14, 26)
d28c7952b8a60139126446bc81bff5ecebcf5129.flv,f98075fcebb2596c91cf6886b30a39521cc60855.flv	(0, 0)(1, 1)(2, 2)(3, 3)(4, 4)(5, 5)(6, 6)(7, 7)(8, 8)(9, 9)
d28c7952b8a60139126446bc81bff5ecebcf5129.flv,fa0aa890db611cbe029b8c222663579ec7081bb6.flv	(0, 0)(1, 1)(2, 3)(3, 4)(4, 5)(5, 6)(6, 7)(7, 8)(8, 10)(9, 11)(10, 12)(11, 13)(12, 14)(13, 17)(14, 18)
e4516162efaa2bb36d38fbf245bc41b6fd24f443.flv,e4516162efaa2bb36d38fbf245bc41b6fd24f443.flv	(0, 0)(1, 1)(2, 2)(3, 3)(4, 4)(5, 5)(6, 6)(7, 7)(8, 8)(9, 9)(10, 10)(11, 11)(12, 12)(13, 13)(14, 14)(15, 15)(16, 16)(17, 17)(18, 18)(19, 19)(20, 20)
e4516162efaa2bb36d38fbf245bc41b6fd24f443.flv,e6f1dd4881c0088d861763dadd83db04fb353500.flv	(1, 1)(2, 2)
e4516162efaa2bb36d38fbf245bc41b6fd24f443.flv,e6f1dd4881c0088d861763dadd83db04fb353500.flv	(3, 3)(4, 4)(5, 5)(6, 6)(7, 7)(8, 8)
e4516162efaa2bb36d38fbf245bc41b6fd24f443.flv,e6f1dd4881c0088d861763dadd83db04fb353500.flv	(10, 11)(11, 12)
e4516162efaa2bb36d38fbf245bc41b6fd24f443.flv,e6f1dd4881c0088d861763dadd83db04fb353500.flv	(12, 25)(13, 26)(14, 27)(15, 28)(17, 29)
e4516162efaa2bb36d38fbf245bc41b6fd24f443.flv,f9395fd63d7f59cae6103cfb00e116b4a1d0be5e.flv	(1, 6)
e4516162efaa2bb36d38fbf245bc41b6fd24f443.flv,f9395fd63d7f59cae6103cfb00e116b4a1d0be5e.flv	(10, 12)(11, 13)
e4516162efaa2bb36d38fbf245bc41b6fd24f443.flv,f9395fd63d7f59cae6103cfb00e116b4a1d0be5e.flv	(12, 23)(14, 24)(17, 25)(18, 26)
e4516162efaa2bb36d38fbf245bc41b6fd24f443.flv,f98075fcebb2596c91cf6886b30a39521cc60855.flv	(1, 0)(2, 1)(3, 2)(4, 3)(5, 4)(6, 5)(7, 6)(8, 7)(10, 8)(11, 9)
e4516162efaa2bb36d38fbf245bc41b6fd24f443.flv,fa0aa890db611cbe029b8c222663579ec7081bb6.flv	(1, 0)(2, 1)(3, 3)(4, 4)(5, 5)(6, 6)(7, 7)(8, 8)(9, 9)(10, 10)(11, 11)(12, 12)(13, 13)(14, 14)(15, 15)(16, 16)(17, 17)(18, 18)
e6f1dd4881c0088d861763dadd83db04fb353500.flv,e6f1dd4881c0088d861763dadd83db04fb353500.flv	(0, 0)(1, 1)(2, 2)(3, 3)(4, 4)(5, 5)(6, 6)(7, 7)(8, 8)(9, 9)(10, 10)(11, 11)(12, 12)(13, 13)(14, 14)(15, 15)(16, 16)(17, 17)(18, 18)(19, 19)(20, 20)(21, 21)(22, 22)(23, 23)(24, 24)(25, 25)(26, 26)(27, 27)(28, 28)(29, 29)(30, 30)(31, 31)
e6f1dd4881c0088d861763dadd83db04fb353500.flv,f9395fd63d7f59cae6103cfb00e116b4a1d0be5e.flv	(1, 6)
e6f1dd4881c0088d861763dadd83db04fb353500.flv,f9395fd63d7f59cae6103cfb00e116b4a1d0be5e.flv	(3, 7)(4, 8)(5, 9)(8, 11)
e6f1dd4881c0088d861763dadd83db04fb353500.flv,f9395fd63d7f59cae6103cfb00e116b4a1d0be5e.flv	(11, 12)(12, 13)
e6f1dd4881c0088d861763dadd83db04fb353500.flv,f9395fd63d7f59cae6103cfb00e116b4a1d0be5e.flv	(25, 23)(27, 24)(29, 25)
e6f1dd4881c0088d861763dadd83db04fb353500.flv,f98075fcebb2596c91cf6886b30a39521cc60855.flv	(1, 0)(2, 1)
e6f1dd4881c0088d861763dadd83db04fb353500.flv,f98075fcebb2596c91cf6886b30a39521cc60855.flv	(3, 2)(4, 3)(5, 4)(6, 5)(7, 6)(8, 7)
e6f1dd4881c0088d861763dadd83db04fb353500.flv,f98075fcebb2596c91cf6886b30a39521cc60855.flv	(11, 8)(12, 9)
e6f1dd4881c0088d861763dadd83db04fb353500.flv,fa0aa890db611cbe029b8c222663579ec7081bb6.flv	(1, 0)(2, 1)
e6f1dd4881c0088d861763dadd83db04fb353500.flv,fa0aa890db611cbe029b8c222663579ec7081bb6.flv	(3, 3)(4, 4)(5, 5)(6, 6)(7, 7)(8, 8)
e6f1dd4881c0088d861763dadd83db04fb353500.flv,fa0aa890db611cbe029b8c222663579ec7081bb6.flv	(11, 10)(12, 11)
e6f1dd4881c0088d861763dadd83db04fb353500.flv,fa0aa890db611cbe029b8c222663579ec7081bb6.flv	(25, 12)(26, 12)(27, 13)
f9395fd63d7f59cae6103cfb00e116b4a1d0be5e.flv,f9395fd63d7f59cae6103cfb00e116b4a1d0be5e.flv	(0, 0)(1, 1)(2, 2)(3, 3)(4, 4)(5, 5)(6, 6)(7, 7)(8, 8)(9, 9)(10, 10)(11, 11)(12, 12)(13, 13)(14, 14)(15, 15)(16, 16)(17, 17)(18, 18)(19, 19)(20, 20)(21, 21)(22, 22)(23, 23)(24, 24)(25, 25)(26, 26)(27, 27)(28, 28)(29, 29)(30, 30)(31, 31)(32, 32)(33, 33)(34, 34)(35, 35)(36, 36)(37, 37)(38, 38)(39, 39)(40, 40)(41, 41)(42, 42)(43, 43)(44, 44)(45, 45)(46, 46)(47, 47)(48, 48)(49, 49)(50, 50)(51, 51)
f9395fd63d7f59cae6103cfb00e116b4a1d0be5e.flv,f98075fcebb2596c91cf6886b30a39521cc60855.flv	(6, 0)
f9395fd63d7f59cae6103cfb00e116b4a1d0be5e.flv,f98075fcebb2596c91cf6886b30a39521cc60855.flv	(7, 2)(8, 3)(9, 4)(11, 7)
f9395fd63d7f59cae6103cfb00e116b4a1d0be5e.flv,f98075fcebb2596c91cf6886b30a39521cc60855.flv	(12, 8)(13, 9)
f9395fd63d7f59cae6103cfb00e116b4a1d0be5e.flv,fa0aa890db611cbe029b8c222663579ec7081bb6.flv	(6, 0)
f9395fd63d7f59cae6103cfb00e116b4a1d0be5e.flv,fa0aa890db611cbe029b8c222663579ec7081bb6.flv	(7, 3)(8, 4)(9, 5)(11, 8)
f9395fd63d7f59cae6103cfb00e116b4a1d0be5e.flv,fa0aa890db611cbe029b8c222663579ec7081bb6.flv	(12, 10)(13, 11)
f9395fd63d7f59cae6103cfb00e116b4a1d0be5e.flv,fa0aa890db611cbe029b8c222663579ec7081bb6.flv	(23, 12)(24, 14)(25, 17)(26, 18)
f98075fcebb2596c91cf6886b30a39521cc60855.flv,f98075fcebb2596c91cf6886b30a39521cc60855.flv	(0, 0)(1, 1)(2, 2)(3, 3)(4, 4)(5, 5)(6, 6)(7, 7)(8, 8)(9, 9)
f98075fcebb2596c91cf6886b30a39521cc60855.flv,fa0aa890db611cbe029b8c222663579ec7081bb6.flv	(0, 0)(1, 1)(2, 3)(3, 4)(4, 5)(5, 6)(6, 7)(7, 8)(8, 10)(9, 11)
fa0aa890db611cbe029b8c222663579ec7081bb6.flv,fa0aa890db611cbe029b8c222663579ec7081bb6.flv	(0, 0)(1, 1)(2, 2)(3, 3)(4, 4)(5, 5)(6, 6)(7, 7)(8, 8)(9, 9)(10, 10)(11, 11)(12, 12)(13, 13)(14, 14)(15, 15)(16, 16)(17, 17)(18, 18)
