09ff1e69bf3accfcf029ad987f61f791a005c358.flv,09ff1e69bf3accfcf029ad987f61f791a005c358.flv	(0, 0)(1, 1)(2, 2)(3, 3)(4, 4)
09ff1e69bf3accfcf029ad987f61f791a005c358.flv,410ba1c253fb8d4a8ba6e59aa9e39d39cb3b245b.flv	(0, 2)(1, 3)(2, 4)(3, 5)(4, 6)
09ff1e69bf3accfcf029ad987f61f791a005c358.flv,630d6d7a0c534717c09acb316b0408a7e80a0a32.flv	(0, 0)(1, 1)(2, 2)(3, 3)(4, 4)
09ff1e69bf3accfcf029ad987f61f791a005c358.flv,682329105c2fa291ceb13eebfe0544fb9a115c0b.flv	(0, 1)(1, 2)(2, 3)(3, 4)(4, 5)
09ff1e69bf3accfcf029ad987f61f791a005c358.flv,ab8bd55b3fefca37c7dc57e973a7cea1ae3555ad.flv	(0, 1)(1, 2)(2, 3)(3, 4)(4, 5)
09ff1e69bf3accfcf029ad987f61f791a005c358.flv,c1e67ad94259a2015304ee0b42323dd48f820309.flv	
09ff1e69bf3accfcf029ad987f61f791a005c358.flv,e9e65688a633e99bd3cc6e4078a2ef0157153cd5.flv	(0, 0)(1, 1)(2, 2)(3, 3)(4, 4)
410ba1c253fb8d4a8ba6e59aa9e39d39cb3b245b.flv,410ba1c253fb8d4a8ba6e59aa9e39d39cb3b245b.flv	(0, 0)(1, 1)(2, 2)(3, 3)(4, 4)(5, 5)(6, 6)(7, 7)
410ba1c253fb8d4a8ba6e59aa9e39d39cb3b245b.flv,630d6d7a0c534717c09acb316b0408a7e80a0a32.flv	(2, 0)(3, 1)(4, 2)(5, 3)(6, 4)
410ba1c253fb8d4a8ba6e59aa9e39d39cb3b245b.flv,682329105c2fa291ceb13eebfe0544fb9a115c0b.flv	(2, 1)(3, 2)(4, 3)(5, 4)(6, 5)
410ba1c253fb8d4a8ba6e59aa9e39d39cb3b245b.flv,ab8bd55b3fefca37c7dc57e973a7cea1ae3555ad.flv	(2, 1)(3, 2)(4, 3)(5, 4)(6, 5)
410ba1c253fb8d4a8ba6e59aa9e39d39cb3b245b.flv,c1e67ad94259a2015304ee0b42323dd48f820309.flv	
410ba1c253fb8d4a8ba6e59aa9e39d39cb3b245b.flv,e9e65688a633e99bd3cc6e4078a2ef0157153cd5.flv	(2, 0)(3, 1)(4, 2)(5, 3)(6, 4)
630d6d7a0c534717c09acb316b0408a7e80a0a32.flv,630d6d7a0c534717c09acb316b0408a7e80a0a32.flv	(0, 0)(1, 1)(2, 2)(3, 3)(4, 4)
630d6d7a0c534717c09acb316b0408a7e80a0a32.flv,682329105c2fa291ceb13eebfe0544fb9a115c0b.flv	(0, 1)(1, 2)(2, 3)(3, 4)(4, 5)
630d6d7a0c534717c09acb316b0408a7e80a0a32.flv,ab8bd55b3fefca37c7dc57e973a7cea1ae3555ad.flv	(0, 1)(1, 2)(2, 3)(3, 4)(4, 5)
630d6d7a0c534717c09acb316b0408a7e80a0a32.flv,c1e67ad94259a2015304ee0b42323dd48f820309.flv	
630d6d7a0c534717c09acb316b0408a7e80a0a32.flv,e9e65688a633e99bd3cc6e4078a2ef0157153cd5.flv	(0, 0)(1, 1)(2, 2)(3, 3)(4, 4)
682329105c2fa291ceb13eebfe0544fb9a115c0b.flv,682329105c2fa291ceb13eebfe0544fb9a115c0b.flv	(1, 1)(2, 2)(3, 3)(4, 4)(5, 5)
682329105c2fa291ceb13eebfe0544fb9a115c0b.flv,ab8bd55b3fefca37c7dc57e973a7cea1ae3555ad.flv	(1, 1)(2, 2)(3, 3)(4, 4)(5, 5)
682329105c2fa291ceb13eebfe0544fb9a115c0b.flv,c1e67ad94259a2015304ee0b42323dd48f820309.flv	
682329105c2fa291ceb13eebfe0544fb9a115c0b.flv,e9e65688a633e99bd3cc6e4078a2ef0157153cd5.flv	(1, 0)(2, 1)(3, 2)(4, 3)(5, 4)
ab8bd55b3fefca37c7dc57e973a7cea1ae3555ad.flv,ab8bd55b3fefca37c7dc57e973a7cea1ae3555ad.flv	(1, 1)(2, 2)(3, 3)(4, 4)(5, 5)
ab8bd55b3fefca37c7dc57e973a7cea1ae3555ad.flv,c1e67ad94259a2015304ee0b42323dd48f820309.flv	
ab8bd55b3fefca37c7dc57e973a7cea1ae3555ad.flv,e9e65688a633e99bd3cc6e4078a2ef0157153cd5.flv	(1, 0)(2, 1)(3, 2)(4, 3)(5, 4)
c1e67ad94259a2015304ee0b42323dd48f820309.flv,c1e67ad94259a2015304ee0b42323dd48f820309.flv	(2, 2)(3, 3)(4, 4)(5, 5)(6, 6)(7, 7)(8, 8)(9, 9)(10, 10)(11, 11)(12, 12)(13, 13)(14, 14)(15, 15)(16, 16)(17, 17)(18, 18)(19, 19)(20, 20)(21, 21)(22, 22)(23, 23)(24, 24)(25, 25)(26, 26)
c1e67ad94259a2015304ee0b42323dd48f820309.flv,e9e65688a633e99bd3cc6e4078a2ef0157153cd5.flv	
e9e65688a633e99bd3cc6e4078a2ef0157153cd5.flv,e9e65688a633e99bd3cc6e4078a2ef0157153cd5.flv	(0, 0)(1, 1)(2, 2)(3, 3)(4, 4)
