0268faef0f0ae291f5ede0a7c3f2d176a6101a08.flv,0268faef0f0ae291f5ede0a7c3f2d176a6101a08.flv	(0, 0)(1, 1)(2, 2)(3, 3)(4, 4)(5, 5)(6, 6)(7, 7)(8, 8)(9, 9)(10, 10)(11, 11)(12, 12)(13, 13)(14, 14)(15, 15)(16, 16)(17, 17)(18, 18)(19, 19)(20, 20)(21, 21)(22, 22)(23, 23)(24, 24)(25, 25)(26, 26)(27, 27)(28, 28)(29, 29)(30, 30)(31, 31)(32, 32)(33, 33)(34, 34)(35, 35)(36, 36)(37, 37)(38, 38)(39, 39)(40, 40)(41, 41)(42, 42)(43, 43)(44, 44)
0268faef0f0ae291f5ede0a7c3f2d176a6101a08.flv,098df9c477ecf6c4f3818b198490b0258163015d.flv	(8, 0)
0268faef0f0ae291f5ede0a7c3f2d176a6101a08.flv,0e3aee10650afd14d9a2d8b1440924c7968dd0ee.flv	(8, 2)(11, 3)
0268faef0f0ae291f5ede0a7c3f2d176a6101a08.flv,225eceebd0f24728bd1740f642de6705d43a4da0.flv	(8, 2)(11, 3)
0268faef0f0ae291f5ede0a7c3f2d176a6101a08.flv,2b1a3faf58c38efc393635e3cc007946914516d0.flv	(31, 2)
0268faef0f0ae291f5ede0a7c3f2d176a6101a08.flv,359b3ef99acac4136096052c6d812a6248811e10.flv	(26, 0)
0268faef0f0ae291f5ede0a7c3f2d176a6101a08.flv,56b8c2103555cf056db670c7e952c1fa7418e73d.flv	(8, 2)
0268faef0f0ae291f5ede0a7c3f2d176a6101a08.flv,5b1b41404d1bad5d231bd8c7fdbae109e0ea1fc2.flv	(8, 8)(9, 9)
0268faef0f0ae291f5ede0a7c3f2d176a6101a08.flv,90d2508777b93f5acace5694e70a2bb00efad351.flv	(0, 0)(1, 1)(2, 2)(3, 3)(5, 4)(7, 6)(8, 7)(9, 8)(10, 9)(11, 11)(12, 12)(13, 13)(15, 15)(19, 20)(21, 22)(24, 25)(25, 27)(26, 28)(27, 29)(29, 31)(30, 32)(31, 33)(32, 34)(33, 35)(34, 36)(35, 37)(37, 39)(42, 43)(44, 45)
0268faef0f0ae291f5ede0a7c3f2d176a6101a08.flv,c7d5eb4355e2ce9c90bf681e28ca740b1e7c62ca.flv	(8, 3)
0268faef0f0ae291f5ede0a7c3f2d176a6101a08.flv,d30e718464711d5903b53d36aef8c8212bad1d07.flv	(0, 0)(1, 1)(2, 2)(3, 3)(4, 4)(5, 5)(6, 6)(7, 7)(8, 8)(9, 9)(10, 10)(11, 11)(12, 12)(13, 13)(14, 14)(15, 15)(16, 16)(17, 17)(18, 18)(19, 19)(20, 20)(21, 21)(22, 22)(23, 23)(24, 24)(25, 25)(26, 26)(27, 27)(28, 28)(29, 29)(30, 30)(31, 31)(32, 32)(33, 33)(34, 34)(35, 35)(36, 36)(37, 37)(38, 38)(39, 39)(40, 40)(41, 41)(42, 42)(43, 43)(44, 44)
0268faef0f0ae291f5ede0a7c3f2d176a6101a08.flv,e8e45390a65d2eac522a42b969d2adb87fac7315.flv	(0, 0)(1, 1)(2, 2)(3, 3)(4, 4)(5, 5)(6, 6)(7, 7)(8, 8)(9, 9)(10, 10)(11, 11)(12, 12)(13, 13)(14, 14)(15, 15)(16, 16)(17, 17)(19, 18)(20, 19)(22, 21)(23, 22)(24, 23)(25, 24)(26, 25)(27, 26)(28, 27)(29, 28)(30, 29)(31, 30)(32, 31)(33, 32)(34, 33)(35, 34)(36, 35)(37, 36)(38, 37)(39, 38)(40, 39)(41, 40)(42, 42)(43, 43)(44, 44)
098df9c477ecf6c4f3818b198490b0258163015d.flv,098df9c477ecf6c4f3818b198490b0258163015d.flv	(0, 0)(1, 1)(2, 2)(3, 3)(4, 4)(5, 5)
098df9c477ecf6c4f3818b198490b0258163015d.flv,0e3aee10650afd14d9a2d8b1440924c7968dd0ee.flv	(0, 2)
098df9c477ecf6c4f3818b198490b0258163015d.flv,225eceebd0f24728bd1740f642de6705d43a4da0.flv	(0, 2)
098df9c477ecf6c4f3818b198490b0258163015d.flv,2b1a3faf58c38efc393635e3cc007946914516d0.flv	(0, 1)
098df9c477ecf6c4f3818b198490b0258163015d.flv,359b3ef99acac4136096052c6d812a6248811e10.flv	(0, 0)(1, 1)(2, 2)(5, 3)
098df9c477ecf6c4f3818b198490b0258163015d.flv,56b8c2103555cf056db670c7e952c1fa7418e73d.flv	(0, 2)
098df9c477ecf6c4f3818b198490b0258163015d.flv,5b1b41404d1bad5d231bd8c7fdbae109e0ea1fc2.flv	(0, 8)
098df9c477ecf6c4f3818b198490b0258163015d.flv,90d2508777b93f5acace5694e70a2bb00efad351.flv	(0, 7)
098df9c477ecf6c4f3818b198490b0258163015d.flv,c7d5eb4355e2ce9c90bf681e28ca740b1e7c62ca.flv	(0, 3)
098df9c477ecf6c4f3818b198490b0258163015d.flv,d30e718464711d5903b53d36aef8c8212bad1d07.flv	(0, 8)
098df9c477ecf6c4f3818b198490b0258163015d.flv,e8e45390a65d2eac522a42b969d2adb87fac7315.flv	(0, 8)
0e3aee10650afd14d9a2d8b1440924c7968dd0ee.flv,0e3aee10650afd14d9a2d8b1440924c7968dd0ee.flv	(0, 0)(1, 1)(2, 2)(3, 3)
0e3aee10650afd14d9a2d8b1440924c7968dd0ee.flv,225eceebd0f24728bd1740f642de6705d43a4da0.flv	(2, 2)(3, 3)
0e3aee10650afd14d9a2d8b1440924c7968dd0ee.flv,359b3ef99acac4136096052c6d812a6248811e10.flv	(2, 0)
0e3aee10650afd14d9a2d8b1440924c7968dd0ee.flv,56b8c2103555cf056db670c7e952c1fa7418e73d.flv	(2, 2)
0e3aee10650afd14d9a2d8b1440924c7968dd0ee.flv,5b1b41404d1bad5d231bd8c7fdbae109e0ea1fc2.flv	(2, 8)
0e3aee10650afd14d9a2d8b1440924c7968dd0ee.flv,90d2508777b93f5acace5694e70a2bb00efad351.flv	(2, 7)
0e3aee10650afd14d9a2d8b1440924c7968dd0ee.flv,c7d5eb4355e2ce9c90bf681e28ca740b1e7c62ca.flv	(2, 3)
0e3aee10650afd14d9a2d8b1440924c7968dd0ee.flv,d30e718464711d5903b53d36aef8c8212bad1d07.flv	(2, 8)(3, 11)
0e3aee10650afd14d9a2d8b1440924c7968dd0ee.flv,e8e45390a65d2eac522a42b969d2adb87fac7315.flv	(2, 8)(3, 11)
225eceebd0f24728bd1740f642de6705d43a4da0.flv,225eceebd0f24728bd1740f642de6705d43a4da0.flv	(0, 0)(1, 1)(2, 2)(3, 3)
225eceebd0f24728bd1740f642de6705d43a4da0.flv,359b3ef99acac4136096052c6d812a6248811e10.flv	(2, 0)
225eceebd0f24728bd1740f642de6705d43a4da0.flv,56b8c2103555cf056db670c7e952c1fa7418e73d.flv	(2, 2)
225eceebd0f24728bd1740f642de6705d43a4da0.flv,5b1b41404d1bad5d231bd8c7fdbae109e0ea1fc2.flv	(2, 8)
225eceebd0f24728bd1740f642de6705d43a4da0.flv,c7d5eb4355e2ce9c90bf681e28ca740b1e7c62ca.flv	(2, 3)
225eceebd0f24728bd1740f642de6705d43a4da0.flv,d30e718464711d5903b53d36aef8c8212bad1d07.flv	(2, 8)(3, 11)
225eceebd0f24728bd1740f642de6705d43a4da0.flv,e8e45390a65d2eac522a42b969d2adb87fac7315.flv	(2, 8)(3, 11)
2b1a3faf58c38efc393635e3cc007946914516d0.flv,2b1a3faf58c38efc393635e3cc007946914516d0.flv	(0, 0)(1, 1)(2, 2)(3, 3)(4, 4)(5, 5)
359b3ef99acac4136096052c6d812a6248811e10.flv,359b3ef99acac4136096052c6d812a6248811e10.flv	(0, 0)(1, 1)(2, 2)(3, 3)
359b3ef99acac4136096052c6d812a6248811e10.flv,56b8c2103555cf056db670c7e952c1fa7418e73d.flv	
359b3ef99acac4136096052c6d812a6248811e10.flv,5b1b41404d1bad5d231bd8c7fdbae109e0ea1fc2.flv	(0, 8)
359b3ef99acac4136096052c6d812a6248811e10.flv,90d2508777b93f5acace5694e70a2bb00efad351.flv	(0, 7)
359b3ef99acac4136096052c6d812a6248811e10.flv,c7d5eb4355e2ce9c90bf681e28ca740b1e7c62ca.flv	(0, 3)
359b3ef99acac4136096052c6d812a6248811e10.flv,d30e718464711d5903b53d36aef8c8212bad1d07.flv	(0, 8)
359b3ef99acac4136096052c6d812a6248811e10.flv,e8e45390a65d2eac522a42b969d2adb87fac7315.flv	(0, 8)
56b8c2103555cf056db670c7e952c1fa7418e73d.flv,56b8c2103555cf056db670c7e952c1fa7418e73d.flv	(0, 0)(1, 1)(2, 2)(3, 3)(4, 4)(5, 5)(6, 6)(7, 7)(8, 8)(9, 9)(10, 10)(11, 11)(12, 12)(13, 13)(14, 14)(15, 15)(16, 16)(17, 17)(18, 18)(19, 19)(20, 20)(21, 21)(22, 22)(23, 23)(24, 24)(25, 25)(26, 26)(27, 27)(28, 28)(29, 29)(30, 30)(31, 31)(32, 32)(33, 33)(34, 34)(35, 35)(36, 36)(37, 37)(38, 38)(39, 39)(40, 40)(41, 41)(42, 42)(43, 43)(44, 44)(45, 45)(46, 46)(47, 47)(48, 48)(49, 49)(50, 50)(51, 51)(52, 52)(53, 53)(54, 54)(55, 55)(56, 56)(57, 57)(58, 58)(59, 59)(60, 60)(61, 61)(62, 62)
56b8c2103555cf056db670c7e952c1fa7418e73d.flv,5b1b41404d1bad5d231bd8c7fdbae109e0ea1fc2.flv	(2, 8)
56b8c2103555cf056db670c7e952c1fa7418e73d.flv,90d2508777b93f5acace5694e70a2bb00efad351.flv	(2, 7)
56b8c2103555cf056db670c7e952c1fa7418e73d.flv,c7d5eb4355e2ce9c90bf681e28ca740b1e7c62ca.flv	(2, 3)
56b8c2103555cf056db670c7e952c1fa7418e73d.flv,d30e718464711d5903b53d36aef8c8212bad1d07.flv	(2, 8)
56b8c2103555cf056db670c7e952c1fa7418e73d.flv,e8e45390a65d2eac522a42b969d2adb87fac7315.flv	(2, 8)
5b1b41404d1bad5d231bd8c7fdbae109e0ea1fc2.flv,5b1b41404d1bad5d231bd8c7fdbae109e0ea1fc2.flv	(0, 0)(1, 1)(2, 2)(3, 3)(4, 4)(5, 5)(6, 6)(7, 7)(8, 8)(9, 9)
5b1b41404d1bad5d231bd8c7fdbae109e0ea1fc2.flv,90d2508777b93f5acace5694e70a2bb00efad351.flv	(8, 7)(9, 8)
5b1b41404d1bad5d231bd8c7fdbae109e0ea1fc2.flv,c7d5eb4355e2ce9c90bf681e28ca740b1e7c62ca.flv	(8, 3)
5b1b41404d1bad5d231bd8c7fdbae109e0ea1fc2.flv,d30e718464711d5903b53d36aef8c8212bad1d07.flv	(8, 8)
5b1b41404d1bad5d231bd8c7fdbae109e0ea1fc2.flv,e8e45390a65d2eac522a42b969d2adb87fac7315.flv	(8, 8)(9, 9)
90d2508777b93f5acace5694e70a2bb00efad351.flv,90d2508777b93f5acace5694e70a2bb00efad351.flv	(0, 0)(1, 1)(2, 2)(3, 3)(4, 4)(5, 5)(6, 6)(7, 7)(8, 8)(9, 9)(10, 10)(11, 11)(12, 12)(13, 13)(14, 14)(15, 15)(16, 16)(17, 17)(18, 18)(19, 19)(20, 20)(21, 21)(22, 22)(23, 23)(24, 24)(25, 25)(26, 26)(27, 27)(28, 28)(29, 29)(30, 30)(31, 31)(32, 32)(33, 33)(34, 34)(35, 35)(36, 36)(37, 37)(38, 38)(39, 39)(40, 40)(41, 41)(42, 42)(43, 43)(44, 44)(45, 45)
90d2508777b93f5acace5694e70a2bb00efad351.flv,c7d5eb4355e2ce9c90bf681e28ca740b1e7c62ca.flv	(7, 3)
90d2508777b93f5acace5694e70a2bb00efad351.flv,d30e718464711d5903b53d36aef8c8212bad1d07.flv	(0, 0)(1, 1)(2, 2)(3, 3)(4, 5)(6, 7)(7, 8)(8, 9)(9, 10)(11, 11)(12, 12)(13, 13)(15, 15)(20, 19)(22, 21)(25, 24)(27, 25)(28, 26)(29, 27)(31, 29)(32, 30)(33, 31)(34, 32)(35, 33)(36, 34)(37, 35)(39, 37)(43, 42)(45, 44)
90d2508777b93f5acace5694e70a2bb00efad351.flv,e8e45390a65d2eac522a42b969d2adb87fac7315.flv	(0, 0)(1, 1)(2, 2)(3, 3)(4, 5)(6, 7)(7, 8)(8, 9)(9, 10)(11, 11)(12, 12)(13, 13)(15, 15)(20, 18)(22, 20)(25, 23)(27, 24)(28, 25)(29, 26)(31, 28)(32, 29)(33, 30)(34, 31)(35, 32)(36, 33)(37, 34)(39, 36)(45, 44)
c7d5eb4355e2ce9c90bf681e28ca740b1e7c62ca.flv,c7d5eb4355e2ce9c90bf681e28ca740b1e7c62ca.flv	(0, 0)(1, 1)(2, 2)(3, 3)(4, 4)(5, 5)(6, 6)(7, 7)(8, 8)(9, 9)(10, 10)(11, 11)(12, 12)(13, 13)
c7d5eb4355e2ce9c90bf681e28ca740b1e7c62ca.flv,d30e718464711d5903b53d36aef8c8212bad1d07.flv	(3, 8)
c7d5eb4355e2ce9c90bf681e28ca740b1e7c62ca.flv,e8e45390a65d2eac522a42b969d2adb87fac7315.flv	(3, 8)
d30e718464711d5903b53d36aef8c8212bad1d07.flv,d30e718464711d5903b53d36aef8c8212bad1d07.flv	(0, 0)(1, 1)(2, 2)(3, 3)(4, 4)(5, 5)(6, 6)(7, 7)(8, 8)(9, 9)(10, 10)(11, 11)(12, 12)(13, 13)(14, 14)(15, 15)(16, 16)(17, 17)(18, 18)(19, 19)(20, 20)(21, 21)(22, 22)(23, 23)(24, 24)(25, 25)(26, 26)(27, 27)(28, 28)(29, 29)(30, 30)(31, 31)(32, 32)(33, 33)(34, 34)(35, 35)(36, 36)(37, 37)(38, 38)(39, 39)(40, 40)(41, 41)(42, 42)(43, 43)(44, 44)
d30e718464711d5903b53d36aef8c8212bad1d07.flv,e8e45390a65d2eac522a42b969d2adb87fac7315.flv	(0, 0)(1, 1)(2, 2)(3, 3)(4, 4)(5, 5)(6, 6)(7, 7)(8, 8)(9, 9)(10, 10)(11, 11)(12, 12)(13, 13)(14, 14)(15, 15)(16, 16)(17, 17)(19, 18)(20, 19)(22, 21)(23, 22)(24, 23)(25, 24)(26, 25)(27, 26)(28, 27)(29, 28)(30, 29)(31, 30)(32, 31)(33, 32)(34, 33)(35, 34)(36, 35)(37, 36)(38, 37)(39, 38)(40, 39)(41, 40)(42, 42)(43, 43)(44, 44)
e8e45390a65d2eac522a42b969d2adb87fac7315.flv,e8e45390a65d2eac522a42b969d2adb87fac7315.flv	(0, 0)(1, 1)(2, 2)(3, 3)(4, 4)(5, 5)(6, 6)(7, 7)(8, 8)(9, 9)(10, 10)(11, 11)(12, 12)(13, 13)(14, 14)(15, 15)(16, 16)(17, 17)(18, 18)(19, 19)(20, 20)(21, 21)(22, 22)(23, 23)(24, 24)(25, 25)(26, 26)(27, 27)(28, 28)(29, 29)(30, 30)(31, 31)(32, 32)(33, 33)(34, 34)(35, 35)(36, 36)(37, 37)(38, 38)(39, 39)(40, 40)(41, 41)(42, 42)(43, 43)(44, 44)
