0cad474aedea70d42f8d8f2a6f9a21e3c40fa40b.flv,0cad474aedea70d42f8d8f2a6f9a21e3c40fa40b.flv	(0, 0)
0cad474aedea70d42f8d8f2a6f9a21e3c40fa40b.flv,12b96f2d055a6eb05241a9aeed95a8be8e5cf79c.flv	
0cad474aedea70d42f8d8f2a6f9a21e3c40fa40b.flv,296961b67d89d82a362fb046e333718e1579691d.flv	
0cad474aedea70d42f8d8f2a6f9a21e3c40fa40b.flv,3932dee75c7ddd9785d7d502235892d1b0380f5a.flv	
12b96f2d055a6eb05241a9aeed95a8be8e5cf79c.flv,12b96f2d055a6eb05241a9aeed95a8be8e5cf79c.flv	(0, 0)(1, 1)(2, 2)(3, 3)(4, 4)(5, 5)(6, 6)(7, 7)(8, 8)(9, 9)(10, 10)(11, 11)(12, 12)(13, 13)(14, 14)(15, 15)(16, 16)(17, 17)(18, 18)(19, 19)(20, 20)(21, 21)(22, 22)(23, 23)(24, 24)(25, 25)(26, 26)(27, 27)(28, 28)(29, 29)(30, 30)(31, 31)(32, 32)(33, 33)(34, 34)(35, 35)(36, 36)(37, 37)(38, 38)(39, 39)(40, 40)(41, 41)(42, 42)(43, 43)
12b96f2d055a6eb05241a9aeed95a8be8e5cf79c.flv,296961b67d89d82a362fb046e333718e1579691d.flv	(0, 0)(1, 1)(2, 2)(3, 3)(4, 4)(5, 5)(6, 6)(7, 7)(8, 8)(10, 9)(11, 10)(12, 11)(13, 12)(14, 13)(15, 14)(16, 15)(17, 16)(18, 17)(19, 18)(20, 19)(21, 20)(22, 21)(23, 22)(24, 23)(25, 24)(26, 25)(27, 26)(28, 27)(29, 28)(30, 29)(31, 30)(32, 31)(33, 32)(34, 33)(35, 34)(36, 35)(37, 36)(38, 37)(39, 38)(40, 39)(41, 40)(42, 41)(43, 42)
12b96f2d055a6eb05241a9aeed95a8be8e5cf79c.flv,3932dee75c7ddd9785d7d502235892d1b0380f5a.flv	(0, 0)(1, 1)(2, 2)(3, 3)(4, 4)(5, 5)(6, 6)(7, 7)(8, 8)(10, 9)(11, 10)(12, 11)(13, 12)(14, 13)(15, 14)(16, 15)(17, 16)(18, 17)(19, 18)(20, 19)(21, 20)(22, 21)(23, 22)(24, 23)(25, 24)(26, 25)(27, 26)(28, 27)(29, 28)(30, 29)(31, 30)(32, 31)(33, 32)(34, 33)(35, 34)(36, 35)(37, 36)(38, 37)(39, 38)(40, 39)(41, 40)(42, 41)(43, 42)
12b96f2d055a6eb05241a9aeed95a8be8e5cf79c.flv,3df02ec5ddb74647d8fb96f08adba8e152050ef9.flv	(0, 0)(1, 1)(2, 2)(3, 3)(4, 4)(5, 5)(6, 6)(7, 7)(8, 8)(10, 9)(11, 10)(12, 11)(13, 12)(14, 13)(15, 14)(16, 15)(17, 16)(18, 17)(19, 18)(20, 19)(21, 20)(22, 21)(23, 22)(24, 23)(25, 24)(26, 25)(27, 26)(28, 27)(29, 28)(30, 29)(31, 30)(32, 31)(33, 32)(34, 33)(35, 34)(36, 35)(37, 36)(38, 37)(39, 38)(40, 39)(41, 40)(42, 41)(43, 42)
12b96f2d055a6eb05241a9aeed95a8be8e5cf79c.flv,554d94559dcfcdff9312053469c9c64940dbca20.flv	(0, 0)(1, 1)(2, 2)(3, 3)(4, 4)(5, 5)(6, 6)(7, 7)(8, 8)(9, 9)(10, 10)(11, 11)(12, 12)(13, 13)(14, 14)(15, 15)(16, 16)(17, 17)(18, 18)(19, 19)(20, 20)(21, 21)(22, 22)(23, 23)(24, 24)(25, 25)(26, 26)(27, 27)(28, 28)(29, 29)(30, 30)(31, 31)(32, 32)(33, 33)(34, 34)(35, 35)(36, 36)(37, 37)(38, 38)(39, 39)(40, 40)(41, 41)(42, 42)(43, 43)
12b96f2d055a6eb05241a9aeed95a8be8e5cf79c.flv,9c42a6ce9b8bb966040d9eed9255c1001fffdba6.flv	(0, 0)(1, 1)(2, 2)(3, 3)(4, 4)(5, 5)(6, 6)(7, 7)(8, 8)(10, 9)(11, 10)(12, 11)(13, 12)(14, 13)(15, 14)(16, 15)(17, 16)(18, 17)(19, 18)(20, 19)(21, 20)(22, 21)(23, 22)(24, 23)(25, 24)(26, 25)(27, 26)(28, 27)(29, 28)(30, 29)(31, 30)(32, 31)(33, 32)(34, 33)(35, 34)(36, 35)(37, 36)(38, 37)(39, 38)(40, 39)(41, 40)(42, 41)(43, 42)
12b96f2d055a6eb05241a9aeed95a8be8e5cf79c.flv,ee7a5a870cbe3215a87a2798c81a0d43c118e62d.flv	(0, 0)(1, 1)(2, 2)(4, 3)(5, 4)(6, 5)(7, 6)(8, 7)(9, 8)(10, 9)(11, 10)(12, 11)(13, 12)(14, 13)(15, 14)(16, 15)(17, 16)(18, 17)(19, 18)(20, 19)(21, 20)(22, 21)(23, 22)(24, 23)(25, 24)(26, 25)(27, 26)(28, 27)(29, 28)(30, 29)(31, 30)(32, 31)(33, 32)(34, 33)(35, 34)(36, 35)(37, 36)(38, 37)(39, 38)(40, 39)(41, 40)(42, 41)(43, 42)
296961b67d89d82a362fb046e333718e1579691d.flv,296961b67d89d82a362fb046e333718e1579691d.flv	(0, 0)(1, 1)(2, 2)(3, 3)(4, 4)(5, 5)(6, 6)(7, 7)(8, 8)(9, 9)(10, 10)(11, 11)(12, 12)(13, 13)(14, 14)(15, 15)(16, 16)(17, 17)(18, 18)(19, 19)(20, 20)(21, 21)(22, 22)(23, 23)(24, 24)(25, 25)(26, 26)(27, 27)(28, 28)(29, 29)(30, 30)(31, 31)(32, 32)(33, 33)(34, 34)(35, 35)(36, 36)(37, 37)(38, 38)(39, 39)(40, 40)(41, 41)(42, 42)
296961b67d89d82a362fb046e333718e1579691d.flv,3932dee75c7ddd9785d7d502235892d1b0380f5a.flv	(0, 0)(1, 1)(2, 2)(3, 3)(4, 4)(5, 5)(6, 6)(7, 7)(8, 8)(9, 9)(10, 10)(11, 11)(12, 12)(13, 13)(14, 14)(15, 15)(16, 16)(17, 17)(18, 18)(19, 19)(20, 20)(21, 21)(22, 22)(23, 23)(24, 24)(25, 25)(26, 26)(27, 27)(28, 28)(29, 29)(30, 30)(31, 31)(32, 32)(33, 33)(34, 34)(35, 35)(36, 36)(37, 37)(38, 38)(39, 39)(40, 40)(41, 41)(42, 42)
296961b67d89d82a362fb046e333718e1579691d.flv,3df02ec5ddb74647d8fb96f08adba8e152050ef9.flv	(0, 0)(1, 1)(2, 2)(3, 3)(4, 4)(5, 5)(6, 6)(7, 7)(8, 8)(9, 9)(10, 10)(11, 11)(12, 12)(13, 13)(14, 14)(15, 15)(16, 16)(17, 17)(18, 18)(19, 19)(20, 20)(21, 21)(22, 22)(23, 23)(24, 24)(25, 25)(26, 26)(27, 27)(28, 28)(29, 29)(30, 30)(31, 31)(32, 32)(33, 33)(34, 34)(35, 35)(36, 36)(37, 37)(38, 38)(39, 39)(40, 40)(41, 41)(42, 42)
296961b67d89d82a362fb046e333718e1579691d.flv,554d94559dcfcdff9312053469c9c64940dbca20.flv	(0, 0)(1, 1)(2, 2)(3, 3)(4, 4)(5, 5)(6, 6)(7, 7)(8, 8)(9, 10)(10, 11)(11, 12)(12, 13)(13, 14)(14, 15)(15, 16)(16, 17)(17, 18)(18, 19)(19, 20)(20, 21)(21, 22)(22, 23)(23, 24)(24, 25)(25, 26)(26, 27)(27, 28)(28, 29)(29, 30)(30, 31)(31, 32)(32, 33)(33, 34)(34, 35)(35, 36)(36, 37)(37, 38)(38, 39)(39, 40)(40, 41)(41, 42)(42, 43)
296961b67d89d82a362fb046e333718e1579691d.flv,9c42a6ce9b8bb966040d9eed9255c1001fffdba6.flv	(0, 0)(1, 1)(2, 2)(3, 3)(4, 4)(5, 5)(6, 6)(7, 7)(8, 8)(9, 9)(10, 10)(11, 11)(12, 12)(13, 13)(14, 14)(15, 15)(16, 16)(17, 17)(18, 18)(19, 19)(20, 20)(21, 21)(22, 22)(23, 23)(24, 24)(25, 25)(26, 26)(27, 27)(28, 28)(29, 29)(30, 30)(31, 31)(32, 32)(33, 33)(34, 34)(35, 35)(36, 36)(37, 37)(38, 38)(39, 39)(40, 40)(41, 41)(42, 42)
296961b67d89d82a362fb046e333718e1579691d.flv,ee7a5a870cbe3215a87a2798c81a0d43c118e62d.flv	(0, 0)(1, 1)(2, 2)(4, 3)(5, 4)(6, 5)(7, 6)(8, 7)(9, 9)(10, 10)(11, 11)(12, 12)(13, 13)(14, 14)(15, 15)(16, 16)(17, 17)(18, 18)(19, 19)(20, 20)(21, 21)(22, 22)(23, 23)(24, 24)(25, 25)(26, 26)(27, 27)(28, 28)(29, 29)(30, 30)(31, 31)(32, 32)(33, 33)(34, 34)(35, 35)(36, 36)(37, 37)(38, 38)(39, 39)(40, 40)(41, 41)(42, 42)
3932dee75c7ddd9785d7d502235892d1b0380f5a.flv,3932dee75c7ddd9785d7d502235892d1b0380f5a.flv	(0, 0)(1, 1)(2, 2)(3, 3)(4, 4)(5, 5)(6, 6)(7, 7)(8, 8)(9, 9)(10, 10)(11, 11)(12, 12)(13, 13)(14, 14)(15, 15)(16, 16)(17, 17)(18, 18)(19, 19)(20, 20)(21, 21)(22, 22)(23, 23)(24, 24)(25, 25)(26, 26)(27, 27)(28, 28)(29, 29)(30, 30)(31, 31)(32, 32)(33, 33)(34, 34)(35, 35)(36, 36)(37, 37)(38, 38)(39, 39)(40, 40)(41, 41)(42, 42)
3932dee75c7ddd9785d7d502235892d1b0380f5a.flv,3df02ec5ddb74647d8fb96f08adba8e152050ef9.flv	(0, 0)(1, 1)(2, 2)(3, 3)(4, 4)(5, 5)(6, 6)(7, 7)(8, 8)(9, 9)(10, 10)(11, 11)(12, 12)(13, 13)(14, 14)(15, 15)(16, 16)(17, 17)(18, 18)(19, 19)(20, 20)(21, 21)(22, 22)(23, 23)(24, 24)(25, 25)(26, 26)(27, 27)(28, 28)(29, 29)(30, 30)(31, 31)(32, 32)(33, 33)(34, 34)(35, 35)(36, 36)(37, 37)(38, 38)(39, 39)(40, 40)(41, 41)(42, 42)
3932dee75c7ddd9785d7d502235892d1b0380f5a.flv,554d94559dcfcdff9312053469c9c64940dbca20.flv	(0, 0)(1, 1)(2, 2)(3, 3)(4, 4)(5, 5)(6, 6)(7, 7)(8, 8)(9, 10)(10, 11)(11, 12)(12, 13)(13, 14)(14, 15)(15, 16)(16, 17)(17, 18)(18, 19)(19, 20)(20, 21)(21, 22)(22, 23)(23, 24)(24, 25)(25, 26)(26, 27)(27, 28)(28, 29)(29, 30)(30, 31)(31, 32)(32, 33)(33, 34)(34, 35)(35, 36)(36, 37)(37, 38)(38, 39)(39, 40)(40, 41)(41, 42)(42, 43)
3932dee75c7ddd9785d7d502235892d1b0380f5a.flv,9c42a6ce9b8bb966040d9eed9255c1001fffdba6.flv	(0, 0)(1, 1)(2, 2)(3, 3)(4, 4)(5, 5)(6, 6)(7, 7)(8, 8)(9, 9)(10, 10)(11, 11)(12, 12)(13, 13)(14, 14)(15, 15)(16, 16)(17, 17)(18, 18)(19, 19)(20, 20)(21, 21)(22, 22)(23, 23)(24, 24)(25, 25)(26, 26)(27, 27)(28, 28)(29, 29)(30, 30)(31, 31)(32, 32)(33, 33)(34, 34)(35, 35)(36, 36)(37, 37)(38, 38)(39, 39)(40, 40)(41, 41)(42, 42)
3932dee75c7ddd9785d7d502235892d1b0380f5a.flv,ee7a5a870cbe3215a87a2798c81a0d43c118e62d.flv	(0, 0)(1, 1)(2, 2)(4, 3)(5, 4)(6, 5)(7, 6)(8, 7)(9, 9)(10, 10)(11, 11)(12, 12)(13, 13)(14, 14)(15, 15)(16, 16)(17, 17)(18, 18)(19, 19)(20, 20)(21, 21)(22, 22)(23, 23)(24, 24)(25, 25)(26, 26)(27, 27)(28, 28)(29, 29)(30, 30)(31, 31)(32, 32)(33, 33)(34, 34)(35, 35)(36, 36)(37, 37)(38, 38)(39, 39)(40, 40)(41, 41)(42, 42)
3df02ec5ddb74647d8fb96f08adba8e152050ef9.flv,3df02ec5ddb74647d8fb96f08adba8e152050ef9.flv	(0, 0)(1, 1)(2, 2)(3, 3)(4, 4)(5, 5)(6, 6)(7, 7)(8, 8)(9, 9)(10, 10)(11, 11)(12, 12)(13, 13)(14, 14)(15, 15)(16, 16)(17, 17)(18, 18)(19, 19)(20, 20)(21, 21)(22, 22)(23, 23)(24, 24)(25, 25)(26, 26)(27, 27)(28, 28)(29, 29)(30, 30)(31, 31)(32, 32)(33, 33)(34, 34)(35, 35)(36, 36)(37, 37)(38, 38)(39, 39)(40, 40)(41, 41)(42, 42)
3df02ec5ddb74647d8fb96f08adba8e152050ef9.flv,554d94559dcfcdff9312053469c9c64940dbca20.flv	(0, 0)(1, 1)(2, 2)(3, 3)(4, 4)(5, 5)(6, 6)(7, 7)(8, 8)(9, 10)(10, 11)(11, 12)(12, 13)(13, 14)(14, 15)(15, 16)(16, 17)(17, 18)(18, 19)(19, 20)(20, 21)(21, 22)(22, 23)(23, 24)(24, 25)(25, 26)(26, 27)(27, 28)(28, 29)(29, 30)(30, 31)(31, 32)(32, 33)(33, 34)(34, 35)(35, 36)(36, 37)(37, 38)(38, 39)(39, 40)(40, 41)(41, 42)(42, 43)
3df02ec5ddb74647d8fb96f08adba8e152050ef9.flv,9c42a6ce9b8bb966040d9eed9255c1001fffdba6.flv	(0, 0)(1, 1)(2, 2)(3, 3)(4, 4)(5, 5)(6, 6)(7, 7)(8, 8)(9, 9)(10, 10)(11, 11)(12, 12)(13, 13)(14, 14)(15, 15)(16, 16)(17, 17)(18, 18)(19, 19)(20, 20)(21, 21)(22, 22)(23, 23)(24, 24)(25, 25)(26, 26)(27, 27)(28, 28)(29, 29)(30, 30)(31, 31)(32, 32)(33, 33)(34, 34)(35, 35)(36, 36)(37, 37)(38, 38)(39, 39)(40, 40)(41, 41)(42, 42)
3df02ec5ddb74647d8fb96f08adba8e152050ef9.flv,ee7a5a870cbe3215a87a2798c81a0d43c118e62d.flv	(0, 0)(1, 1)(2, 2)(4, 3)(5, 4)(6, 5)(7, 6)(8, 7)(9, 9)(10, 10)(11, 11)(12, 12)(13, 13)(14, 14)(15, 15)(16, 16)(17, 17)(18, 18)(19, 19)(20, 20)(21, 21)(22, 22)(23, 23)(24, 24)(25, 25)(26, 26)(27, 27)(28, 28)(29, 29)(30, 30)(31, 31)(32, 32)(33, 33)(34, 34)(35, 35)(36, 36)(37, 37)(38, 38)(39, 39)(40, 40)(41, 41)(42, 42)
554d94559dcfcdff9312053469c9c64940dbca20.flv,554d94559dcfcdff9312053469c9c64940dbca20.flv	(0, 0)(1, 1)(2, 2)(3, 3)(4, 4)(5, 5)(6, 6)(7, 7)(8, 8)(9, 9)(10, 10)(11, 11)(12, 12)(13, 13)(14, 14)(15, 15)(16, 16)(17, 17)(18, 18)(19, 19)(20, 20)(21, 21)(22, 22)(23, 23)(24, 24)(25, 25)(26, 26)(27, 27)(28, 28)(29, 29)(30, 30)(31, 31)(32, 32)(33, 33)(34, 34)(35, 35)(36, 36)(37, 37)(38, 38)(39, 39)(40, 40)(41, 41)(42, 42)(43, 43)
554d94559dcfcdff9312053469c9c64940dbca20.flv,9c42a6ce9b8bb966040d9eed9255c1001fffdba6.flv	(0, 0)(1, 1)(2, 2)(3, 3)(4, 4)(5, 5)(6, 6)(7, 7)(8, 8)(10, 9)(11, 10)(12, 11)(13, 12)(14, 13)(15, 14)(16, 15)(17, 16)(18, 17)(19, 18)(20, 19)(21, 20)(22, 21)(23, 22)(24, 23)(25, 24)(26, 25)(27, 26)(28, 27)(29, 28)(30, 29)(31, 30)(32, 31)(33, 32)(34, 33)(35, 34)(36, 35)(37, 36)(38, 37)(39, 38)(40, 39)(41, 40)(42, 41)(43, 42)
554d94559dcfcdff9312053469c9c64940dbca20.flv,ee7a5a870cbe3215a87a2798c81a0d43c118e62d.flv	(0, 0)(1, 1)(2, 2)(4, 3)(5, 4)(6, 5)(7, 6)(8, 7)(9, 8)(10, 9)(11, 10)(12, 11)(13, 12)(14, 13)(15, 14)(16, 15)(17, 16)(18, 17)(19, 18)(20, 19)(21, 20)(22, 21)(23, 22)(24, 23)(25, 24)(26, 25)(27, 26)(28, 27)(29, 28)(30, 29)(31, 30)(32, 31)(33, 32)(34, 33)(35, 34)(36, 35)(37, 36)(38, 37)(39, 38)(40, 39)(41, 40)(42, 41)(43, 42)
9c42a6ce9b8bb966040d9eed9255c1001fffdba6.flv,9c42a6ce9b8bb966040d9eed9255c1001fffdba6.flv	(0, 0)(1, 1)(2, 2)(3, 3)(4, 4)(5, 5)(6, 6)(7, 7)(8, 8)(9, 9)(10, 10)(11, 11)(12, 12)(13, 13)(14, 14)(15, 15)(16, 16)(17, 17)(18, 18)(19, 19)(20, 20)(21, 21)(22, 22)(23, 23)(24, 24)(25, 25)(26, 26)(27, 27)(28, 28)(29, 29)(30, 30)(31, 31)(32, 32)(33, 33)(34, 34)(35, 35)(36, 36)(37, 37)(38, 38)(39, 39)(40, 40)(41, 41)(42, 42)
9c42a6ce9b8bb966040d9eed9255c1001fffdba6.flv,ee7a5a870cbe3215a87a2798c81a0d43c118e62d.flv	(0, 0)(1, 1)(2, 2)(4, 3)(5, 4)(6, 5)(7, 6)(8, 7)(9, 9)(10, 10)(11, 11)(12, 12)(13, 13)(14, 14)(15, 15)(16, 16)(17, 17)(18, 18)(19, 19)(20, 20)(21, 21)(22, 22)(23, 23)(24, 24)(25, 25)(26, 26)(27, 27)(28, 28)(29, 29)(30, 30)(31, 31)(32, 32)(33, 33)(34, 34)(35, 35)(36, 36)(37, 37)(38, 38)(39, 39)(40, 40)(41, 41)(42, 42)
ee7a5a870cbe3215a87a2798c81a0d43c118e62d.flv,ee7a5a870cbe3215a87a2798c81a0d43c118e62d.flv	(0, 0)(1, 1)(2, 2)(3, 3)(4, 4)(5, 5)(6, 6)(7, 7)(8, 8)(9, 9)(10, 10)(11, 11)(12, 12)(13, 13)(14, 14)(15, 15)(16, 16)(17, 17)(18, 18)(19, 19)(20, 20)(21, 21)(22, 22)(23, 23)(24, 24)(25, 25)(26, 26)(27, 27)(28, 28)(29, 29)(30, 30)(31, 31)(32, 32)(33, 33)(34, 34)(35, 35)(36, 36)(37, 37)(38, 38)(39, 39)(40, 40)(41, 41)(42, 42)
