09b682c899b0727e9990d8e347cdce3df7c5550e.flv,09b682c899b0727e9990d8e347cdce3df7c5550e.flv	(0, 0)(1, 1)(2, 2)(3, 3)(4, 4)(5, 5)(6, 6)(7, 7)(8, 8)(9, 9)(10, 10)(11, 11)(12, 12)(13, 13)(14, 14)(15, 15)(16, 16)(17, 17)(18, 18)(19, 19)(20, 20)(21, 21)(22, 22)(23, 23)(24, 24)(25, 25)
09b682c899b0727e9990d8e347cdce3df7c5550e.flv,54c560a6b270647b28ea2746853c937885e2718b.flv	(14, 13)
09b682c899b0727e9990d8e347cdce3df7c5550e.flv,56adf39cc2f2f342b0a589038f6d11bac861028e.flv	(12, 12)(14, 13)
09b682c899b0727e9990d8e347cdce3df7c5550e.flv,5ac8651ce41781440c8595d174748f1a6cad1ff7.flv	(14, 5)
09b682c899b0727e9990d8e347cdce3df7c5550e.flv,874a7d3cbfc17a46040b2d657667520bde309ca4.flv	
09b682c899b0727e9990d8e347cdce3df7c5550e.flv,874a7d3cbfc17a46040b2d657667520bde309ca4.flv	(14, 9)
09b682c899b0727e9990d8e347cdce3df7c5550e.flv,8f8ecb70bd37b0c6fc468c2aab24d6d9b89fe28d.flv	(12, 12)(14, 13)
09b682c899b0727e9990d8e347cdce3df7c5550e.flv,c80dd6dfe271e4887c11bd76248411a8e7c853b0.flv	(14, 5)
09b682c899b0727e9990d8e347cdce3df7c5550e.flv,d2015b438b70f022967713d6f977ebc67a16839e.flv	(5, 21)(9, 22)
09b682c899b0727e9990d8e347cdce3df7c5550e.flv,d2015b438b70f022967713d6f977ebc67a16839e.flv	(11, 29)
09b682c899b0727e9990d8e347cdce3df7c5550e.flv,d2015b438b70f022967713d6f977ebc67a16839e.flv	(14, 47)
09b682c899b0727e9990d8e347cdce3df7c5550e.flv,d2015b438b70f022967713d6f977ebc67a16839e.flv	(17, 32)(18, 33)
54c560a6b270647b28ea2746853c937885e2718b.flv,54c560a6b270647b28ea2746853c937885e2718b.flv	(0, 0)(1, 1)(2, 2)(3, 3)(4, 4)(5, 5)(6, 6)(7, 7)(8, 8)(9, 9)(10, 10)(11, 11)(12, 12)(13, 13)(14, 14)(15, 15)(16, 16)(17, 17)(18, 18)(19, 19)(20, 20)(21, 21)
54c560a6b270647b28ea2746853c937885e2718b.flv,56adf39cc2f2f342b0a589038f6d11bac861028e.flv	(11, 9)(12, 11)(13, 12)
54c560a6b270647b28ea2746853c937885e2718b.flv,56adf39cc2f2f342b0a589038f6d11bac861028e.flv	(13, 13)(14, 15)
54c560a6b270647b28ea2746853c937885e2718b.flv,5ac8651ce41781440c8595d174748f1a6cad1ff7.flv	(11, 1)(13, 5)(14, 6)(15, 8)
54c560a6b270647b28ea2746853c937885e2718b.flv,874a7d3cbfc17a46040b2d657667520bde309ca4.flv	(11, 7)
54c560a6b270647b28ea2746853c937885e2718b.flv,874a7d3cbfc17a46040b2d657667520bde309ca4.flv	(13, 9)
54c560a6b270647b28ea2746853c937885e2718b.flv,8f8ecb70bd37b0c6fc468c2aab24d6d9b89fe28d.flv	(11, 9)(12, 11)(13, 12)
54c560a6b270647b28ea2746853c937885e2718b.flv,8f8ecb70bd37b0c6fc468c2aab24d6d9b89fe28d.flv	(13, 13)(14, 15)
54c560a6b270647b28ea2746853c937885e2718b.flv,c80dd6dfe271e4887c11bd76248411a8e7c853b0.flv	(11, 1)(13, 5)(14, 6)(15, 8)
54c560a6b270647b28ea2746853c937885e2718b.flv,d2015b438b70f022967713d6f977ebc67a16839e.flv	(0, 32)(7, 35)(8, 36)(14, 48)(15, 49)
56adf39cc2f2f342b0a589038f6d11bac861028e.flv,56adf39cc2f2f342b0a589038f6d11bac861028e.flv	(0, 0)(1, 1)(2, 2)(3, 3)(4, 4)(5, 5)(6, 6)(7, 7)(8, 8)(9, 9)(10, 10)(11, 11)(12, 12)(13, 13)(14, 14)(15, 15)(16, 16)(17, 17)(18, 18)(19, 19)(20, 20)(21, 21)(22, 22)(23, 23)
56adf39cc2f2f342b0a589038f6d11bac861028e.flv,5ac8651ce41781440c8595d174748f1a6cad1ff7.flv	(9, 1)(11, 2)(12, 4)(14, 5)(15, 6)(19, 7)(20, 8)
56adf39cc2f2f342b0a589038f6d11bac861028e.flv,874a7d3cbfc17a46040b2d657667520bde309ca4.flv	(9, 7)
56adf39cc2f2f342b0a589038f6d11bac861028e.flv,874a7d3cbfc17a46040b2d657667520bde309ca4.flv	(13, 9)
56adf39cc2f2f342b0a589038f6d11bac861028e.flv,8f8ecb70bd37b0c6fc468c2aab24d6d9b89fe28d.flv	(0, 0)(1, 1)(2, 2)(3, 3)(4, 4)(5, 5)(6, 6)(7, 7)(8, 8)(9, 9)(10, 10)(11, 11)(12, 12)(13, 13)(14, 14)(15, 15)(16, 16)(17, 17)(18, 18)(19, 19)(20, 20)(21, 21)(22, 22)(23, 23)
56adf39cc2f2f342b0a589038f6d11bac861028e.flv,c80dd6dfe271e4887c11bd76248411a8e7c853b0.flv	(9, 1)(11, 2)(12, 4)(14, 5)(15, 6)(20, 8)
56adf39cc2f2f342b0a589038f6d11bac861028e.flv,d2015b438b70f022967713d6f977ebc67a16839e.flv	(2, 13)
56adf39cc2f2f342b0a589038f6d11bac861028e.flv,d2015b438b70f022967713d6f977ebc67a16839e.flv	(4, 19)
56adf39cc2f2f342b0a589038f6d11bac861028e.flv,d2015b438b70f022967713d6f977ebc67a16839e.flv	(5, 19)
56adf39cc2f2f342b0a589038f6d11bac861028e.flv,d2015b438b70f022967713d6f977ebc67a16839e.flv	(6, 22)
56adf39cc2f2f342b0a589038f6d11bac861028e.flv,d2015b438b70f022967713d6f977ebc67a16839e.flv	(7, 23)
56adf39cc2f2f342b0a589038f6d11bac861028e.flv,d2015b438b70f022967713d6f977ebc67a16839e.flv	(9, 43)(10, 44)(11, 45)(12, 46)
56adf39cc2f2f342b0a589038f6d11bac861028e.flv,d2015b438b70f022967713d6f977ebc67a16839e.flv	(13, 47)(15, 48)(19, 49)
5ac8651ce41781440c8595d174748f1a6cad1ff7.flv,5ac8651ce41781440c8595d174748f1a6cad1ff7.flv	(0, 0)(1, 1)(2, 2)(3, 3)(4, 4)(5, 5)(6, 6)(7, 7)(8, 8)
5ac8651ce41781440c8595d174748f1a6cad1ff7.flv,874a7d3cbfc17a46040b2d657667520bde309ca4.flv	(1, 7)(2, 8)
5ac8651ce41781440c8595d174748f1a6cad1ff7.flv,874a7d3cbfc17a46040b2d657667520bde309ca4.flv	(5, 9)
5ac8651ce41781440c8595d174748f1a6cad1ff7.flv,8f8ecb70bd37b0c6fc468c2aab24d6d9b89fe28d.flv	(1, 9)(2, 10)(3, 11)(4, 12)
5ac8651ce41781440c8595d174748f1a6cad1ff7.flv,8f8ecb70bd37b0c6fc468c2aab24d6d9b89fe28d.flv	(5, 13)(6, 15)(7, 19)(8, 20)
5ac8651ce41781440c8595d174748f1a6cad1ff7.flv,c80dd6dfe271e4887c11bd76248411a8e7c853b0.flv	(0, 0)(1, 1)(2, 2)(3, 3)(4, 4)(5, 5)(6, 6)(7, 7)(8, 8)
5ac8651ce41781440c8595d174748f1a6cad1ff7.flv,d2015b438b70f022967713d6f977ebc67a16839e.flv	(0, 40)(0, 41)(1, 43)(2, 44)(3, 45)(4, 46)(5, 47)(6, 48)(7, 49)
874a7d3cbfc17a46040b2d657667520bde309ca4.flv,874a7d3cbfc17a46040b2d657667520bde309ca4.flv	(0, 0)(1, 1)(2, 2)(3, 3)(4, 4)(5, 5)(6, 6)(7, 7)(8, 8)(9, 9)
874a7d3cbfc17a46040b2d657667520bde309ca4.flv,8f8ecb70bd37b0c6fc468c2aab24d6d9b89fe28d.flv	(7, 9)
874a7d3cbfc17a46040b2d657667520bde309ca4.flv,8f8ecb70bd37b0c6fc468c2aab24d6d9b89fe28d.flv	
874a7d3cbfc17a46040b2d657667520bde309ca4.flv,c80dd6dfe271e4887c11bd76248411a8e7c853b0.flv	(7, 1)
874a7d3cbfc17a46040b2d657667520bde309ca4.flv,c80dd6dfe271e4887c11bd76248411a8e7c853b0.flv	(9, 5)
874a7d3cbfc17a46040b2d657667520bde309ca4.flv,d2015b438b70f022967713d6f977ebc67a16839e.flv	(5, 22)
874a7d3cbfc17a46040b2d657667520bde309ca4.flv,d2015b438b70f022967713d6f977ebc67a16839e.flv	(7, 43)
874a7d3cbfc17a46040b2d657667520bde309ca4.flv,d2015b438b70f022967713d6f977ebc67a16839e.flv	(9, 47)
8f8ecb70bd37b0c6fc468c2aab24d6d9b89fe28d.flv,8f8ecb70bd37b0c6fc468c2aab24d6d9b89fe28d.flv	(0, 0)(1, 1)(2, 2)(3, 3)(4, 4)(5, 5)(6, 6)(7, 7)(8, 8)(9, 9)(10, 10)(11, 11)(12, 12)(13, 13)(14, 14)(15, 15)(16, 16)(17, 17)(18, 18)(19, 19)(20, 20)(21, 21)(22, 22)(23, 23)
8f8ecb70bd37b0c6fc468c2aab24d6d9b89fe28d.flv,c80dd6dfe271e4887c11bd76248411a8e7c853b0.flv	(9, 1)(10, 2)(11, 3)(12, 4)
8f8ecb70bd37b0c6fc468c2aab24d6d9b89fe28d.flv,c80dd6dfe271e4887c11bd76248411a8e7c853b0.flv	(13, 5)(15, 6)(19, 7)(20, 8)
8f8ecb70bd37b0c6fc468c2aab24d6d9b89fe28d.flv,d2015b438b70f022967713d6f977ebc67a16839e.flv	(2, 13)
8f8ecb70bd37b0c6fc468c2aab24d6d9b89fe28d.flv,d2015b438b70f022967713d6f977ebc67a16839e.flv	(4, 19)
8f8ecb70bd37b0c6fc468c2aab24d6d9b89fe28d.flv,d2015b438b70f022967713d6f977ebc67a16839e.flv	(5, 19)
8f8ecb70bd37b0c6fc468c2aab24d6d9b89fe28d.flv,d2015b438b70f022967713d6f977ebc67a16839e.flv	(6, 22)
8f8ecb70bd37b0c6fc468c2aab24d6d9b89fe28d.flv,d2015b438b70f022967713d6f977ebc67a16839e.flv	(7, 23)
8f8ecb70bd37b0c6fc468c2aab24d6d9b89fe28d.flv,d2015b438b70f022967713d6f977ebc67a16839e.flv	(9, 43)(10, 44)(11, 45)(12, 46)
8f8ecb70bd37b0c6fc468c2aab24d6d9b89fe28d.flv,d2015b438b70f022967713d6f977ebc67a16839e.flv	(13, 47)(15, 48)(19, 49)
c80dd6dfe271e4887c11bd76248411a8e7c853b0.flv,c80dd6dfe271e4887c11bd76248411a8e7c853b0.flv	(0, 0)(1, 1)(2, 2)(3, 3)(4, 4)(5, 5)(6, 6)(7, 7)(8, 8)
c80dd6dfe271e4887c11bd76248411a8e7c853b0.flv,d2015b438b70f022967713d6f977ebc67a16839e.flv	(0, 40)(0, 41)(1, 43)(2, 44)(3, 45)(4, 46)(5, 47)(6, 48)(7, 49)
d2015b438b70f022967713d6f977ebc67a16839e.flv,d2015b438b70f022967713d6f977ebc67a16839e.flv	(0, 0)(1, 1)(2, 2)(3, 3)(4, 4)(5, 5)(6, 6)(7, 7)(8, 8)(9, 9)(10, 10)(11, 11)(12, 12)(13, 13)(14, 14)(15, 15)(16, 16)(17, 17)(18, 18)(19, 19)(20, 20)(21, 21)(22, 22)(23, 23)(24, 24)(25, 25)(26, 26)(27, 27)(28, 28)(29, 29)(30, 30)(31, 31)(32, 32)(33, 33)(34, 34)(35, 35)(36, 36)(37, 37)(38, 38)(39, 39)(40, 40)(41, 41)(42, 42)(43, 43)(44, 44)(45, 45)(46, 46)(47, 47)(48, 48)(49, 49)
