127dab55025984673f65d3a23b1fea99ecc79b15.mp4,127dab55025984673f65d3a23b1fea99ecc79b15.mp4	(0, 0)(1, 1)(2, 2)(3, 3)(4, 4)(5, 5)(6, 6)(7, 7)(8, 8)(9, 9)(10, 10)(11, 11)(12, 12)(13, 13)(14, 14)(15, 15)(16, 16)(17, 17)(18, 18)(19, 19)(20, 20)(21, 21)(22, 22)(23, 23)(24, 24)(25, 25)(26, 26)(27, 27)(28, 28)(29, 29)(30, 30)(31, 31)(32, 32)(33, 33)(34, 34)(35, 35)(36, 36)(37, 37)(38, 38)(39, 39)(40, 40)(41, 41)(42, 42)(43, 43)(44, 44)(45, 45)(46, 46)(47, 47)(48, 48)(49, 49)(50, 50)(51, 51)(52, 52)(53, 53)(54, 54)(55, 55)
127dab55025984673f65d3a23b1fea99ecc79b15.mp4,12e5b295f88e0c387a4326c73613b1c7a05f2eda.flv	(6, 4)(7, 5)(8, 5)(10, 6)(12, 7)(14, 8)
127dab55025984673f65d3a23b1fea99ecc79b15.mp4,3f551cfb6385305e37906ce36ba8adc47ebc4cb3.flv	(6, 7)(10, 9)(12, 10)(13, 11)(14, 12)
127dab55025984673f65d3a23b1fea99ecc79b15.mp4,46fa74f0aa8e67c49c64802317c4de3894f0e1b9.flv	(6, 4)(7, 5)(8, 5)(10, 6)(12, 7)(14, 8)
127dab55025984673f65d3a23b1fea99ecc79b15.mp4,487be7c83186caba89dc3004a1bd24350e35a099.flv	(6, 4)(7, 5)(10, 6)(12, 7)(14, 8)
127dab55025984673f65d3a23b1fea99ecc79b15.mp4,4cfa923904010814758c07c039b0388ed0be08ec.flv	(14, 7)
127dab55025984673f65d3a23b1fea99ecc79b15.mp4,4ebe32fc10f0594a6d6a54df8617d38c2806ec9e.flv	(14, 5)
127dab55025984673f65d3a23b1fea99ecc79b15.mp4,4fed5faaf981b1082089916f2ff52c844b260efa.mp4	(6, 2)(14, 4)
127dab55025984673f65d3a23b1fea99ecc79b15.mp4,705d504994af63494d0e6e3e42f64d6b165b9584.flv	(6, 7)(10, 9)(12, 10)(14, 11)
127dab55025984673f65d3a23b1fea99ecc79b15.mp4,707ffde910facfe859304ae491bc154ab33dd2de.flv	(6, 4)(14, 9)
127dab55025984673f65d3a23b1fea99ecc79b15.mp4,75ac32c788e5d5d2e058a24f6a2deffbab3288fc.flv	(14, 5)
127dab55025984673f65d3a23b1fea99ecc79b15.mp4,7b2158aad4ea2e6c8f149bb869801b96734c1b1c.flv	(14, 4)
127dab55025984673f65d3a23b1fea99ecc79b15.mp4,7c9d142bf1b1ede846c059117f422b1c8ea6bb9e.mp4	(6, 5)(14, 8)
127dab55025984673f65d3a23b1fea99ecc79b15.mp4,7dd1b7a83128fb78f018c557d918b0670989457e.mp4	(6, 4)(12, 6)(14, 7)
127dab55025984673f65d3a23b1fea99ecc79b15.mp4,8870293c58fbed9cc03a738577e5802164199d8b.flv	(6, 4)(12, 7)(14, 8)
127dab55025984673f65d3a23b1fea99ecc79b15.mp4,8c207ab5a07d12d37dcb666ee8b69c3357bc07fb.flv	(10, 25)(11, 26)
127dab55025984673f65d3a23b1fea99ecc79b15.mp4,8c207ab5a07d12d37dcb666ee8b69c3357bc07fb.flv	(10, 34)
127dab55025984673f65d3a23b1fea99ecc79b15.mp4,8c207ab5a07d12d37dcb666ee8b69c3357bc07fb.flv	(14, 30)
127dab55025984673f65d3a23b1fea99ecc79b15.mp4,8c207ab5a07d12d37dcb666ee8b69c3357bc07fb.flv	(14, 32)
127dab55025984673f65d3a23b1fea99ecc79b15.mp4,8c207ab5a07d12d37dcb666ee8b69c3357bc07fb.flv	(14, 46)
127dab55025984673f65d3a23b1fea99ecc79b15.mp4,8fb97b98e2f27c9f162d6c1d6c27806c84af8e8d.flv	(6, 7)(10, 9)(12, 10)(14, 11)
127dab55025984673f65d3a23b1fea99ecc79b15.mp4,97429f47c45ec4da9849b7f4df36e22939649158.mp4	(6, 5)(14, 9)
127dab55025984673f65d3a23b1fea99ecc79b15.mp4,9c1d7e91288e07083e4456f8fe6b771aba039ed1.flv	(6, 4)(7, 5)(8, 5)(10, 6)(12, 7)(14, 8)
127dab55025984673f65d3a23b1fea99ecc79b15.mp4,b3205b97de392174f3905831fc0dba5724fdabf1.flv	(14, 6)
127dab55025984673f65d3a23b1fea99ecc79b15.mp4,b581ea1130d0c4c9af02e98dcb887cb8d58350e8.flv	(6, 4)(12, 6)(14, 7)
127dab55025984673f65d3a23b1fea99ecc79b15.mp4,bbdbe357f408fb84d5f57c1522a90504f3162d6f.flv	(14, 9)
127dab55025984673f65d3a23b1fea99ecc79b15.mp4,bbdbe357f408fb84d5f57c1522a90504f3162d6f.flv	(14, 11)
127dab55025984673f65d3a23b1fea99ecc79b15.mp4,be51dbc2d72ae574934de1b972b18037dba73b8e.flv	(14, 6)
127dab55025984673f65d3a23b1fea99ecc79b15.mp4,bf9df08bb9164d1b971557a9b9f6140096c92b0c.mp4	(12, 55)(14, 56)
127dab55025984673f65d3a23b1fea99ecc79b15.mp4,cac9dff859597360de5a5f011139c845c0d08e6c.flv	(6, 4)(7, 5)(10, 6)(12, 7)(14, 8)
127dab55025984673f65d3a23b1fea99ecc79b15.mp4,caec7bae88f5b5d60a08487e9d9a8cd27251c64e.flv	(6, 5)(10, 7)(11, 8)(12, 9)(14, 10)
127dab55025984673f65d3a23b1fea99ecc79b15.mp4,f7ba4ea780e11256ed5439e33d169eb242a8a18f.flv	(14, 7)
12e5b295f88e0c387a4326c73613b1c7a05f2eda.flv,12e5b295f88e0c387a4326c73613b1c7a05f2eda.flv	(0, 0)(1, 1)(2, 2)(3, 3)(4, 4)(5, 5)(6, 6)(7, 7)(8, 8)(9, 9)(10, 10)
12e5b295f88e0c387a4326c73613b1c7a05f2eda.flv,3f551cfb6385305e37906ce36ba8adc47ebc4cb3.flv	(0, 3)(1, 4)(2, 5)(3, 6)(4, 7)(5, 8)(6, 9)(7, 10)(8, 12)(9, 14)(10, 15)
12e5b295f88e0c387a4326c73613b1c7a05f2eda.flv,46fa74f0aa8e67c49c64802317c4de3894f0e1b9.flv	(0, 0)(1, 1)(2, 2)(3, 3)(4, 4)(5, 5)(6, 6)(7, 7)(8, 8)(9, 10)(10, 11)
12e5b295f88e0c387a4326c73613b1c7a05f2eda.flv,487be7c83186caba89dc3004a1bd24350e35a099.flv	(0, 0)(1, 1)(2, 2)(3, 3)(4, 4)(6, 6)(7, 7)(8, 8)(9, 9)(10, 10)
12e5b295f88e0c387a4326c73613b1c7a05f2eda.flv,4cfa923904010814758c07c039b0388ed0be08ec.flv	(0, 0)(1, 1)(2, 2)(3, 3)(7, 4)(8, 7)(9, 8)
12e5b295f88e0c387a4326c73613b1c7a05f2eda.flv,4ebe32fc10f0594a6d6a54df8617d38c2806ec9e.flv	(1, 0)(2, 1)(9, 10)(10, 11)
12e5b295f88e0c387a4326c73613b1c7a05f2eda.flv,4fed5faaf981b1082089916f2ff52c844b260efa.mp4	(2, 0)(3, 1)(4, 2)(7, 3)(8, 4)(9, 5)
12e5b295f88e0c387a4326c73613b1c7a05f2eda.flv,705d504994af63494d0e6e3e42f64d6b165b9584.flv	(0, 3)(1, 4)(2, 5)(3, 6)(4, 7)(5, 8)(6, 9)(7, 10)(8, 11)(9, 13)(10, 14)
12e5b295f88e0c387a4326c73613b1c7a05f2eda.flv,707ffde910facfe859304ae491bc154ab33dd2de.flv	(0, 0)(1, 1)(2, 2)(3, 3)(4, 4)(5, 5)(7, 8)(8, 9)(9, 10)(10, 12)
12e5b295f88e0c387a4326c73613b1c7a05f2eda.flv,75ac32c788e5d5d2e058a24f6a2deffbab3288fc.flv	(1, 0)(2, 1)(9, 10)(10, 11)
12e5b295f88e0c387a4326c73613b1c7a05f2eda.flv,7b2158aad4ea2e6c8f149bb869801b96734c1b1c.flv	(0, 0)
12e5b295f88e0c387a4326c73613b1c7a05f2eda.flv,7b2158aad4ea2e6c8f149bb869801b96734c1b1c.flv	(2, 2)
12e5b295f88e0c387a4326c73613b1c7a05f2eda.flv,7b2158aad4ea2e6c8f149bb869801b96734c1b1c.flv	(3, 3)(8, 4)
12e5b295f88e0c387a4326c73613b1c7a05f2eda.flv,7c9d142bf1b1ede846c059117f422b1c8ea6bb9e.mp4	(0, 1)(1, 2)(2, 3)(3, 4)(4, 5)(7, 6)(8, 8)(9, 9)
12e5b295f88e0c387a4326c73613b1c7a05f2eda.flv,7dd1b7a83128fb78f018c557d918b0670989457e.mp4	(0, 0)
12e5b295f88e0c387a4326c73613b1c7a05f2eda.flv,7dd1b7a83128fb78f018c557d918b0670989457e.mp4	(2, 2)(3, 3)(4, 4)(6, 5)(7, 6)(8, 7)
12e5b295f88e0c387a4326c73613b1c7a05f2eda.flv,8870293c58fbed9cc03a738577e5802164199d8b.flv	(0, 0)(1, 1)(2, 2)(3, 3)(4, 4)(7, 7)(8, 8)(9, 11)(10, 12)
12e5b295f88e0c387a4326c73613b1c7a05f2eda.flv,8c207ab5a07d12d37dcb666ee8b69c3357bc07fb.flv	(0, 0)(1, 1)
12e5b295f88e0c387a4326c73613b1c7a05f2eda.flv,8c207ab5a07d12d37dcb666ee8b69c3357bc07fb.flv	(6, 25)(7, 26)
12e5b295f88e0c387a4326c73613b1c7a05f2eda.flv,8c207ab5a07d12d37dcb666ee8b69c3357bc07fb.flv	(6, 34)
12e5b295f88e0c387a4326c73613b1c7a05f2eda.flv,8c207ab5a07d12d37dcb666ee8b69c3357bc07fb.flv	(8, 30)
12e5b295f88e0c387a4326c73613b1c7a05f2eda.flv,8c207ab5a07d12d37dcb666ee8b69c3357bc07fb.flv	(8, 32)
12e5b295f88e0c387a4326c73613b1c7a05f2eda.flv,8c207ab5a07d12d37dcb666ee8b69c3357bc07fb.flv	(8, 46)
12e5b295f88e0c387a4326c73613b1c7a05f2eda.flv,8fb97b98e2f27c9f162d6c1d6c27806c84af8e8d.flv	(0, 3)(1, 4)(2, 5)(3, 6)(4, 7)(5, 8)(6, 9)(7, 10)(8, 11)(9, 13)(10, 14)
12e5b295f88e0c387a4326c73613b1c7a05f2eda.flv,97429f47c45ec4da9849b7f4df36e22939649158.mp4	(0, 1)(1, 2)(2, 3)(3, 5)(4, 6)(5, 6)(6, 7)(8, 9)(9, 12)
12e5b295f88e0c387a4326c73613b1c7a05f2eda.flv,9c1d7e91288e07083e4456f8fe6b771aba039ed1.flv	(0, 0)(1, 1)(2, 2)(3, 3)(4, 4)(5, 5)(6, 6)(7, 7)(8, 8)(9, 10)(10, 11)
12e5b295f88e0c387a4326c73613b1c7a05f2eda.flv,b3205b97de392174f3905831fc0dba5724fdabf1.flv	(1, 0)(2, 1)(3, 2)(8, 6)(9, 7)
12e5b295f88e0c387a4326c73613b1c7a05f2eda.flv,b581ea1130d0c4c9af02e98dcb887cb8d58350e8.flv	(0, 0)(1, 1)(2, 2)(3, 3)(4, 4)(6, 5)(7, 6)(8, 7)(9, 8)
12e5b295f88e0c387a4326c73613b1c7a05f2eda.flv,bbdbe357f408fb84d5f57c1522a90504f3162d6f.flv	(2, 2)
12e5b295f88e0c387a4326c73613b1c7a05f2eda.flv,bbdbe357f408fb84d5f57c1522a90504f3162d6f.flv	(7, 6)(8, 7)
12e5b295f88e0c387a4326c73613b1c7a05f2eda.flv,bbdbe357f408fb84d5f57c1522a90504f3162d6f.flv	(8, 9)
12e5b295f88e0c387a4326c73613b1c7a05f2eda.flv,bbdbe357f408fb84d5f57c1522a90504f3162d6f.flv	(8, 11)
12e5b295f88e0c387a4326c73613b1c7a05f2eda.flv,be51dbc2d72ae574934de1b972b18037dba73b8e.flv	(0, 0)(1, 1)(2, 2)(3, 3)(8, 6)(9, 7)
12e5b295f88e0c387a4326c73613b1c7a05f2eda.flv,bf9df08bb9164d1b971557a9b9f6140096c92b0c.mp4	(7, 55)(8, 56)
12e5b295f88e0c387a4326c73613b1c7a05f2eda.flv,cac9dff859597360de5a5f011139c845c0d08e6c.flv	(0, 0)(1, 1)(2, 2)(3, 3)(4, 4)(6, 6)(7, 7)(8, 8)(9, 9)(10, 10)
12e5b295f88e0c387a4326c73613b1c7a05f2eda.flv,caec7bae88f5b5d60a08487e9d9a8cd27251c64e.flv	(0, 1)(1, 2)(2, 3)(3, 4)(4, 5)(5, 6)(6, 7)(7, 9)(8, 10)(9, 11)
12e5b295f88e0c387a4326c73613b1c7a05f2eda.flv,f7ba4ea780e11256ed5439e33d169eb242a8a18f.flv	(8, 7)
3f551cfb6385305e37906ce36ba8adc47ebc4cb3.flv,3f551cfb6385305e37906ce36ba8adc47ebc4cb3.flv	(0, 0)(1, 1)(2, 2)(3, 3)(4, 4)(5, 5)(6, 6)(7, 7)(8, 8)(9, 9)(10, 10)(11, 11)(12, 12)(13, 13)(14, 14)(15, 15)(16, 16)
3f551cfb6385305e37906ce36ba8adc47ebc4cb3.flv,46fa74f0aa8e67c49c64802317c4de3894f0e1b9.flv	(3, 0)(4, 1)(5, 2)(6, 3)(7, 4)(8, 5)(9, 6)(10, 7)(12, 8)(14, 10)(15, 11)
3f551cfb6385305e37906ce36ba8adc47ebc4cb3.flv,487be7c83186caba89dc3004a1bd24350e35a099.flv	(3, 0)(4, 1)(5, 2)(6, 3)(7, 4)(8, 6)(10, 7)(12, 8)(14, 9)(15, 10)
3f551cfb6385305e37906ce36ba8adc47ebc4cb3.flv,4cfa923904010814758c07c039b0388ed0be08ec.flv	(3, 0)(4, 1)(5, 2)(6, 3)(12, 7)
3f551cfb6385305e37906ce36ba8adc47ebc4cb3.flv,4ebe32fc10f0594a6d6a54df8617d38c2806ec9e.flv	(4, 0)(5, 1)(14, 10)(15, 11)
3f551cfb6385305e37906ce36ba8adc47ebc4cb3.flv,4fed5faaf981b1082089916f2ff52c844b260efa.mp4	(5, 0)(6, 1)(7, 2)(10, 3)(12, 4)(13, 5)
3f551cfb6385305e37906ce36ba8adc47ebc4cb3.flv,705d504994af63494d0e6e3e42f64d6b165b9584.flv	(0, 0)(1, 1)(2, 2)(3, 3)(4, 4)(5, 5)(6, 6)(7, 7)(8, 8)(9, 9)(10, 10)(12, 11)(13, 12)(14, 13)(15, 14)(16, 15)
3f551cfb6385305e37906ce36ba8adc47ebc4cb3.flv,707ffde910facfe859304ae491bc154ab33dd2de.flv	(3, 0)(4, 1)(5, 2)(6, 3)(7, 4)(8, 5)(10, 8)(12, 9)(13, 10)(14, 11)(15, 12)
3f551cfb6385305e37906ce36ba8adc47ebc4cb3.flv,75ac32c788e5d5d2e058a24f6a2deffbab3288fc.flv	(4, 0)(5, 1)(14, 10)(15, 11)
3f551cfb6385305e37906ce36ba8adc47ebc4cb3.flv,7b2158aad4ea2e6c8f149bb869801b96734c1b1c.flv	(3, 0)
3f551cfb6385305e37906ce36ba8adc47ebc4cb3.flv,7b2158aad4ea2e6c8f149bb869801b96734c1b1c.flv	(5, 2)
3f551cfb6385305e37906ce36ba8adc47ebc4cb3.flv,7b2158aad4ea2e6c8f149bb869801b96734c1b1c.flv	(6, 3)(12, 4)
3f551cfb6385305e37906ce36ba8adc47ebc4cb3.flv,7c9d142bf1b1ede846c059117f422b1c8ea6bb9e.mp4	(3, 1)(4, 2)(5, 3)(6, 4)(7, 5)(12, 8)(13, 9)
3f551cfb6385305e37906ce36ba8adc47ebc4cb3.flv,7dd1b7a83128fb78f018c557d918b0670989457e.mp4	(3, 0)
3f551cfb6385305e37906ce36ba8adc47ebc4cb3.flv,7dd1b7a83128fb78f018c557d918b0670989457e.mp4	(4, 1)(5, 2)(6, 3)(7, 4)(8, 5)(10, 6)(12, 7)
3f551cfb6385305e37906ce36ba8adc47ebc4cb3.flv,7dd1b7a83128fb78f018c557d918b0670989457e.mp4	(6, 3)(7, 4)(8, 5)(10, 6)(12, 7)
3f551cfb6385305e37906ce36ba8adc47ebc4cb3.flv,8870293c58fbed9cc03a738577e5802164199d8b.flv	(3, 0)(4, 1)(5, 2)(6, 3)(7, 4)(8, 5)(10, 7)(12, 8)(13, 10)(14, 11)(15, 12)
3f551cfb6385305e37906ce36ba8adc47ebc4cb3.flv,8c207ab5a07d12d37dcb666ee8b69c3357bc07fb.flv	(3, 0)(4, 1)
3f551cfb6385305e37906ce36ba8adc47ebc4cb3.flv,8c207ab5a07d12d37dcb666ee8b69c3357bc07fb.flv	(10, 26)
3f551cfb6385305e37906ce36ba8adc47ebc4cb3.flv,8c207ab5a07d12d37dcb666ee8b69c3357bc07fb.flv	(9, 34)
3f551cfb6385305e37906ce36ba8adc47ebc4cb3.flv,8c207ab5a07d12d37dcb666ee8b69c3357bc07fb.flv	(12, 30)
3f551cfb6385305e37906ce36ba8adc47ebc4cb3.flv,8c207ab5a07d12d37dcb666ee8b69c3357bc07fb.flv	(12, 32)
3f551cfb6385305e37906ce36ba8adc47ebc4cb3.flv,8c207ab5a07d12d37dcb666ee8b69c3357bc07fb.flv	(12, 46)
3f551cfb6385305e37906ce36ba8adc47ebc4cb3.flv,8c207ab5a07d12d37dcb666ee8b69c3357bc07fb.flv	(12, 46)
3f551cfb6385305e37906ce36ba8adc47ebc4cb3.flv,8c207ab5a07d12d37dcb666ee8b69c3357bc07fb.flv	(12, 46)
3f551cfb6385305e37906ce36ba8adc47ebc4cb3.flv,8c207ab5a07d12d37dcb666ee8b69c3357bc07fb.flv	(12, 46)
3f551cfb6385305e37906ce36ba8adc47ebc4cb3.flv,8fb97b98e2f27c9f162d6c1d6c27806c84af8e8d.flv	(0, 0)(1, 1)(2, 2)(3, 3)(4, 4)(5, 5)(6, 6)(7, 7)(8, 8)(9, 9)(10, 10)(12, 11)(13, 12)(14, 13)(15, 14)(16, 15)
3f551cfb6385305e37906ce36ba8adc47ebc4cb3.flv,97429f47c45ec4da9849b7f4df36e22939649158.mp4	(3, 1)(4, 2)(5, 3)(6, 5)(7, 6)(12, 9)(13, 12)
3f551cfb6385305e37906ce36ba8adc47ebc4cb3.flv,9c1d7e91288e07083e4456f8fe6b771aba039ed1.flv	(3, 0)(4, 1)(5, 2)(6, 3)(7, 4)(8, 5)(9, 6)(10, 7)(12, 8)(14, 10)(15, 11)
3f551cfb6385305e37906ce36ba8adc47ebc4cb3.flv,b3205b97de392174f3905831fc0dba5724fdabf1.flv	(4, 0)(5, 1)(6, 2)(12, 6)
3f551cfb6385305e37906ce36ba8adc47ebc4cb3.flv,b581ea1130d0c4c9af02e98dcb887cb8d58350e8.flv	(3, 0)(4, 1)(5, 2)(6, 3)(7, 4)(8, 5)(10, 6)(12, 7)(13, 8)
3f551cfb6385305e37906ce36ba8adc47ebc4cb3.flv,bbdbe357f408fb84d5f57c1522a90504f3162d6f.flv	(5, 2)
3f551cfb6385305e37906ce36ba8adc47ebc4cb3.flv,bbdbe357f408fb84d5f57c1522a90504f3162d6f.flv	(11, 6)(12, 7)
3f551cfb6385305e37906ce36ba8adc47ebc4cb3.flv,bbdbe357f408fb84d5f57c1522a90504f3162d6f.flv	(12, 9)
3f551cfb6385305e37906ce36ba8adc47ebc4cb3.flv,bbdbe357f408fb84d5f57c1522a90504f3162d6f.flv	(12, 11)
3f551cfb6385305e37906ce36ba8adc47ebc4cb3.flv,be51dbc2d72ae574934de1b972b18037dba73b8e.flv	(3, 0)(4, 1)(5, 2)(6, 3)(12, 6)
3f551cfb6385305e37906ce36ba8adc47ebc4cb3.flv,bf9df08bb9164d1b971557a9b9f6140096c92b0c.mp4	(10, 55)(12, 56)
3f551cfb6385305e37906ce36ba8adc47ebc4cb3.flv,cac9dff859597360de5a5f011139c845c0d08e6c.flv	(3, 0)(4, 1)(5, 2)(6, 3)(7, 4)(8, 6)(10, 7)(12, 8)(14, 9)(15, 10)
3f551cfb6385305e37906ce36ba8adc47ebc4cb3.flv,caec7bae88f5b5d60a08487e9d9a8cd27251c64e.flv	(3, 1)(4, 2)(5, 3)(6, 4)(7, 5)(8, 6)(12, 10)
3f551cfb6385305e37906ce36ba8adc47ebc4cb3.flv,f7ba4ea780e11256ed5439e33d169eb242a8a18f.flv	(8, 7)
46fa74f0aa8e67c49c64802317c4de3894f0e1b9.flv,46fa74f0aa8e67c49c64802317c4de3894f0e1b9.flv	(0, 0)(1, 1)(2, 2)(3, 3)(4, 4)(5, 5)(6, 6)(7, 7)(8, 8)(9, 9)(10, 10)(11, 11)
46fa74f0aa8e67c49c64802317c4de3894f0e1b9.flv,487be7c83186caba89dc3004a1bd24350e35a099.flv	(0, 0)(1, 1)(2, 2)(3, 3)(4, 4)(6, 6)(7, 7)(8, 8)(10, 9)(11, 10)
46fa74f0aa8e67c49c64802317c4de3894f0e1b9.flv,4cfa923904010814758c07c039b0388ed0be08ec.flv	(0, 0)(1, 1)(2, 2)(3, 3)(7, 4)(8, 7)(10, 8)
46fa74f0aa8e67c49c64802317c4de3894f0e1b9.flv,4ebe32fc10f0594a6d6a54df8617d38c2806ec9e.flv	(1, 0)(2, 1)(10, 10)(11, 11)
46fa74f0aa8e67c49c64802317c4de3894f0e1b9.flv,4fed5faaf981b1082089916f2ff52c844b260efa.mp4	(2, 0)(3, 1)(4, 2)(7, 3)(8, 4)
46fa74f0aa8e67c49c64802317c4de3894f0e1b9.flv,705d504994af63494d0e6e3e42f64d6b165b9584.flv	(0, 3)(1, 4)(2, 5)(3, 6)(4, 7)(5, 8)(6, 9)(7, 10)(8, 11)(10, 13)(11, 14)
46fa74f0aa8e67c49c64802317c4de3894f0e1b9.flv,707ffde910facfe859304ae491bc154ab33dd2de.flv	(0, 0)(1, 1)(2, 2)(3, 3)(4, 4)(5, 5)(7, 8)(8, 9)(11, 12)
46fa74f0aa8e67c49c64802317c4de3894f0e1b9.flv,75ac32c788e5d5d2e058a24f6a2deffbab3288fc.flv	(1, 0)(2, 1)(10, 10)(11, 11)
46fa74f0aa8e67c49c64802317c4de3894f0e1b9.flv,7b2158aad4ea2e6c8f149bb869801b96734c1b1c.flv	(0, 0)
46fa74f0aa8e67c49c64802317c4de3894f0e1b9.flv,7b2158aad4ea2e6c8f149bb869801b96734c1b1c.flv	(2, 2)
46fa74f0aa8e67c49c64802317c4de3894f0e1b9.flv,7b2158aad4ea2e6c8f149bb869801b96734c1b1c.flv	(3, 3)(8, 4)
46fa74f0aa8e67c49c64802317c4de3894f0e1b9.flv,7c9d142bf1b1ede846c059117f422b1c8ea6bb9e.mp4	(0, 1)(1, 2)(2, 3)(3, 4)(4, 5)(7, 6)(8, 8)(10, 9)
46fa74f0aa8e67c49c64802317c4de3894f0e1b9.flv,7dd1b7a83128fb78f018c557d918b0670989457e.mp4	(0, 0)
46fa74f0aa8e67c49c64802317c4de3894f0e1b9.flv,7dd1b7a83128fb78f018c557d918b0670989457e.mp4	(2, 2)(3, 3)(4, 4)(6, 5)(7, 6)(8, 7)
46fa74f0aa8e67c49c64802317c4de3894f0e1b9.flv,8870293c58fbed9cc03a738577e5802164199d8b.flv	(0, 0)(1, 1)(2, 2)(3, 3)(4, 4)(7, 7)(8, 8)(9, 9)(10, 11)(11, 12)
46fa74f0aa8e67c49c64802317c4de3894f0e1b9.flv,8c207ab5a07d12d37dcb666ee8b69c3357bc07fb.flv	(0, 0)(1, 1)
46fa74f0aa8e67c49c64802317c4de3894f0e1b9.flv,8c207ab5a07d12d37dcb666ee8b69c3357bc07fb.flv	(6, 25)(7, 26)
46fa74f0aa8e67c49c64802317c4de3894f0e1b9.flv,8c207ab5a07d12d37dcb666ee8b69c3357bc07fb.flv	(6, 34)
46fa74f0aa8e67c49c64802317c4de3894f0e1b9.flv,8c207ab5a07d12d37dcb666ee8b69c3357bc07fb.flv	(8, 30)
46fa74f0aa8e67c49c64802317c4de3894f0e1b9.flv,8c207ab5a07d12d37dcb666ee8b69c3357bc07fb.flv	(8, 32)
46fa74f0aa8e67c49c64802317c4de3894f0e1b9.flv,8c207ab5a07d12d37dcb666ee8b69c3357bc07fb.flv	(8, 46)
46fa74f0aa8e67c49c64802317c4de3894f0e1b9.flv,8fb97b98e2f27c9f162d6c1d6c27806c84af8e8d.flv	(0, 3)(1, 4)(2, 5)(3, 6)(4, 7)(5, 8)(6, 9)(7, 10)(8, 11)(10, 13)(11, 14)
46fa74f0aa8e67c49c64802317c4de3894f0e1b9.flv,97429f47c45ec4da9849b7f4df36e22939649158.mp4	(0, 1)(1, 2)(2, 3)(3, 5)(4, 6)(5, 6)(6, 7)(8, 9)(10, 13)
46fa74f0aa8e67c49c64802317c4de3894f0e1b9.flv,9c1d7e91288e07083e4456f8fe6b771aba039ed1.flv	(0, 0)(1, 1)(2, 2)(3, 3)(4, 4)(5, 5)(6, 6)(7, 7)(8, 8)(9, 9)(10, 10)(11, 11)
46fa74f0aa8e67c49c64802317c4de3894f0e1b9.flv,b3205b97de392174f3905831fc0dba5724fdabf1.flv	(1, 0)(2, 1)(3, 2)(8, 6)(10, 7)
46fa74f0aa8e67c49c64802317c4de3894f0e1b9.flv,b581ea1130d0c4c9af02e98dcb887cb8d58350e8.flv	(0, 0)(1, 1)(2, 2)(3, 3)(4, 4)(6, 5)(7, 6)(8, 7)(10, 8)
46fa74f0aa8e67c49c64802317c4de3894f0e1b9.flv,bbdbe357f408fb84d5f57c1522a90504f3162d6f.flv	(2, 2)
46fa74f0aa8e67c49c64802317c4de3894f0e1b9.flv,bbdbe357f408fb84d5f57c1522a90504f3162d6f.flv	(7, 6)(8, 7)
46fa74f0aa8e67c49c64802317c4de3894f0e1b9.flv,bbdbe357f408fb84d5f57c1522a90504f3162d6f.flv	(8, 9)
46fa74f0aa8e67c49c64802317c4de3894f0e1b9.flv,bbdbe357f408fb84d5f57c1522a90504f3162d6f.flv	(8, 11)
46fa74f0aa8e67c49c64802317c4de3894f0e1b9.flv,be51dbc2d72ae574934de1b972b18037dba73b8e.flv	(0, 0)(1, 1)(2, 2)(3, 3)(8, 6)(10, 7)
46fa74f0aa8e67c49c64802317c4de3894f0e1b9.flv,bf9df08bb9164d1b971557a9b9f6140096c92b0c.mp4	(7, 55)(8, 56)
46fa74f0aa8e67c49c64802317c4de3894f0e1b9.flv,cac9dff859597360de5a5f011139c845c0d08e6c.flv	(0, 0)(1, 1)(2, 2)(3, 3)(4, 4)(6, 6)(7, 7)(8, 8)(10, 9)(11, 10)
46fa74f0aa8e67c49c64802317c4de3894f0e1b9.flv,caec7bae88f5b5d60a08487e9d9a8cd27251c64e.flv	(0, 1)(1, 2)(2, 3)(3, 4)(4, 5)(5, 6)(6, 7)(7, 9)(8, 10)(10, 11)
46fa74f0aa8e67c49c64802317c4de3894f0e1b9.flv,f7ba4ea780e11256ed5439e33d169eb242a8a18f.flv	(8, 7)
487be7c83186caba89dc3004a1bd24350e35a099.flv,487be7c83186caba89dc3004a1bd24350e35a099.flv	(0, 0)(1, 1)(2, 2)(3, 3)(4, 4)(5, 5)(6, 6)(7, 7)(8, 8)(9, 9)(10, 10)
487be7c83186caba89dc3004a1bd24350e35a099.flv,4cfa923904010814758c07c039b0388ed0be08ec.flv	(0, 0)(1, 1)(2, 2)(3, 3)(7, 4)(8, 7)(9, 8)
487be7c83186caba89dc3004a1bd24350e35a099.flv,4ebe32fc10f0594a6d6a54df8617d38c2806ec9e.flv	(1, 0)(2, 1)(9, 10)(10, 11)
487be7c83186caba89dc3004a1bd24350e35a099.flv,4fed5faaf981b1082089916f2ff52c844b260efa.mp4	(2, 0)(3, 1)(4, 2)(7, 3)(8, 4)(9, 5)
487be7c83186caba89dc3004a1bd24350e35a099.flv,705d504994af63494d0e6e3e42f64d6b165b9584.flv	(0, 3)(1, 4)(2, 5)(3, 6)(4, 7)(6, 8)(7, 10)(8, 11)(9, 13)(10, 14)
487be7c83186caba89dc3004a1bd24350e35a099.flv,707ffde910facfe859304ae491bc154ab33dd2de.flv	(0, 0)(1, 1)(2, 2)(3, 3)(4, 4)(7, 8)(8, 9)(9, 10)(10, 12)
487be7c83186caba89dc3004a1bd24350e35a099.flv,75ac32c788e5d5d2e058a24f6a2deffbab3288fc.flv	(1, 0)(2, 1)(9, 10)(10, 11)
487be7c83186caba89dc3004a1bd24350e35a099.flv,7b2158aad4ea2e6c8f149bb869801b96734c1b1c.flv	(0, 0)
487be7c83186caba89dc3004a1bd24350e35a099.flv,7b2158aad4ea2e6c8f149bb869801b96734c1b1c.flv	(2, 2)
487be7c83186caba89dc3004a1bd24350e35a099.flv,7b2158aad4ea2e6c8f149bb869801b96734c1b1c.flv	(3, 3)(8, 4)
487be7c83186caba89dc3004a1bd24350e35a099.flv,7c9d142bf1b1ede846c059117f422b1c8ea6bb9e.mp4	(0, 1)(1, 2)(2, 3)(3, 4)(4, 5)(7, 6)(8, 8)(9, 9)
487be7c83186caba89dc3004a1bd24350e35a099.flv,7dd1b7a83128fb78f018c557d918b0670989457e.mp4	(0, 0)
487be7c83186caba89dc3004a1bd24350e35a099.flv,7dd1b7a83128fb78f018c557d918b0670989457e.mp4	(2, 2)(3, 3)(4, 4)(6, 5)(7, 6)(8, 7)
487be7c83186caba89dc3004a1bd24350e35a099.flv,8870293c58fbed9cc03a738577e5802164199d8b.flv	(0, 0)(1, 1)(2, 2)(3, 3)(4, 4)(6, 5)(7, 7)(8, 8)(9, 11)(10, 12)
487be7c83186caba89dc3004a1bd24350e35a099.flv,8c207ab5a07d12d37dcb666ee8b69c3357bc07fb.flv	(0, 0)(1, 1)
487be7c83186caba89dc3004a1bd24350e35a099.flv,8c207ab5a07d12d37dcb666ee8b69c3357bc07fb.flv	(6, 25)(7, 26)
487be7c83186caba89dc3004a1bd24350e35a099.flv,8c207ab5a07d12d37dcb666ee8b69c3357bc07fb.flv	(8, 30)
487be7c83186caba89dc3004a1bd24350e35a099.flv,8c207ab5a07d12d37dcb666ee8b69c3357bc07fb.flv	(8, 32)
487be7c83186caba89dc3004a1bd24350e35a099.flv,8c207ab5a07d12d37dcb666ee8b69c3357bc07fb.flv	(8, 46)
487be7c83186caba89dc3004a1bd24350e35a099.flv,8fb97b98e2f27c9f162d6c1d6c27806c84af8e8d.flv	(0, 3)(1, 4)(2, 5)(3, 6)(4, 7)(6, 8)(7, 10)(8, 11)(9, 13)(10, 14)
487be7c83186caba89dc3004a1bd24350e35a099.flv,97429f47c45ec4da9849b7f4df36e22939649158.mp4	(0, 1)(1, 2)(2, 3)(3, 5)(4, 6)(8, 9)(9, 12)
487be7c83186caba89dc3004a1bd24350e35a099.flv,9c1d7e91288e07083e4456f8fe6b771aba039ed1.flv	(0, 0)(1, 1)(2, 2)(3, 3)(4, 4)(6, 6)(7, 7)(8, 8)(9, 10)(10, 11)
487be7c83186caba89dc3004a1bd24350e35a099.flv,b3205b97de392174f3905831fc0dba5724fdabf1.flv	(1, 0)(2, 1)(3, 2)(8, 6)(9, 7)
487be7c83186caba89dc3004a1bd24350e35a099.flv,b581ea1130d0c4c9af02e98dcb887cb8d58350e8.flv	(0, 0)(1, 1)(2, 2)(3, 3)(4, 4)(6, 5)(7, 6)(8, 7)(9, 8)
487be7c83186caba89dc3004a1bd24350e35a099.flv,bbdbe357f408fb84d5f57c1522a90504f3162d6f.flv	(2, 2)
487be7c83186caba89dc3004a1bd24350e35a099.flv,bbdbe357f408fb84d5f57c1522a90504f3162d6f.flv	(7, 6)(8, 7)
487be7c83186caba89dc3004a1bd24350e35a099.flv,bbdbe357f408fb84d5f57c1522a90504f3162d6f.flv	(8, 9)
487be7c83186caba89dc3004a1bd24350e35a099.flv,bbdbe357f408fb84d5f57c1522a90504f3162d6f.flv	(8, 11)
487be7c83186caba89dc3004a1bd24350e35a099.flv,be51dbc2d72ae574934de1b972b18037dba73b8e.flv	(0, 0)(1, 1)(2, 2)(3, 3)(8, 6)(9, 7)
487be7c83186caba89dc3004a1bd24350e35a099.flv,bf9df08bb9164d1b971557a9b9f6140096c92b0c.mp4	(7, 55)(8, 56)
487be7c83186caba89dc3004a1bd24350e35a099.flv,cac9dff859597360de5a5f011139c845c0d08e6c.flv	(0, 0)(1, 1)(2, 2)(3, 3)(4, 4)(5, 5)(6, 6)(7, 7)(8, 8)(9, 9)(10, 10)
487be7c83186caba89dc3004a1bd24350e35a099.flv,caec7bae88f5b5d60a08487e9d9a8cd27251c64e.flv	(0, 1)(1, 2)(2, 3)(3, 4)(4, 5)(7, 9)(8, 10)(9, 11)
487be7c83186caba89dc3004a1bd24350e35a099.flv,f7ba4ea780e11256ed5439e33d169eb242a8a18f.flv	(8, 7)
4cfa923904010814758c07c039b0388ed0be08ec.flv,4cfa923904010814758c07c039b0388ed0be08ec.flv	(0, 0)(1, 1)(2, 2)(3, 3)(4, 4)(5, 5)(6, 6)(7, 7)(8, 8)
4cfa923904010814758c07c039b0388ed0be08ec.flv,4ebe32fc10f0594a6d6a54df8617d38c2806ec9e.flv	(1, 0)(2, 1)(4, 2)(8, 10)
4cfa923904010814758c07c039b0388ed0be08ec.flv,4fed5faaf981b1082089916f2ff52c844b260efa.mp4	(2, 0)(3, 1)(4, 3)(7, 4)(8, 5)
4cfa923904010814758c07c039b0388ed0be08ec.flv,705d504994af63494d0e6e3e42f64d6b165b9584.flv	(0, 3)(1, 4)(2, 5)(3, 6)(4, 10)(7, 11)
4cfa923904010814758c07c039b0388ed0be08ec.flv,707ffde910facfe859304ae491bc154ab33dd2de.flv	(0, 0)(1, 1)(2, 2)(3, 3)(4, 8)(7, 9)
4cfa923904010814758c07c039b0388ed0be08ec.flv,75ac32c788e5d5d2e058a24f6a2deffbab3288fc.flv	(1, 0)(2, 1)(4, 2)(8, 10)
4cfa923904010814758c07c039b0388ed0be08ec.flv,7b2158aad4ea2e6c8f149bb869801b96734c1b1c.flv	(0, 0)
4cfa923904010814758c07c039b0388ed0be08ec.flv,7b2158aad4ea2e6c8f149bb869801b96734c1b1c.flv	(2, 2)
4cfa923904010814758c07c039b0388ed0be08ec.flv,7b2158aad4ea2e6c8f149bb869801b96734c1b1c.flv	(3, 3)(7, 4)
4cfa923904010814758c07c039b0388ed0be08ec.flv,7c9d142bf1b1ede846c059117f422b1c8ea6bb9e.mp4	(0, 1)(1, 2)(2, 3)(3, 4)(4, 6)(6, 7)(7, 8)(8, 9)
4cfa923904010814758c07c039b0388ed0be08ec.flv,7dd1b7a83128fb78f018c557d918b0670989457e.mp4	(0, 0)
4cfa923904010814758c07c039b0388ed0be08ec.flv,7dd1b7a83128fb78f018c557d918b0670989457e.mp4	(1, 1)(2, 2)(3, 3)(4, 6)(7, 7)
4cfa923904010814758c07c039b0388ed0be08ec.flv,8870293c58fbed9cc03a738577e5802164199d8b.flv	(0, 0)(1, 1)(2, 2)(3, 3)(7, 8)
4cfa923904010814758c07c039b0388ed0be08ec.flv,8c207ab5a07d12d37dcb666ee8b69c3357bc07fb.flv	(0, 0)(1, 1)
4cfa923904010814758c07c039b0388ed0be08ec.flv,8c207ab5a07d12d37dcb666ee8b69c3357bc07fb.flv	(4, 25)
4cfa923904010814758c07c039b0388ed0be08ec.flv,8c207ab5a07d12d37dcb666ee8b69c3357bc07fb.flv	(7, 32)
4cfa923904010814758c07c039b0388ed0be08ec.flv,8c207ab5a07d12d37dcb666ee8b69c3357bc07fb.flv	(7, 46)
4cfa923904010814758c07c039b0388ed0be08ec.flv,8fb97b98e2f27c9f162d6c1d6c27806c84af8e8d.flv	(0, 3)(1, 4)(2, 5)(3, 6)(4, 10)(7, 11)
4cfa923904010814758c07c039b0388ed0be08ec.flv,97429f47c45ec4da9849b7f4df36e22939649158.mp4	(0, 1)(1, 2)(2, 3)(3, 5)(4, 7)(7, 9)(8, 12)
4cfa923904010814758c07c039b0388ed0be08ec.flv,9c1d7e91288e07083e4456f8fe6b771aba039ed1.flv	(0, 0)(1, 1)(2, 2)(3, 3)(4, 7)(7, 8)(8, 10)
4cfa923904010814758c07c039b0388ed0be08ec.flv,b3205b97de392174f3905831fc0dba5724fdabf1.flv	(1, 0)(2, 1)(3, 2)(4, 3)(6, 4)(7, 6)(8, 7)
4cfa923904010814758c07c039b0388ed0be08ec.flv,b581ea1130d0c4c9af02e98dcb887cb8d58350e8.flv	(0, 0)(1, 1)(2, 2)(3, 3)(4, 6)(7, 7)(8, 8)
4cfa923904010814758c07c039b0388ed0be08ec.flv,bbdbe357f408fb84d5f57c1522a90504f3162d6f.flv	(2, 2)
4cfa923904010814758c07c039b0388ed0be08ec.flv,bbdbe357f408fb84d5f57c1522a90504f3162d6f.flv	(4, 6)(5, 7)
4cfa923904010814758c07c039b0388ed0be08ec.flv,bbdbe357f408fb84d5f57c1522a90504f3162d6f.flv	(7, 9)
4cfa923904010814758c07c039b0388ed0be08ec.flv,bbdbe357f408fb84d5f57c1522a90504f3162d6f.flv	(7, 11)
4cfa923904010814758c07c039b0388ed0be08ec.flv,be51dbc2d72ae574934de1b972b18037dba73b8e.flv	(0, 0)(1, 1)(2, 2)(3, 3)(4, 4)(6, 5)(7, 6)(8, 7)
4cfa923904010814758c07c039b0388ed0be08ec.flv,bf9df08bb9164d1b971557a9b9f6140096c92b0c.mp4	(4, 55)(7, 56)
4cfa923904010814758c07c039b0388ed0be08ec.flv,cac9dff859597360de5a5f011139c845c0d08e6c.flv	(0, 0)(1, 1)(2, 2)(3, 3)(4, 7)(7, 8)(8, 9)
4cfa923904010814758c07c039b0388ed0be08ec.flv,caec7bae88f5b5d60a08487e9d9a8cd27251c64e.flv	(0, 1)(1, 2)(2, 3)(3, 4)(7, 10)(8, 11)
4cfa923904010814758c07c039b0388ed0be08ec.flv,f7ba4ea780e11256ed5439e33d169eb242a8a18f.flv	
4ebe32fc10f0594a6d6a54df8617d38c2806ec9e.flv,4ebe32fc10f0594a6d6a54df8617d38c2806ec9e.flv	(0, 0)(1, 1)(2, 2)(3, 3)(4, 4)(5, 5)(6, 6)(7, 7)(8, 8)(9, 9)(10, 10)(11, 11)
4ebe32fc10f0594a6d6a54df8617d38c2806ec9e.flv,4fed5faaf981b1082089916f2ff52c844b260efa.mp4	(10, 5)(11, 6)
4ebe32fc10f0594a6d6a54df8617d38c2806ec9e.flv,705d504994af63494d0e6e3e42f64d6b165b9584.flv	(0, 4)(1, 5)(9, 12)(10, 13)(11, 14)
4ebe32fc10f0594a6d6a54df8617d38c2806ec9e.flv,707ffde910facfe859304ae491bc154ab33dd2de.flv	(0, 1)(1, 2)(9, 10)(10, 11)(11, 12)
4ebe32fc10f0594a6d6a54df8617d38c2806ec9e.flv,75ac32c788e5d5d2e058a24f6a2deffbab3288fc.flv	(0, 0)(1, 1)(2, 2)(3, 3)(4, 4)(5, 5)(6, 6)(7, 7)(8, 8)(9, 9)(10, 10)(11, 11)
4ebe32fc10f0594a6d6a54df8617d38c2806ec9e.flv,7b2158aad4ea2e6c8f149bb869801b96734c1b1c.flv	
4ebe32fc10f0594a6d6a54df8617d38c2806ec9e.flv,7c9d142bf1b1ede846c059117f422b1c8ea6bb9e.mp4	(1, 2)(11, 9)
4ebe32fc10f0594a6d6a54df8617d38c2806ec9e.flv,7dd1b7a83128fb78f018c557d918b0670989457e.mp4	
4ebe32fc10f0594a6d6a54df8617d38c2806ec9e.flv,8870293c58fbed9cc03a738577e5802164199d8b.flv	(0, 1)(1, 2)(10, 11)(11, 12)
4ebe32fc10f0594a6d6a54df8617d38c2806ec9e.flv,8c207ab5a07d12d37dcb666ee8b69c3357bc07fb.flv	(2, 32)
4ebe32fc10f0594a6d6a54df8617d38c2806ec9e.flv,8fb97b98e2f27c9f162d6c1d6c27806c84af8e8d.flv	(0, 4)(1, 5)(9, 12)(10, 13)(11, 14)
4ebe32fc10f0594a6d6a54df8617d38c2806ec9e.flv,97429f47c45ec4da9849b7f4df36e22939649158.mp4	(0, 2)(1, 3)(10, 11)(11, 13)
4ebe32fc10f0594a6d6a54df8617d38c2806ec9e.flv,9c1d7e91288e07083e4456f8fe6b771aba039ed1.flv	(0, 1)(1, 2)(10, 10)(11, 11)
4ebe32fc10f0594a6d6a54df8617d38c2806ec9e.flv,b3205b97de392174f3905831fc0dba5724fdabf1.flv	(0, 0)(1, 1)(2, 3)(10, 7)
4ebe32fc10f0594a6d6a54df8617d38c2806ec9e.flv,b581ea1130d0c4c9af02e98dcb887cb8d58350e8.flv	(0, 1)(1, 2)
4ebe32fc10f0594a6d6a54df8617d38c2806ec9e.flv,bbdbe357f408fb84d5f57c1522a90504f3162d6f.flv	(10, 0)
4ebe32fc10f0594a6d6a54df8617d38c2806ec9e.flv,be51dbc2d72ae574934de1b972b18037dba73b8e.flv	(0, 1)(1, 2)(2, 4)(10, 7)
4ebe32fc10f0594a6d6a54df8617d38c2806ec9e.flv,bf9df08bb9164d1b971557a9b9f6140096c92b0c.mp4	
4ebe32fc10f0594a6d6a54df8617d38c2806ec9e.flv,cac9dff859597360de5a5f011139c845c0d08e6c.flv	(0, 1)(1, 2)(10, 9)(11, 10)
4ebe32fc10f0594a6d6a54df8617d38c2806ec9e.flv,caec7bae88f5b5d60a08487e9d9a8cd27251c64e.flv	(0, 2)(1, 3)
4ebe32fc10f0594a6d6a54df8617d38c2806ec9e.flv,f7ba4ea780e11256ed5439e33d169eb242a8a18f.flv	(2, 7)
4fed5faaf981b1082089916f2ff52c844b260efa.mp4,4fed5faaf981b1082089916f2ff52c844b260efa.mp4	(0, 0)(1, 1)(2, 2)(3, 3)(4, 4)(5, 5)
4fed5faaf981b1082089916f2ff52c844b260efa.mp4,705d504994af63494d0e6e3e42f64d6b165b9584.flv	(0, 5)(1, 6)(2, 7)(3, 10)(4, 11)(5, 12)
4fed5faaf981b1082089916f2ff52c844b260efa.mp4,707ffde910facfe859304ae491bc154ab33dd2de.flv	(0, 2)(1, 3)(2, 4)(3, 8)(4, 9)(5, 10)
4fed5faaf981b1082089916f2ff52c844b260efa.mp4,75ac32c788e5d5d2e058a24f6a2deffbab3288fc.flv	(5, 10)(6, 11)
4fed5faaf981b1082089916f2ff52c844b260efa.mp4,7b2158aad4ea2e6c8f149bb869801b96734c1b1c.flv	(0, 2)
4fed5faaf981b1082089916f2ff52c844b260efa.mp4,7b2158aad4ea2e6c8f149bb869801b96734c1b1c.flv	(1, 3)(4, 4)
4fed5faaf981b1082089916f2ff52c844b260efa.mp4,7c9d142bf1b1ede846c059117f422b1c8ea6bb9e.mp4	(0, 3)(1, 4)(2, 5)(3, 6)(4, 8)(5, 9)
4fed5faaf981b1082089916f2ff52c844b260efa.mp4,7dd1b7a83128fb78f018c557d918b0670989457e.mp4	(0, 2)(1, 3)(2, 4)(3, 6)(4, 7)
4fed5faaf981b1082089916f2ff52c844b260efa.mp4,8870293c58fbed9cc03a738577e5802164199d8b.flv	(0, 2)(1, 3)(2, 4)(4, 8)
4fed5faaf981b1082089916f2ff52c844b260efa.mp4,8c207ab5a07d12d37dcb666ee8b69c3357bc07fb.flv	(3, 25)
4fed5faaf981b1082089916f2ff52c844b260efa.mp4,8c207ab5a07d12d37dcb666ee8b69c3357bc07fb.flv	(3, 34)
4fed5faaf981b1082089916f2ff52c844b260efa.mp4,8c207ab5a07d12d37dcb666ee8b69c3357bc07fb.flv	(4, 32)
4fed5faaf981b1082089916f2ff52c844b260efa.mp4,8c207ab5a07d12d37dcb666ee8b69c3357bc07fb.flv	(4, 46)(5, 47)
4fed5faaf981b1082089916f2ff52c844b260efa.mp4,8fb97b98e2f27c9f162d6c1d6c27806c84af8e8d.flv	(0, 5)(1, 6)(2, 7)(3, 10)(4, 11)(5, 12)
4fed5faaf981b1082089916f2ff52c844b260efa.mp4,97429f47c45ec4da9849b7f4df36e22939649158.mp4	(0, 3)(1, 5)(2, 6)(3, 7)(4, 9)(5, 12)
4fed5faaf981b1082089916f2ff52c844b260efa.mp4,9c1d7e91288e07083e4456f8fe6b771aba039ed1.flv	(0, 2)(1, 3)(2, 4)(3, 7)(4, 8)
4fed5faaf981b1082089916f2ff52c844b260efa.mp4,b3205b97de392174f3905831fc0dba5724fdabf1.flv	(0, 1)(1, 2)(3, 3)(4, 6)
4fed5faaf981b1082089916f2ff52c844b260efa.mp4,b581ea1130d0c4c9af02e98dcb887cb8d58350e8.flv	(0, 2)(1, 3)(2, 4)(3, 6)(4, 7)(5, 8)
4fed5faaf981b1082089916f2ff52c844b260efa.mp4,bbdbe357f408fb84d5f57c1522a90504f3162d6f.flv	(0, 2)
4fed5faaf981b1082089916f2ff52c844b260efa.mp4,bbdbe357f408fb84d5f57c1522a90504f3162d6f.flv	(4, 6)(4, 7)
4fed5faaf981b1082089916f2ff52c844b260efa.mp4,bbdbe357f408fb84d5f57c1522a90504f3162d6f.flv	(4, 11)
4fed5faaf981b1082089916f2ff52c844b260efa.mp4,be51dbc2d72ae574934de1b972b18037dba73b8e.flv	(0, 2)(1, 3)(3, 4)(4, 6)
4fed5faaf981b1082089916f2ff52c844b260efa.mp4,bf9df08bb9164d1b971557a9b9f6140096c92b0c.mp4	(3, 55)(4, 56)
4fed5faaf981b1082089916f2ff52c844b260efa.mp4,cac9dff859597360de5a5f011139c845c0d08e6c.flv	(0, 2)(1, 3)(2, 4)(3, 7)(4, 8)(5, 9)
4fed5faaf981b1082089916f2ff52c844b260efa.mp4,caec7bae88f5b5d60a08487e9d9a8cd27251c64e.flv	(0, 3)(2, 5)(4, 10)(5, 11)
4fed5faaf981b1082089916f2ff52c844b260efa.mp4,f7ba4ea780e11256ed5439e33d169eb242a8a18f.flv	(4, 7)
705d504994af63494d0e6e3e42f64d6b165b9584.flv,705d504994af63494d0e6e3e42f64d6b165b9584.flv	(0, 0)(1, 1)(2, 2)(3, 3)(4, 4)(5, 5)(6, 6)(7, 7)(8, 8)(9, 9)(10, 10)(11, 11)(12, 12)(13, 13)(14, 14)(15, 15)
705d504994af63494d0e6e3e42f64d6b165b9584.flv,707ffde910facfe859304ae491bc154ab33dd2de.flv	(3, 0)(4, 1)(5, 2)(6, 3)(7, 4)(8, 5)(10, 8)(11, 9)(12, 10)(13, 11)(14, 12)
705d504994af63494d0e6e3e42f64d6b165b9584.flv,75ac32c788e5d5d2e058a24f6a2deffbab3288fc.flv	(4, 0)(5, 1)(12, 9)(13, 10)(14, 11)
705d504994af63494d0e6e3e42f64d6b165b9584.flv,7b2158aad4ea2e6c8f149bb869801b96734c1b1c.flv	(3, 0)
705d504994af63494d0e6e3e42f64d6b165b9584.flv,7b2158aad4ea2e6c8f149bb869801b96734c1b1c.flv	(5, 2)
705d504994af63494d0e6e3e42f64d6b165b9584.flv,7b2158aad4ea2e6c8f149bb869801b96734c1b1c.flv	(6, 3)(11, 4)
705d504994af63494d0e6e3e42f64d6b165b9584.flv,7c9d142bf1b1ede846c059117f422b1c8ea6bb9e.mp4	(3, 1)(4, 2)(5, 3)(6, 4)(7, 5)(10, 6)(11, 8)(12, 9)
705d504994af63494d0e6e3e42f64d6b165b9584.flv,7dd1b7a83128fb78f018c557d918b0670989457e.mp4	(3, 0)
705d504994af63494d0e6e3e42f64d6b165b9584.flv,7dd1b7a83128fb78f018c557d918b0670989457e.mp4	(4, 1)(5, 2)(6, 3)(7, 4)(8, 5)(10, 6)(11, 7)
705d504994af63494d0e6e3e42f64d6b165b9584.flv,8870293c58fbed9cc03a738577e5802164199d8b.flv	(3, 0)(4, 1)(5, 2)(6, 3)(7, 4)(8, 5)(10, 7)(11, 8)(12, 10)(13, 11)(14, 12)
705d504994af63494d0e6e3e42f64d6b165b9584.flv,8c207ab5a07d12d37dcb666ee8b69c3357bc07fb.flv	(3, 0)(4, 1)
705d504994af63494d0e6e3e42f64d6b165b9584.flv,8c207ab5a07d12d37dcb666ee8b69c3357bc07fb.flv	(10, 26)
705d504994af63494d0e6e3e42f64d6b165b9584.flv,8c207ab5a07d12d37dcb666ee8b69c3357bc07fb.flv	(9, 34)
705d504994af63494d0e6e3e42f64d6b165b9584.flv,8c207ab5a07d12d37dcb666ee8b69c3357bc07fb.flv	(11, 30)
705d504994af63494d0e6e3e42f64d6b165b9584.flv,8c207ab5a07d12d37dcb666ee8b69c3357bc07fb.flv	(11, 32)
705d504994af63494d0e6e3e42f64d6b165b9584.flv,8c207ab5a07d12d37dcb666ee8b69c3357bc07fb.flv	(11, 46)
705d504994af63494d0e6e3e42f64d6b165b9584.flv,8fb97b98e2f27c9f162d6c1d6c27806c84af8e8d.flv	(0, 0)(1, 1)(2, 2)(3, 3)(4, 4)(5, 5)(6, 6)(7, 7)(8, 8)(9, 9)(10, 10)(11, 11)(12, 12)(13, 13)(14, 14)(15, 15)
705d504994af63494d0e6e3e42f64d6b165b9584.flv,97429f47c45ec4da9849b7f4df36e22939649158.mp4	(3, 1)(4, 2)(5, 3)(6, 5)(7, 6)(11, 9)(12, 12)
705d504994af63494d0e6e3e42f64d6b165b9584.flv,9c1d7e91288e07083e4456f8fe6b771aba039ed1.flv	(3, 0)(4, 1)(5, 2)(6, 3)(7, 4)(8, 5)(9, 6)(10, 7)(11, 8)(13, 10)(14, 11)
705d504994af63494d0e6e3e42f64d6b165b9584.flv,b3205b97de392174f3905831fc0dba5724fdabf1.flv	(4, 0)(5, 1)(6, 2)(11, 6)
705d504994af63494d0e6e3e42f64d6b165b9584.flv,b581ea1130d0c4c9af02e98dcb887cb8d58350e8.flv	(3, 0)(4, 1)(5, 2)(6, 3)(7, 4)(8, 5)(10, 6)(11, 7)(12, 8)
705d504994af63494d0e6e3e42f64d6b165b9584.flv,bbdbe357f408fb84d5f57c1522a90504f3162d6f.flv	(5, 2)
705d504994af63494d0e6e3e42f64d6b165b9584.flv,bbdbe357f408fb84d5f57c1522a90504f3162d6f.flv	(10, 6)(11, 7)
705d504994af63494d0e6e3e42f64d6b165b9584.flv,bbdbe357f408fb84d5f57c1522a90504f3162d6f.flv	(11, 9)
705d504994af63494d0e6e3e42f64d6b165b9584.flv,bbdbe357f408fb84d5f57c1522a90504f3162d6f.flv	(11, 11)
705d504994af63494d0e6e3e42f64d6b165b9584.flv,be51dbc2d72ae574934de1b972b18037dba73b8e.flv	(3, 0)(4, 1)(5, 2)(6, 3)(11, 6)
705d504994af63494d0e6e3e42f64d6b165b9584.flv,bf9df08bb9164d1b971557a9b9f6140096c92b0c.mp4	(10, 55)(11, 56)
705d504994af63494d0e6e3e42f64d6b165b9584.flv,cac9dff859597360de5a5f011139c845c0d08e6c.flv	(3, 0)(4, 1)(5, 2)(6, 3)(7, 4)(8, 6)(10, 7)(11, 8)(13, 9)(14, 10)
705d504994af63494d0e6e3e42f64d6b165b9584.flv,caec7bae88f5b5d60a08487e9d9a8cd27251c64e.flv	(3, 1)(4, 2)(5, 3)(6, 4)(7, 5)(8, 6)(10, 9)(11, 10)
705d504994af63494d0e6e3e42f64d6b165b9584.flv,f7ba4ea780e11256ed5439e33d169eb242a8a18f.flv	(11, 7)
707ffde910facfe859304ae491bc154ab33dd2de.flv,707ffde910facfe859304ae491bc154ab33dd2de.flv	(0, 0)(1, 1)(2, 2)(3, 3)(4, 4)(5, 5)(6, 6)(7, 7)(8, 8)(9, 9)(10, 10)(11, 11)(12, 12)
707ffde910facfe859304ae491bc154ab33dd2de.flv,75ac32c788e5d5d2e058a24f6a2deffbab3288fc.flv	(1, 0)(2, 1)(10, 9)(11, 10)(12, 11)
707ffde910facfe859304ae491bc154ab33dd2de.flv,7b2158aad4ea2e6c8f149bb869801b96734c1b1c.flv	(0, 0)
707ffde910facfe859304ae491bc154ab33dd2de.flv,7b2158aad4ea2e6c8f149bb869801b96734c1b1c.flv	(2, 2)
707ffde910facfe859304ae491bc154ab33dd2de.flv,7b2158aad4ea2e6c8f149bb869801b96734c1b1c.flv	(3, 3)(9, 4)
707ffde910facfe859304ae491bc154ab33dd2de.flv,7c9d142bf1b1ede846c059117f422b1c8ea6bb9e.mp4	(0, 1)(1, 2)(2, 3)(3, 4)(4, 5)(8, 6)(9, 8)(10, 9)
707ffde910facfe859304ae491bc154ab33dd2de.flv,7dd1b7a83128fb78f018c557d918b0670989457e.mp4	(0, 0)
707ffde910facfe859304ae491bc154ab33dd2de.flv,7dd1b7a83128fb78f018c557d918b0670989457e.mp4	(2, 2)(3, 3)(4, 4)(8, 6)(9, 7)
707ffde910facfe859304ae491bc154ab33dd2de.flv,8870293c58fbed9cc03a738577e5802164199d8b.flv	(0, 0)(1, 1)(2, 2)(3, 3)(4, 4)(5, 5)(8, 7)(9, 8)(10, 10)(11, 11)(12, 12)
707ffde910facfe859304ae491bc154ab33dd2de.flv,8c207ab5a07d12d37dcb666ee8b69c3357bc07fb.flv	(0, 0)(1, 1)
707ffde910facfe859304ae491bc154ab33dd2de.flv,8c207ab5a07d12d37dcb666ee8b69c3357bc07fb.flv	
707ffde910facfe859304ae491bc154ab33dd2de.flv,8c207ab5a07d12d37dcb666ee8b69c3357bc07fb.flv	(8, 34)
707ffde910facfe859304ae491bc154ab33dd2de.flv,8c207ab5a07d12d37dcb666ee8b69c3357bc07fb.flv	(9, 30)
707ffde910facfe859304ae491bc154ab33dd2de.flv,8c207ab5a07d12d37dcb666ee8b69c3357bc07fb.flv	(9, 32)
707ffde910facfe859304ae491bc154ab33dd2de.flv,8c207ab5a07d12d37dcb666ee8b69c3357bc07fb.flv	(9, 46)
707ffde910facfe859304ae491bc154ab33dd2de.flv,8fb97b98e2f27c9f162d6c1d6c27806c84af8e8d.flv	(0, 3)(1, 4)(2, 5)(3, 6)(4, 7)(5, 8)(8, 10)(9, 11)(10, 12)(11, 13)(12, 14)
707ffde910facfe859304ae491bc154ab33dd2de.flv,97429f47c45ec4da9849b7f4df36e22939649158.mp4	(0, 1)(1, 2)(2, 3)(3, 5)(4, 6)(9, 9)(10, 12)
707ffde910facfe859304ae491bc154ab33dd2de.flv,9c1d7e91288e07083e4456f8fe6b771aba039ed1.flv	(0, 0)(1, 1)(2, 2)(3, 3)(4, 4)(5, 5)(8, 7)(9, 8)(12, 11)
707ffde910facfe859304ae491bc154ab33dd2de.flv,b3205b97de392174f3905831fc0dba5724fdabf1.flv	(1, 0)(2, 1)(3, 2)(8, 3)(9, 6)
707ffde910facfe859304ae491bc154ab33dd2de.flv,b581ea1130d0c4c9af02e98dcb887cb8d58350e8.flv	(0, 0)(1, 1)(2, 2)(3, 3)(4, 4)(5, 5)(8, 6)(9, 7)(10, 8)
707ffde910facfe859304ae491bc154ab33dd2de.flv,bbdbe357f408fb84d5f57c1522a90504f3162d6f.flv	(2, 2)
707ffde910facfe859304ae491bc154ab33dd2de.flv,bbdbe357f408fb84d5f57c1522a90504f3162d6f.flv	(8, 6)(9, 7)
707ffde910facfe859304ae491bc154ab33dd2de.flv,bbdbe357f408fb84d5f57c1522a90504f3162d6f.flv	(9, 9)
707ffde910facfe859304ae491bc154ab33dd2de.flv,bbdbe357f408fb84d5f57c1522a90504f3162d6f.flv	(9, 11)
707ffde910facfe859304ae491bc154ab33dd2de.flv,be51dbc2d72ae574934de1b972b18037dba73b8e.flv	(0, 0)(1, 1)(2, 2)(3, 3)(8, 4)(9, 6)
707ffde910facfe859304ae491bc154ab33dd2de.flv,bf9df08bb9164d1b971557a9b9f6140096c92b0c.mp4	(8, 55)(9, 56)
707ffde910facfe859304ae491bc154ab33dd2de.flv,cac9dff859597360de5a5f011139c845c0d08e6c.flv	(0, 0)(1, 1)(2, 2)(3, 3)(4, 4)(8, 7)(9, 8)(10, 9)(12, 10)
707ffde910facfe859304ae491bc154ab33dd2de.flv,caec7bae88f5b5d60a08487e9d9a8cd27251c64e.flv	(0, 1)(1, 2)(2, 3)(3, 4)(4, 5)(5, 6)(7, 7)(8, 9)(9, 10)
707ffde910facfe859304ae491bc154ab33dd2de.flv,f7ba4ea780e11256ed5439e33d169eb242a8a18f.flv	(9, 7)
75ac32c788e5d5d2e058a24f6a2deffbab3288fc.flv,75ac32c788e5d5d2e058a24f6a2deffbab3288fc.flv	(0, 0)(1, 1)(2, 2)(3, 3)(4, 4)(5, 5)(6, 6)(7, 7)(8, 8)(9, 9)(10, 10)(11, 11)
75ac32c788e5d5d2e058a24f6a2deffbab3288fc.flv,7b2158aad4ea2e6c8f149bb869801b96734c1b1c.flv	
75ac32c788e5d5d2e058a24f6a2deffbab3288fc.flv,7c9d142bf1b1ede846c059117f422b1c8ea6bb9e.mp4	(1, 2)(11, 9)
75ac32c788e5d5d2e058a24f6a2deffbab3288fc.flv,7dd1b7a83128fb78f018c557d918b0670989457e.mp4	
75ac32c788e5d5d2e058a24f6a2deffbab3288fc.flv,8870293c58fbed9cc03a738577e5802164199d8b.flv	(0, 1)(1, 2)(10, 11)(11, 12)
75ac32c788e5d5d2e058a24f6a2deffbab3288fc.flv,8c207ab5a07d12d37dcb666ee8b69c3357bc07fb.flv	(2, 32)
75ac32c788e5d5d2e058a24f6a2deffbab3288fc.flv,8fb97b98e2f27c9f162d6c1d6c27806c84af8e8d.flv	(0, 4)(1, 5)(9, 12)(10, 13)(11, 14)
75ac32c788e5d5d2e058a24f6a2deffbab3288fc.flv,97429f47c45ec4da9849b7f4df36e22939649158.mp4	(0, 2)(1, 3)(10, 11)(11, 13)
75ac32c788e5d5d2e058a24f6a2deffbab3288fc.flv,9c1d7e91288e07083e4456f8fe6b771aba039ed1.flv	(0, 1)(1, 2)(10, 10)(11, 11)
75ac32c788e5d5d2e058a24f6a2deffbab3288fc.flv,b3205b97de392174f3905831fc0dba5724fdabf1.flv	(0, 0)(1, 1)(2, 3)(10, 7)
75ac32c788e5d5d2e058a24f6a2deffbab3288fc.flv,b581ea1130d0c4c9af02e98dcb887cb8d58350e8.flv	(0, 1)(1, 2)
75ac32c788e5d5d2e058a24f6a2deffbab3288fc.flv,bbdbe357f408fb84d5f57c1522a90504f3162d6f.flv	(2, 11)
75ac32c788e5d5d2e058a24f6a2deffbab3288fc.flv,bbdbe357f408fb84d5f57c1522a90504f3162d6f.flv	(3, 8)
75ac32c788e5d5d2e058a24f6a2deffbab3288fc.flv,bbdbe357f408fb84d5f57c1522a90504f3162d6f.flv	(7, 4)
75ac32c788e5d5d2e058a24f6a2deffbab3288fc.flv,bbdbe357f408fb84d5f57c1522a90504f3162d6f.flv	(10, 2)
75ac32c788e5d5d2e058a24f6a2deffbab3288fc.flv,bbdbe357f408fb84d5f57c1522a90504f3162d6f.flv	(10, 0)
75ac32c788e5d5d2e058a24f6a2deffbab3288fc.flv,be51dbc2d72ae574934de1b972b18037dba73b8e.flv	(0, 1)(1, 2)(2, 4)(10, 7)
75ac32c788e5d5d2e058a24f6a2deffbab3288fc.flv,bf9df08bb9164d1b971557a9b9f6140096c92b0c.mp4	(2, 55)
75ac32c788e5d5d2e058a24f6a2deffbab3288fc.flv,cac9dff859597360de5a5f011139c845c0d08e6c.flv	(0, 1)(1, 2)(10, 9)(11, 10)
75ac32c788e5d5d2e058a24f6a2deffbab3288fc.flv,caec7bae88f5b5d60a08487e9d9a8cd27251c64e.flv	(0, 2)(1, 3)
75ac32c788e5d5d2e058a24f6a2deffbab3288fc.flv,f7ba4ea780e11256ed5439e33d169eb242a8a18f.flv	
7b2158aad4ea2e6c8f149bb869801b96734c1b1c.flv,7b2158aad4ea2e6c8f149bb869801b96734c1b1c.flv	(0, 0)(1, 1)(2, 2)(3, 3)(4, 4)(5, 5)(6, 6)(7, 7)
7b2158aad4ea2e6c8f149bb869801b96734c1b1c.flv,7c9d142bf1b1ede846c059117f422b1c8ea6bb9e.mp4	(0, 1)
7b2158aad4ea2e6c8f149bb869801b96734c1b1c.flv,7c9d142bf1b1ede846c059117f422b1c8ea6bb9e.mp4	(2, 3)
7b2158aad4ea2e6c8f149bb869801b96734c1b1c.flv,7c9d142bf1b1ede846c059117f422b1c8ea6bb9e.mp4	(3, 4)(4, 8)
7b2158aad4ea2e6c8f149bb869801b96734c1b1c.flv,7dd1b7a83128fb78f018c557d918b0670989457e.mp4	(0, 0)
7b2158aad4ea2e6c8f149bb869801b96734c1b1c.flv,7dd1b7a83128fb78f018c557d918b0670989457e.mp4	(2, 2)
7b2158aad4ea2e6c8f149bb869801b96734c1b1c.flv,7dd1b7a83128fb78f018c557d918b0670989457e.mp4	(3, 3)(4, 7)
7b2158aad4ea2e6c8f149bb869801b96734c1b1c.flv,8870293c58fbed9cc03a738577e5802164199d8b.flv	(0, 0)
7b2158aad4ea2e6c8f149bb869801b96734c1b1c.flv,8870293c58fbed9cc03a738577e5802164199d8b.flv	(2, 2)
7b2158aad4ea2e6c8f149bb869801b96734c1b1c.flv,8870293c58fbed9cc03a738577e5802164199d8b.flv	(3, 3)(4, 8)
7b2158aad4ea2e6c8f149bb869801b96734c1b1c.flv,8c207ab5a07d12d37dcb666ee8b69c3357bc07fb.flv	(0, 0)
7b2158aad4ea2e6c8f149bb869801b96734c1b1c.flv,8c207ab5a07d12d37dcb666ee8b69c3357bc07fb.flv	(4, 25)
7b2158aad4ea2e6c8f149bb869801b96734c1b1c.flv,8c207ab5a07d12d37dcb666ee8b69c3357bc07fb.flv	(4, 34)
7b2158aad4ea2e6c8f149bb869801b96734c1b1c.flv,8c207ab5a07d12d37dcb666ee8b69c3357bc07fb.flv	(4, 30)
7b2158aad4ea2e6c8f149bb869801b96734c1b1c.flv,8c207ab5a07d12d37dcb666ee8b69c3357bc07fb.flv	(4, 32)
7b2158aad4ea2e6c8f149bb869801b96734c1b1c.flv,8c207ab5a07d12d37dcb666ee8b69c3357bc07fb.flv	(4, 46)
7b2158aad4ea2e6c8f149bb869801b96734c1b1c.flv,8fb97b98e2f27c9f162d6c1d6c27806c84af8e8d.flv	(0, 3)
7b2158aad4ea2e6c8f149bb869801b96734c1b1c.flv,8fb97b98e2f27c9f162d6c1d6c27806c84af8e8d.flv	(2, 5)
7b2158aad4ea2e6c8f149bb869801b96734c1b1c.flv,8fb97b98e2f27c9f162d6c1d6c27806c84af8e8d.flv	(3, 6)(4, 11)
7b2158aad4ea2e6c8f149bb869801b96734c1b1c.flv,97429f47c45ec4da9849b7f4df36e22939649158.mp4	(0, 1)
7b2158aad4ea2e6c8f149bb869801b96734c1b1c.flv,97429f47c45ec4da9849b7f4df36e22939649158.mp4	(2, 3)
7b2158aad4ea2e6c8f149bb869801b96734c1b1c.flv,97429f47c45ec4da9849b7f4df36e22939649158.mp4	(4, 9)
7b2158aad4ea2e6c8f149bb869801b96734c1b1c.flv,9c1d7e91288e07083e4456f8fe6b771aba039ed1.flv	(0, 0)
7b2158aad4ea2e6c8f149bb869801b96734c1b1c.flv,9c1d7e91288e07083e4456f8fe6b771aba039ed1.flv	(2, 2)
7b2158aad4ea2e6c8f149bb869801b96734c1b1c.flv,9c1d7e91288e07083e4456f8fe6b771aba039ed1.flv	(3, 3)(4, 8)
7b2158aad4ea2e6c8f149bb869801b96734c1b1c.flv,b3205b97de392174f3905831fc0dba5724fdabf1.flv	(2, 1)
7b2158aad4ea2e6c8f149bb869801b96734c1b1c.flv,b3205b97de392174f3905831fc0dba5724fdabf1.flv	(3, 2)
7b2158aad4ea2e6c8f149bb869801b96734c1b1c.flv,b581ea1130d0c4c9af02e98dcb887cb8d58350e8.flv	(0, 0)
7b2158aad4ea2e6c8f149bb869801b96734c1b1c.flv,b581ea1130d0c4c9af02e98dcb887cb8d58350e8.flv	(2, 2)
7b2158aad4ea2e6c8f149bb869801b96734c1b1c.flv,b581ea1130d0c4c9af02e98dcb887cb8d58350e8.flv	(3, 3)(4, 7)
7b2158aad4ea2e6c8f149bb869801b96734c1b1c.flv,bbdbe357f408fb84d5f57c1522a90504f3162d6f.flv	(2, 2)
7b2158aad4ea2e6c8f149bb869801b96734c1b1c.flv,bbdbe357f408fb84d5f57c1522a90504f3162d6f.flv	(4, 6)(4, 7)
7b2158aad4ea2e6c8f149bb869801b96734c1b1c.flv,bbdbe357f408fb84d5f57c1522a90504f3162d6f.flv	(4, 9)
7b2158aad4ea2e6c8f149bb869801b96734c1b1c.flv,bbdbe357f408fb84d5f57c1522a90504f3162d6f.flv	(4, 11)
7b2158aad4ea2e6c8f149bb869801b96734c1b1c.flv,be51dbc2d72ae574934de1b972b18037dba73b8e.flv	(2, 2)
7b2158aad4ea2e6c8f149bb869801b96734c1b1c.flv,bf9df08bb9164d1b971557a9b9f6140096c92b0c.mp4	(4, 56)
7b2158aad4ea2e6c8f149bb869801b96734c1b1c.flv,cac9dff859597360de5a5f011139c845c0d08e6c.flv	(0, 0)
7b2158aad4ea2e6c8f149bb869801b96734c1b1c.flv,cac9dff859597360de5a5f011139c845c0d08e6c.flv	(2, 2)
7b2158aad4ea2e6c8f149bb869801b96734c1b1c.flv,cac9dff859597360de5a5f011139c845c0d08e6c.flv	(3, 3)(4, 8)
7b2158aad4ea2e6c8f149bb869801b96734c1b1c.flv,caec7bae88f5b5d60a08487e9d9a8cd27251c64e.flv	(0, 1)
7b2158aad4ea2e6c8f149bb869801b96734c1b1c.flv,caec7bae88f5b5d60a08487e9d9a8cd27251c64e.flv	(2, 3)
7b2158aad4ea2e6c8f149bb869801b96734c1b1c.flv,caec7bae88f5b5d60a08487e9d9a8cd27251c64e.flv	(4, 10)
7b2158aad4ea2e6c8f149bb869801b96734c1b1c.flv,f7ba4ea780e11256ed5439e33d169eb242a8a18f.flv	(4, 7)
7c9d142bf1b1ede846c059117f422b1c8ea6bb9e.mp4,7c9d142bf1b1ede846c059117f422b1c8ea6bb9e.mp4	(0, 0)(1, 1)(2, 2)(3, 3)(4, 4)(5, 5)(6, 6)(7, 7)(8, 8)(9, 9)
7c9d142bf1b1ede846c059117f422b1c8ea6bb9e.mp4,7dd1b7a83128fb78f018c557d918b0670989457e.mp4	(1, 0)
7c9d142bf1b1ede846c059117f422b1c8ea6bb9e.mp4,7dd1b7a83128fb78f018c557d918b0670989457e.mp4	(2, 1)(3, 2)(4, 3)(5, 4)(6, 6)(8, 7)
7c9d142bf1b1ede846c059117f422b1c8ea6bb9e.mp4,8870293c58fbed9cc03a738577e5802164199d8b.flv	(1, 0)(2, 1)(3, 2)(4, 3)(5, 4)(8, 8)(9, 10)
7c9d142bf1b1ede846c059117f422b1c8ea6bb9e.mp4,8c207ab5a07d12d37dcb666ee8b69c3357bc07fb.flv	(1, 0)(2, 1)
7c9d142bf1b1ede846c059117f422b1c8ea6bb9e.mp4,8c207ab5a07d12d37dcb666ee8b69c3357bc07fb.flv	(6, 25)
7c9d142bf1b1ede846c059117f422b1c8ea6bb9e.mp4,8c207ab5a07d12d37dcb666ee8b69c3357bc07fb.flv	(6, 34)
7c9d142bf1b1ede846c059117f422b1c8ea6bb9e.mp4,8c207ab5a07d12d37dcb666ee8b69c3357bc07fb.flv	
7c9d142bf1b1ede846c059117f422b1c8ea6bb9e.mp4,8c207ab5a07d12d37dcb666ee8b69c3357bc07fb.flv	(8, 32)
7c9d142bf1b1ede846c059117f422b1c8ea6bb9e.mp4,8c207ab5a07d12d37dcb666ee8b69c3357bc07fb.flv	(8, 46)
7c9d142bf1b1ede846c059117f422b1c8ea6bb9e.mp4,8c207ab5a07d12d37dcb666ee8b69c3357bc07fb.flv	(8, 46)
7c9d142bf1b1ede846c059117f422b1c8ea6bb9e.mp4,8fb97b98e2f27c9f162d6c1d6c27806c84af8e8d.flv	(1, 3)(2, 4)(3, 5)(4, 6)(5, 7)(6, 10)(8, 11)(9, 12)
7c9d142bf1b1ede846c059117f422b1c8ea6bb9e.mp4,97429f47c45ec4da9849b7f4df36e22939649158.mp4	(0, 0)(1, 1)(2, 2)(3, 3)(4, 5)(5, 6)(6, 7)(8, 9)(9, 12)
7c9d142bf1b1ede846c059117f422b1c8ea6bb9e.mp4,9c1d7e91288e07083e4456f8fe6b771aba039ed1.flv	(1, 0)(2, 1)(3, 2)(4, 3)(5, 4)(6, 7)(8, 8)(9, 10)
7c9d142bf1b1ede846c059117f422b1c8ea6bb9e.mp4,b3205b97de392174f3905831fc0dba5724fdabf1.flv	(2, 0)(3, 1)(4, 2)(6, 3)(8, 6)(9, 7)
7c9d142bf1b1ede846c059117f422b1c8ea6bb9e.mp4,b581ea1130d0c4c9af02e98dcb887cb8d58350e8.flv	(1, 0)(2, 1)(3, 2)(4, 3)(5, 4)(6, 6)(8, 7)(9, 8)
7c9d142bf1b1ede846c059117f422b1c8ea6bb9e.mp4,bbdbe357f408fb84d5f57c1522a90504f3162d6f.flv	(3, 2)
7c9d142bf1b1ede846c059117f422b1c8ea6bb9e.mp4,bbdbe357f408fb84d5f57c1522a90504f3162d6f.flv	(6, 6)(6, 7)
7c9d142bf1b1ede846c059117f422b1c8ea6bb9e.mp4,bbdbe357f408fb84d5f57c1522a90504f3162d6f.flv	(8, 9)
7c9d142bf1b1ede846c059117f422b1c8ea6bb9e.mp4,bbdbe357f408fb84d5f57c1522a90504f3162d6f.flv	(8, 11)
7c9d142bf1b1ede846c059117f422b1c8ea6bb9e.mp4,bbdbe357f408fb84d5f57c1522a90504f3162d6f.flv	(8, 11)
7c9d142bf1b1ede846c059117f422b1c8ea6bb9e.mp4,be51dbc2d72ae574934de1b972b18037dba73b8e.flv	(1, 0)(2, 1)(3, 2)(4, 3)(6, 4)(8, 6)(9, 7)
7c9d142bf1b1ede846c059117f422b1c8ea6bb9e.mp4,bf9df08bb9164d1b971557a9b9f6140096c92b0c.mp4	(6, 55)(8, 56)
7c9d142bf1b1ede846c059117f422b1c8ea6bb9e.mp4,cac9dff859597360de5a5f011139c845c0d08e6c.flv	(1, 0)(2, 1)(3, 2)(4, 3)(5, 4)(6, 7)(8, 8)(9, 9)
7c9d142bf1b1ede846c059117f422b1c8ea6bb9e.mp4,caec7bae88f5b5d60a08487e9d9a8cd27251c64e.flv	(1, 1)(2, 2)(3, 3)(4, 4)(5, 5)(8, 10)(9, 11)
7c9d142bf1b1ede846c059117f422b1c8ea6bb9e.mp4,f7ba4ea780e11256ed5439e33d169eb242a8a18f.flv	(6, 7)
7dd1b7a83128fb78f018c557d918b0670989457e.mp4,7dd1b7a83128fb78f018c557d918b0670989457e.mp4	(0, 0)(1, 1)(2, 2)(3, 3)(4, 4)(5, 5)(6, 6)(7, 7)(8, 8)(9, 9)
7dd1b7a83128fb78f018c557d918b0670989457e.mp4,8870293c58fbed9cc03a738577e5802164199d8b.flv	(0, 0)
7dd1b7a83128fb78f018c557d918b0670989457e.mp4,8870293c58fbed9cc03a738577e5802164199d8b.flv	(1, 1)(2, 2)(3, 3)(4, 4)(5, 5)(6, 7)(7, 8)
7dd1b7a83128fb78f018c557d918b0670989457e.mp4,8c207ab5a07d12d37dcb666ee8b69c3357bc07fb.flv	(0, 0)
7dd1b7a83128fb78f018c557d918b0670989457e.mp4,8c207ab5a07d12d37dcb666ee8b69c3357bc07fb.flv	(5, 25)(6, 26)
7dd1b7a83128fb78f018c557d918b0670989457e.mp4,8c207ab5a07d12d37dcb666ee8b69c3357bc07fb.flv	(5, 34)
7dd1b7a83128fb78f018c557d918b0670989457e.mp4,8c207ab5a07d12d37dcb666ee8b69c3357bc07fb.flv	(7, 30)
7dd1b7a83128fb78f018c557d918b0670989457e.mp4,8c207ab5a07d12d37dcb666ee8b69c3357bc07fb.flv	(7, 32)
7dd1b7a83128fb78f018c557d918b0670989457e.mp4,8c207ab5a07d12d37dcb666ee8b69c3357bc07fb.flv	(7, 46)
7dd1b7a83128fb78f018c557d918b0670989457e.mp4,8fb97b98e2f27c9f162d6c1d6c27806c84af8e8d.flv	(0, 3)
7dd1b7a83128fb78f018c557d918b0670989457e.mp4,8fb97b98e2f27c9f162d6c1d6c27806c84af8e8d.flv	(1, 4)(2, 5)(3, 6)(4, 7)(5, 8)(6, 10)(7, 11)
7dd1b7a83128fb78f018c557d918b0670989457e.mp4,97429f47c45ec4da9849b7f4df36e22939649158.mp4	(0, 1)
7dd1b7a83128fb78f018c557d918b0670989457e.mp4,97429f47c45ec4da9849b7f4df36e22939649158.mp4	(2, 3)(3, 5)(7, 9)
7dd1b7a83128fb78f018c557d918b0670989457e.mp4,9c1d7e91288e07083e4456f8fe6b771aba039ed1.flv	(0, 0)
7dd1b7a83128fb78f018c557d918b0670989457e.mp4,9c1d7e91288e07083e4456f8fe6b771aba039ed1.flv	(2, 2)(3, 3)(4, 4)(5, 6)(6, 7)(7, 8)
7dd1b7a83128fb78f018c557d918b0670989457e.mp4,b3205b97de392174f3905831fc0dba5724fdabf1.flv	(1, 0)(2, 1)(3, 2)(7, 6)
7dd1b7a83128fb78f018c557d918b0670989457e.mp4,b581ea1130d0c4c9af02e98dcb887cb8d58350e8.flv	(0, 0)
7dd1b7a83128fb78f018c557d918b0670989457e.mp4,b581ea1130d0c4c9af02e98dcb887cb8d58350e8.flv	(2, 2)(3, 3)(4, 4)(5, 5)(6, 6)(7, 7)
7dd1b7a83128fb78f018c557d918b0670989457e.mp4,bbdbe357f408fb84d5f57c1522a90504f3162d6f.flv	(2, 2)
7dd1b7a83128fb78f018c557d918b0670989457e.mp4,bbdbe357f408fb84d5f57c1522a90504f3162d6f.flv	(6, 6)(7, 7)
7dd1b7a83128fb78f018c557d918b0670989457e.mp4,bbdbe357f408fb84d5f57c1522a90504f3162d6f.flv	(7, 9)
7dd1b7a83128fb78f018c557d918b0670989457e.mp4,bbdbe357f408fb84d5f57c1522a90504f3162d6f.flv	(7, 11)
7dd1b7a83128fb78f018c557d918b0670989457e.mp4,be51dbc2d72ae574934de1b972b18037dba73b8e.flv	(0, 0)
7dd1b7a83128fb78f018c557d918b0670989457e.mp4,be51dbc2d72ae574934de1b972b18037dba73b8e.flv	(2, 2)(3, 3)(7, 6)
7dd1b7a83128fb78f018c557d918b0670989457e.mp4,bf9df08bb9164d1b971557a9b9f6140096c92b0c.mp4	(6, 55)(7, 56)
7dd1b7a83128fb78f018c557d918b0670989457e.mp4,cac9dff859597360de5a5f011139c845c0d08e6c.flv	(0, 0)
7dd1b7a83128fb78f018c557d918b0670989457e.mp4,cac9dff859597360de5a5f011139c845c0d08e6c.flv	(2, 2)(3, 3)(4, 4)(5, 6)(6, 7)(7, 8)
7dd1b7a83128fb78f018c557d918b0670989457e.mp4,caec7bae88f5b5d60a08487e9d9a8cd27251c64e.flv	(0, 1)
7dd1b7a83128fb78f018c557d918b0670989457e.mp4,caec7bae88f5b5d60a08487e9d9a8cd27251c64e.flv	(2, 3)(4, 5)(5, 6)(6, 9)(7, 10)
7dd1b7a83128fb78f018c557d918b0670989457e.mp4,f7ba4ea780e11256ed5439e33d169eb242a8a18f.flv	(7, 7)
8870293c58fbed9cc03a738577e5802164199d8b.flv,8870293c58fbed9cc03a738577e5802164199d8b.flv	(0, 0)(1, 1)(2, 2)(3, 3)(4, 4)(5, 5)(6, 6)(7, 7)(8, 8)(9, 9)(10, 10)(11, 11)(12, 12)
8870293c58fbed9cc03a738577e5802164199d8b.flv,8c207ab5a07d12d37dcb666ee8b69c3357bc07fb.flv	(0, 0)(1, 1)
8870293c58fbed9cc03a738577e5802164199d8b.flv,8c207ab5a07d12d37dcb666ee8b69c3357bc07fb.flv	(5, 25)(7, 26)
8870293c58fbed9cc03a738577e5802164199d8b.flv,8c207ab5a07d12d37dcb666ee8b69c3357bc07fb.flv	(5, 34)(6, 34)
8870293c58fbed9cc03a738577e5802164199d8b.flv,8c207ab5a07d12d37dcb666ee8b69c3357bc07fb.flv	(8, 30)
8870293c58fbed9cc03a738577e5802164199d8b.flv,8c207ab5a07d12d37dcb666ee8b69c3357bc07fb.flv	(8, 32)
8870293c58fbed9cc03a738577e5802164199d8b.flv,8c207ab5a07d12d37dcb666ee8b69c3357bc07fb.flv	(8, 46)
8870293c58fbed9cc03a738577e5802164199d8b.flv,8fb97b98e2f27c9f162d6c1d6c27806c84af8e8d.flv	(0, 3)(1, 4)(2, 5)(3, 6)(4, 7)(5, 8)(7, 10)(8, 11)(10, 12)(11, 13)(12, 14)
8870293c58fbed9cc03a738577e5802164199d8b.flv,97429f47c45ec4da9849b7f4df36e22939649158.mp4	(0, 1)(1, 2)(2, 3)(3, 5)(4, 6)(8, 9)(10, 13)
8870293c58fbed9cc03a738577e5802164199d8b.flv,9c1d7e91288e07083e4456f8fe6b771aba039ed1.flv	(0, 0)(1, 1)(2, 2)(3, 3)(4, 4)(7, 7)(8, 8)(9, 9)(11, 10)(12, 11)
8870293c58fbed9cc03a738577e5802164199d8b.flv,b3205b97de392174f3905831fc0dba5724fdabf1.flv	(1, 0)(2, 1)(3, 2)(8, 6)
8870293c58fbed9cc03a738577e5802164199d8b.flv,b581ea1130d0c4c9af02e98dcb887cb8d58350e8.flv	(0, 0)(1, 1)(2, 2)(3, 3)(4, 4)(5, 5)(7, 6)(8, 7)(10, 8)
8870293c58fbed9cc03a738577e5802164199d8b.flv,bbdbe357f408fb84d5f57c1522a90504f3162d6f.flv	(2, 2)
8870293c58fbed9cc03a738577e5802164199d8b.flv,bbdbe357f408fb84d5f57c1522a90504f3162d6f.flv	(7, 6)(8, 7)
8870293c58fbed9cc03a738577e5802164199d8b.flv,bbdbe357f408fb84d5f57c1522a90504f3162d6f.flv	(8, 9)
8870293c58fbed9cc03a738577e5802164199d8b.flv,bbdbe357f408fb84d5f57c1522a90504f3162d6f.flv	(8, 11)
8870293c58fbed9cc03a738577e5802164199d8b.flv,be51dbc2d72ae574934de1b972b18037dba73b8e.flv	(0, 0)(1, 1)(2, 2)(3, 3)(8, 6)(10, 7)
8870293c58fbed9cc03a738577e5802164199d8b.flv,bf9df08bb9164d1b971557a9b9f6140096c92b0c.mp4	(7, 55)(8, 56)
8870293c58fbed9cc03a738577e5802164199d8b.flv,cac9dff859597360de5a5f011139c845c0d08e6c.flv	(0, 0)(1, 1)(2, 2)(3, 3)(4, 4)(5, 6)(7, 7)(8, 8)(11, 9)(12, 10)
8870293c58fbed9cc03a738577e5802164199d8b.flv,caec7bae88f5b5d60a08487e9d9a8cd27251c64e.flv	(0, 1)(1, 2)(2, 3)(3, 4)(4, 5)(5, 6)(6, 8)(7, 9)(8, 10)
8870293c58fbed9cc03a738577e5802164199d8b.flv,f7ba4ea780e11256ed5439e33d169eb242a8a18f.flv	(5, 7)
8c207ab5a07d12d37dcb666ee8b69c3357bc07fb.flv,8c207ab5a07d12d37dcb666ee8b69c3357bc07fb.flv	(0, 0)(1, 1)(2, 2)(3, 3)(4, 4)(5, 5)(6, 6)(7, 7)(8, 8)(9, 9)(10, 10)(11, 11)(12, 12)(13, 13)(14, 14)(15, 15)(16, 16)(17, 17)(18, 18)(19, 19)(20, 20)(21, 21)(22, 22)(23, 23)(24, 24)(25, 25)(26, 26)(27, 27)(28, 28)(29, 29)(30, 30)(31, 31)(32, 32)(33, 33)(34, 34)(35, 35)(36, 36)(37, 37)(38, 38)(39, 39)(40, 40)(41, 41)(42, 42)(43, 43)(44, 44)(45, 45)(46, 46)(47, 47)
8c207ab5a07d12d37dcb666ee8b69c3357bc07fb.flv,8fb97b98e2f27c9f162d6c1d6c27806c84af8e8d.flv	(0, 3)(1, 4)
8c207ab5a07d12d37dcb666ee8b69c3357bc07fb.flv,8fb97b98e2f27c9f162d6c1d6c27806c84af8e8d.flv	(26, 10)
8c207ab5a07d12d37dcb666ee8b69c3357bc07fb.flv,8fb97b98e2f27c9f162d6c1d6c27806c84af8e8d.flv	(30, 11)
8c207ab5a07d12d37dcb666ee8b69c3357bc07fb.flv,8fb97b98e2f27c9f162d6c1d6c27806c84af8e8d.flv	(32, 11)
8c207ab5a07d12d37dcb666ee8b69c3357bc07fb.flv,8fb97b98e2f27c9f162d6c1d6c27806c84af8e8d.flv	(34, 9)
8c207ab5a07d12d37dcb666ee8b69c3357bc07fb.flv,8fb97b98e2f27c9f162d6c1d6c27806c84af8e8d.flv	(46, 11)
8c207ab5a07d12d37dcb666ee8b69c3357bc07fb.flv,97429f47c45ec4da9849b7f4df36e22939649158.mp4	(0, 1)
8c207ab5a07d12d37dcb666ee8b69c3357bc07fb.flv,97429f47c45ec4da9849b7f4df36e22939649158.mp4	(25, 7)
8c207ab5a07d12d37dcb666ee8b69c3357bc07fb.flv,97429f47c45ec4da9849b7f4df36e22939649158.mp4	(34, 7)
8c207ab5a07d12d37dcb666ee8b69c3357bc07fb.flv,97429f47c45ec4da9849b7f4df36e22939649158.mp4	(46, 9)
8c207ab5a07d12d37dcb666ee8b69c3357bc07fb.flv,9c1d7e91288e07083e4456f8fe6b771aba039ed1.flv	(0, 0)
8c207ab5a07d12d37dcb666ee8b69c3357bc07fb.flv,9c1d7e91288e07083e4456f8fe6b771aba039ed1.flv	(25, 6)(26, 7)
8c207ab5a07d12d37dcb666ee8b69c3357bc07fb.flv,9c1d7e91288e07083e4456f8fe6b771aba039ed1.flv	(30, 8)
8c207ab5a07d12d37dcb666ee8b69c3357bc07fb.flv,9c1d7e91288e07083e4456f8fe6b771aba039ed1.flv	(32, 8)
8c207ab5a07d12d37dcb666ee8b69c3357bc07fb.flv,9c1d7e91288e07083e4456f8fe6b771aba039ed1.flv	(34, 6)
8c207ab5a07d12d37dcb666ee8b69c3357bc07fb.flv,9c1d7e91288e07083e4456f8fe6b771aba039ed1.flv	(46, 8)
8c207ab5a07d12d37dcb666ee8b69c3357bc07fb.flv,b3205b97de392174f3905831fc0dba5724fdabf1.flv	(25, 3)
8c207ab5a07d12d37dcb666ee8b69c3357bc07fb.flv,b3205b97de392174f3905831fc0dba5724fdabf1.flv	(30, 4)
8c207ab5a07d12d37dcb666ee8b69c3357bc07fb.flv,b3205b97de392174f3905831fc0dba5724fdabf1.flv	(32, 6)
8c207ab5a07d12d37dcb666ee8b69c3357bc07fb.flv,b3205b97de392174f3905831fc0dba5724fdabf1.flv	(34, 3)
8c207ab5a07d12d37dcb666ee8b69c3357bc07fb.flv,b3205b97de392174f3905831fc0dba5724fdabf1.flv	(46, 6)
8c207ab5a07d12d37dcb666ee8b69c3357bc07fb.flv,b581ea1130d0c4c9af02e98dcb887cb8d58350e8.flv	(0, 0)
8c207ab5a07d12d37dcb666ee8b69c3357bc07fb.flv,b581ea1130d0c4c9af02e98dcb887cb8d58350e8.flv	(25, 5)(26, 6)
8c207ab5a07d12d37dcb666ee8b69c3357bc07fb.flv,b581ea1130d0c4c9af02e98dcb887cb8d58350e8.flv	(30, 7)
8c207ab5a07d12d37dcb666ee8b69c3357bc07fb.flv,b581ea1130d0c4c9af02e98dcb887cb8d58350e8.flv	(32, 7)
8c207ab5a07d12d37dcb666ee8b69c3357bc07fb.flv,b581ea1130d0c4c9af02e98dcb887cb8d58350e8.flv	(34, 5)
8c207ab5a07d12d37dcb666ee8b69c3357bc07fb.flv,b581ea1130d0c4c9af02e98dcb887cb8d58350e8.flv	(46, 7)
8c207ab5a07d12d37dcb666ee8b69c3357bc07fb.flv,bbdbe357f408fb84d5f57c1522a90504f3162d6f.flv	(30, 7)
8c207ab5a07d12d37dcb666ee8b69c3357bc07fb.flv,bbdbe357f408fb84d5f57c1522a90504f3162d6f.flv	(32, 7)
8c207ab5a07d12d37dcb666ee8b69c3357bc07fb.flv,bbdbe357f408fb84d5f57c1522a90504f3162d6f.flv	(32, 9)
8c207ab5a07d12d37dcb666ee8b69c3357bc07fb.flv,bbdbe357f408fb84d5f57c1522a90504f3162d6f.flv	(32, 11)
8c207ab5a07d12d37dcb666ee8b69c3357bc07fb.flv,bbdbe357f408fb84d5f57c1522a90504f3162d6f.flv	(46, 11)
8c207ab5a07d12d37dcb666ee8b69c3357bc07fb.flv,be51dbc2d72ae574934de1b972b18037dba73b8e.flv	(0, 0)
8c207ab5a07d12d37dcb666ee8b69c3357bc07fb.flv,be51dbc2d72ae574934de1b972b18037dba73b8e.flv	(25, 4)
8c207ab5a07d12d37dcb666ee8b69c3357bc07fb.flv,be51dbc2d72ae574934de1b972b18037dba73b8e.flv	(30, 5)
8c207ab5a07d12d37dcb666ee8b69c3357bc07fb.flv,be51dbc2d72ae574934de1b972b18037dba73b8e.flv	(32, 6)
8c207ab5a07d12d37dcb666ee8b69c3357bc07fb.flv,be51dbc2d72ae574934de1b972b18037dba73b8e.flv	(34, 4)
8c207ab5a07d12d37dcb666ee8b69c3357bc07fb.flv,be51dbc2d72ae574934de1b972b18037dba73b8e.flv	(46, 6)
8c207ab5a07d12d37dcb666ee8b69c3357bc07fb.flv,bf9df08bb9164d1b971557a9b9f6140096c92b0c.mp4	(32, 56)
8c207ab5a07d12d37dcb666ee8b69c3357bc07fb.flv,cac9dff859597360de5a5f011139c845c0d08e6c.flv	(0, 0)
8c207ab5a07d12d37dcb666ee8b69c3357bc07fb.flv,cac9dff859597360de5a5f011139c845c0d08e6c.flv	(25, 6)(26, 7)
8c207ab5a07d12d37dcb666ee8b69c3357bc07fb.flv,cac9dff859597360de5a5f011139c845c0d08e6c.flv	(30, 8)
8c207ab5a07d12d37dcb666ee8b69c3357bc07fb.flv,cac9dff859597360de5a5f011139c845c0d08e6c.flv	(32, 8)
8c207ab5a07d12d37dcb666ee8b69c3357bc07fb.flv,cac9dff859597360de5a5f011139c845c0d08e6c.flv	(34, 6)
8c207ab5a07d12d37dcb666ee8b69c3357bc07fb.flv,cac9dff859597360de5a5f011139c845c0d08e6c.flv	(46, 8)
8c207ab5a07d12d37dcb666ee8b69c3357bc07fb.flv,caec7bae88f5b5d60a08487e9d9a8cd27251c64e.flv	(0, 1)
8c207ab5a07d12d37dcb666ee8b69c3357bc07fb.flv,caec7bae88f5b5d60a08487e9d9a8cd27251c64e.flv	
8c207ab5a07d12d37dcb666ee8b69c3357bc07fb.flv,caec7bae88f5b5d60a08487e9d9a8cd27251c64e.flv	(30, 10)
8c207ab5a07d12d37dcb666ee8b69c3357bc07fb.flv,caec7bae88f5b5d60a08487e9d9a8cd27251c64e.flv	(32, 10)
8c207ab5a07d12d37dcb666ee8b69c3357bc07fb.flv,caec7bae88f5b5d60a08487e9d9a8cd27251c64e.flv	(34, 7)(34, 8)
8c207ab5a07d12d37dcb666ee8b69c3357bc07fb.flv,caec7bae88f5b5d60a08487e9d9a8cd27251c64e.flv	(46, 10)
8fb97b98e2f27c9f162d6c1d6c27806c84af8e8d.flv,8fb97b98e2f27c9f162d6c1d6c27806c84af8e8d.flv	(0, 0)(1, 1)(2, 2)(3, 3)(4, 4)(5, 5)(6, 6)(7, 7)(8, 8)(9, 9)(10, 10)(11, 11)(12, 12)(13, 13)(14, 14)(15, 15)
8fb97b98e2f27c9f162d6c1d6c27806c84af8e8d.flv,97429f47c45ec4da9849b7f4df36e22939649158.mp4	(3, 1)(4, 2)(5, 3)(6, 5)(7, 6)(11, 9)(12, 12)
8fb97b98e2f27c9f162d6c1d6c27806c84af8e8d.flv,9c1d7e91288e07083e4456f8fe6b771aba039ed1.flv	(3, 0)(4, 1)(5, 2)(6, 3)(7, 4)(8, 5)(9, 6)(10, 7)(11, 8)(13, 10)(14, 11)
8fb97b98e2f27c9f162d6c1d6c27806c84af8e8d.flv,b3205b97de392174f3905831fc0dba5724fdabf1.flv	(4, 0)(5, 1)(6, 2)(11, 6)
8fb97b98e2f27c9f162d6c1d6c27806c84af8e8d.flv,b581ea1130d0c4c9af02e98dcb887cb8d58350e8.flv	(3, 0)(4, 1)(5, 2)(6, 3)(7, 4)(8, 5)(10, 6)(11, 7)(12, 8)
8fb97b98e2f27c9f162d6c1d6c27806c84af8e8d.flv,bbdbe357f408fb84d5f57c1522a90504f3162d6f.flv	(5, 2)
8fb97b98e2f27c9f162d6c1d6c27806c84af8e8d.flv,bbdbe357f408fb84d5f57c1522a90504f3162d6f.flv	(10, 6)(11, 7)
8fb97b98e2f27c9f162d6c1d6c27806c84af8e8d.flv,bbdbe357f408fb84d5f57c1522a90504f3162d6f.flv	(11, 9)
8fb97b98e2f27c9f162d6c1d6c27806c84af8e8d.flv,bbdbe357f408fb84d5f57c1522a90504f3162d6f.flv	(11, 11)
8fb97b98e2f27c9f162d6c1d6c27806c84af8e8d.flv,be51dbc2d72ae574934de1b972b18037dba73b8e.flv	(3, 0)(4, 1)(5, 2)(6, 3)(11, 6)
8fb97b98e2f27c9f162d6c1d6c27806c84af8e8d.flv,bf9df08bb9164d1b971557a9b9f6140096c92b0c.mp4	(10, 55)(11, 56)
8fb97b98e2f27c9f162d6c1d6c27806c84af8e8d.flv,cac9dff859597360de5a5f011139c845c0d08e6c.flv	(3, 0)(4, 1)(5, 2)(6, 3)(7, 4)(8, 6)(10, 7)(11, 8)(13, 9)(14, 10)
8fb97b98e2f27c9f162d6c1d6c27806c84af8e8d.flv,caec7bae88f5b5d60a08487e9d9a8cd27251c64e.flv	(3, 1)(4, 2)(5, 3)(6, 4)(7, 5)(8, 6)(10, 9)(11, 10)
8fb97b98e2f27c9f162d6c1d6c27806c84af8e8d.flv,f7ba4ea780e11256ed5439e33d169eb242a8a18f.flv	(8, 7)
97429f47c45ec4da9849b7f4df36e22939649158.mp4,97429f47c45ec4da9849b7f4df36e22939649158.mp4	(0, 0)(1, 1)(2, 2)(3, 3)(4, 4)(5, 5)(6, 6)(7, 7)(8, 8)(9, 9)(10, 10)(11, 11)(12, 12)(13, 13)
97429f47c45ec4da9849b7f4df36e22939649158.mp4,9c1d7e91288e07083e4456f8fe6b771aba039ed1.flv	(1, 0)(2, 1)(3, 2)(5, 3)(6, 4)(6, 5)(7, 6)(9, 8)(13, 10)
97429f47c45ec4da9849b7f4df36e22939649158.mp4,b3205b97de392174f3905831fc0dba5724fdabf1.flv	(2, 0)(3, 1)(5, 2)
97429f47c45ec4da9849b7f4df36e22939649158.mp4,b581ea1130d0c4c9af02e98dcb887cb8d58350e8.flv	(1, 0)(2, 1)(3, 2)(5, 3)(6, 4)(9, 7)(12, 8)
97429f47c45ec4da9849b7f4df36e22939649158.mp4,bbdbe357f408fb84d5f57c1522a90504f3162d6f.flv	(3, 2)(4, 2)
97429f47c45ec4da9849b7f4df36e22939649158.mp4,bbdbe357f408fb84d5f57c1522a90504f3162d6f.flv	(9, 11)
97429f47c45ec4da9849b7f4df36e22939649158.mp4,be51dbc2d72ae574934de1b972b18037dba73b8e.flv	(1, 0)(2, 1)(3, 2)(5, 3)(13, 7)
97429f47c45ec4da9849b7f4df36e22939649158.mp4,bf9df08bb9164d1b971557a9b9f6140096c92b0c.mp4	(9, 56)
97429f47c45ec4da9849b7f4df36e22939649158.mp4,cac9dff859597360de5a5f011139c845c0d08e6c.flv	(1, 0)(2, 1)(3, 2)(5, 3)(6, 4)(9, 8)(12, 9)
97429f47c45ec4da9849b7f4df36e22939649158.mp4,caec7bae88f5b5d60a08487e9d9a8cd27251c64e.flv	(1, 1)(2, 2)(3, 3)(4, 4)(7, 8)(9, 10)(12, 11)
97429f47c45ec4da9849b7f4df36e22939649158.mp4,f7ba4ea780e11256ed5439e33d169eb242a8a18f.flv	(9, 7)
9c1d7e91288e07083e4456f8fe6b771aba039ed1.flv,9c1d7e91288e07083e4456f8fe6b771aba039ed1.flv	(0, 0)(1, 1)(2, 2)(3, 3)(4, 4)(5, 5)(6, 6)(7, 7)(8, 8)(9, 9)(10, 10)(11, 11)
9c1d7e91288e07083e4456f8fe6b771aba039ed1.flv,b3205b97de392174f3905831fc0dba5724fdabf1.flv	(1, 0)(2, 1)(3, 2)(8, 6)(10, 7)
9c1d7e91288e07083e4456f8fe6b771aba039ed1.flv,b581ea1130d0c4c9af02e98dcb887cb8d58350e8.flv	(0, 0)(1, 1)(2, 2)(3, 3)(4, 4)(6, 5)(7, 6)(8, 7)(10, 8)
9c1d7e91288e07083e4456f8fe6b771aba039ed1.flv,bbdbe357f408fb84d5f57c1522a90504f3162d6f.flv	(2, 2)
9c1d7e91288e07083e4456f8fe6b771aba039ed1.flv,bbdbe357f408fb84d5f57c1522a90504f3162d6f.flv	(7, 6)(8, 7)
9c1d7e91288e07083e4456f8fe6b771aba039ed1.flv,bbdbe357f408fb84d5f57c1522a90504f3162d6f.flv	(8, 9)
9c1d7e91288e07083e4456f8fe6b771aba039ed1.flv,bbdbe357f408fb84d5f57c1522a90504f3162d6f.flv	(8, 11)
9c1d7e91288e07083e4456f8fe6b771aba039ed1.flv,be51dbc2d72ae574934de1b972b18037dba73b8e.flv	(0, 0)(1, 1)(2, 2)(3, 3)(8, 6)(10, 7)
9c1d7e91288e07083e4456f8fe6b771aba039ed1.flv,bf9df08bb9164d1b971557a9b9f6140096c92b0c.mp4	(7, 55)(8, 56)
9c1d7e91288e07083e4456f8fe6b771aba039ed1.flv,cac9dff859597360de5a5f011139c845c0d08e6c.flv	(0, 0)(1, 1)(2, 2)(3, 3)(4, 4)(6, 6)(7, 7)(8, 8)(10, 9)(11, 10)
9c1d7e91288e07083e4456f8fe6b771aba039ed1.flv,caec7bae88f5b5d60a08487e9d9a8cd27251c64e.flv	(0, 1)(1, 2)(2, 3)(3, 4)(4, 5)(5, 6)(6, 7)(7, 9)(8, 10)(10, 11)
9c1d7e91288e07083e4456f8fe6b771aba039ed1.flv,f7ba4ea780e11256ed5439e33d169eb242a8a18f.flv	(6, 7)
b3205b97de392174f3905831fc0dba5724fdabf1.flv,b3205b97de392174f3905831fc0dba5724fdabf1.flv	(0, 0)(1, 1)(2, 2)(3, 3)(4, 4)(5, 5)(6, 6)(7, 7)
b3205b97de392174f3905831fc0dba5724fdabf1.flv,b581ea1130d0c4c9af02e98dcb887cb8d58350e8.flv	(0, 1)(1, 2)(2, 3)(6, 7)(7, 8)
b3205b97de392174f3905831fc0dba5724fdabf1.flv,bbdbe357f408fb84d5f57c1522a90504f3162d6f.flv	(1, 2)
b3205b97de392174f3905831fc0dba5724fdabf1.flv,bbdbe357f408fb84d5f57c1522a90504f3162d6f.flv	(3, 6)(3, 7)
b3205b97de392174f3905831fc0dba5724fdabf1.flv,bbdbe357f408fb84d5f57c1522a90504f3162d6f.flv	(6, 9)
b3205b97de392174f3905831fc0dba5724fdabf1.flv,bbdbe357f408fb84d5f57c1522a90504f3162d6f.flv	(6, 11)
b3205b97de392174f3905831fc0dba5724fdabf1.flv,be51dbc2d72ae574934de1b972b18037dba73b8e.flv	(0, 1)(1, 2)(2, 3)(3, 4)(6, 6)(7, 7)
b3205b97de392174f3905831fc0dba5724fdabf1.flv,bf9df08bb9164d1b971557a9b9f6140096c92b0c.mp4	(3, 55)(6, 56)
b3205b97de392174f3905831fc0dba5724fdabf1.flv,cac9dff859597360de5a5f011139c845c0d08e6c.flv	(0, 1)(1, 2)(2, 3)(6, 8)(7, 9)
b3205b97de392174f3905831fc0dba5724fdabf1.flv,caec7bae88f5b5d60a08487e9d9a8cd27251c64e.flv	(0, 2)(1, 3)(6, 10)(7, 11)
b3205b97de392174f3905831fc0dba5724fdabf1.flv,f7ba4ea780e11256ed5439e33d169eb242a8a18f.flv	(3, 7)
b581ea1130d0c4c9af02e98dcb887cb8d58350e8.flv,b581ea1130d0c4c9af02e98dcb887cb8d58350e8.flv	(0, 0)(1, 1)(2, 2)(3, 3)(4, 4)(5, 5)(6, 6)(7, 7)(8, 8)(9, 9)
b581ea1130d0c4c9af02e98dcb887cb8d58350e8.flv,bbdbe357f408fb84d5f57c1522a90504f3162d6f.flv	(2, 2)
b581ea1130d0c4c9af02e98dcb887cb8d58350e8.flv,bbdbe357f408fb84d5f57c1522a90504f3162d6f.flv	(6, 6)(7, 7)
b581ea1130d0c4c9af02e98dcb887cb8d58350e8.flv,bbdbe357f408fb84d5f57c1522a90504f3162d6f.flv	(7, 9)
b581ea1130d0c4c9af02e98dcb887cb8d58350e8.flv,bbdbe357f408fb84d5f57c1522a90504f3162d6f.flv	(7, 11)
b581ea1130d0c4c9af02e98dcb887cb8d58350e8.flv,be51dbc2d72ae574934de1b972b18037dba73b8e.flv	(0, 0)(1, 1)(2, 2)(3, 3)(6, 4)(7, 6)(8, 7)
b581ea1130d0c4c9af02e98dcb887cb8d58350e8.flv,bf9df08bb9164d1b971557a9b9f6140096c92b0c.mp4	(6, 55)(7, 56)
b581ea1130d0c4c9af02e98dcb887cb8d58350e8.flv,cac9dff859597360de5a5f011139c845c0d08e6c.flv	(2, 2)(4, 3)(7, 8)(8, 9)
b581ea1130d0c4c9af02e98dcb887cb8d58350e8.flv,caec7bae88f5b5d60a08487e9d9a8cd27251c64e.flv	(0, 1)(1, 2)(2, 3)(3, 4)(4, 5)(5, 6)(6, 9)(7, 10)(8, 11)
b581ea1130d0c4c9af02e98dcb887cb8d58350e8.flv,f7ba4ea780e11256ed5439e33d169eb242a8a18f.flv	(5, 7)
bbdbe357f408fb84d5f57c1522a90504f3162d6f.flv,bbdbe357f408fb84d5f57c1522a90504f3162d6f.flv	(0, 0)(1, 1)(2, 2)(3, 3)(4, 4)(5, 5)(6, 6)(7, 7)(8, 8)(9, 9)(10, 10)(11, 11)(12, 12)(13, 13)(14, 14)
bbdbe357f408fb84d5f57c1522a90504f3162d6f.flv,be51dbc2d72ae574934de1b972b18037dba73b8e.flv	(2, 2)
bbdbe357f408fb84d5f57c1522a90504f3162d6f.flv,be51dbc2d72ae574934de1b972b18037dba73b8e.flv	(6, 4)(7, 4)
bbdbe357f408fb84d5f57c1522a90504f3162d6f.flv,be51dbc2d72ae574934de1b972b18037dba73b8e.flv	(9, 6)
bbdbe357f408fb84d5f57c1522a90504f3162d6f.flv,be51dbc2d72ae574934de1b972b18037dba73b8e.flv	(11, 6)
bbdbe357f408fb84d5f57c1522a90504f3162d6f.flv,bf9df08bb9164d1b971557a9b9f6140096c92b0c.mp4	(6, 55)(7, 55)
bbdbe357f408fb84d5f57c1522a90504f3162d6f.flv,bf9df08bb9164d1b971557a9b9f6140096c92b0c.mp4	(9, 56)
bbdbe357f408fb84d5f57c1522a90504f3162d6f.flv,cac9dff859597360de5a5f011139c845c0d08e6c.flv	(2, 2)
bbdbe357f408fb84d5f57c1522a90504f3162d6f.flv,cac9dff859597360de5a5f011139c845c0d08e6c.flv	(6, 7)(7, 8)
bbdbe357f408fb84d5f57c1522a90504f3162d6f.flv,cac9dff859597360de5a5f011139c845c0d08e6c.flv	(9, 8)
bbdbe357f408fb84d5f57c1522a90504f3162d6f.flv,cac9dff859597360de5a5f011139c845c0d08e6c.flv	(11, 8)
bbdbe357f408fb84d5f57c1522a90504f3162d6f.flv,caec7bae88f5b5d60a08487e9d9a8cd27251c64e.flv	(2, 3)
bbdbe357f408fb84d5f57c1522a90504f3162d6f.flv,caec7bae88f5b5d60a08487e9d9a8cd27251c64e.flv	(6, 9)(7, 10)
bbdbe357f408fb84d5f57c1522a90504f3162d6f.flv,caec7bae88f5b5d60a08487e9d9a8cd27251c64e.flv	(9, 10)
bbdbe357f408fb84d5f57c1522a90504f3162d6f.flv,caec7bae88f5b5d60a08487e9d9a8cd27251c64e.flv	(11, 10)
be51dbc2d72ae574934de1b972b18037dba73b8e.flv,be51dbc2d72ae574934de1b972b18037dba73b8e.flv	(0, 0)(1, 1)(2, 2)(3, 3)(4, 4)(5, 5)(6, 6)(7, 7)
be51dbc2d72ae574934de1b972b18037dba73b8e.flv,bf9df08bb9164d1b971557a9b9f6140096c92b0c.mp4	(4, 55)(6, 56)
be51dbc2d72ae574934de1b972b18037dba73b8e.flv,cac9dff859597360de5a5f011139c845c0d08e6c.flv	(0, 0)(1, 1)(2, 2)(3, 3)(6, 8)(7, 9)
be51dbc2d72ae574934de1b972b18037dba73b8e.flv,caec7bae88f5b5d60a08487e9d9a8cd27251c64e.flv	(0, 1)(1, 2)(2, 3)(3, 4)(6, 10)(7, 11)
be51dbc2d72ae574934de1b972b18037dba73b8e.flv,f7ba4ea780e11256ed5439e33d169eb242a8a18f.flv	
bf9df08bb9164d1b971557a9b9f6140096c92b0c.mp4,bf9df08bb9164d1b971557a9b9f6140096c92b0c.mp4	(0, 0)(1, 1)(2, 2)(3, 3)(4, 4)(5, 5)(6, 6)(7, 7)(8, 8)(9, 9)(10, 10)(11, 11)(12, 12)(13, 13)(14, 14)(15, 15)(16, 16)(17, 17)(18, 18)(19, 19)(20, 20)(21, 21)(22, 22)(23, 23)(24, 24)(25, 25)(26, 26)(27, 27)(28, 28)(29, 29)(30, 30)(31, 31)(32, 32)(33, 33)(34, 34)(35, 35)(36, 36)(37, 37)(38, 38)(39, 39)(40, 40)(41, 41)(42, 42)(43, 43)(44, 44)(45, 45)(46, 46)(47, 47)(48, 48)(49, 49)(50, 50)(51, 51)(52, 52)(53, 53)(54, 54)(55, 55)(56, 56)(57, 57)(58, 58)(59, 59)(60, 60)(61, 61)(62, 62)(63, 63)(64, 64)(65, 65)(66, 66)(67, 67)(68, 68)(69, 69)(70, 70)(71, 71)(72, 72)(73, 73)
bf9df08bb9164d1b971557a9b9f6140096c92b0c.mp4,cac9dff859597360de5a5f011139c845c0d08e6c.flv	(55, 7)(56, 8)
bf9df08bb9164d1b971557a9b9f6140096c92b0c.mp4,caec7bae88f5b5d60a08487e9d9a8cd27251c64e.flv	(55, 9)(56, 10)
cac9dff859597360de5a5f011139c845c0d08e6c.flv,cac9dff859597360de5a5f011139c845c0d08e6c.flv	(0, 0)(1, 1)(2, 2)(3, 3)(4, 4)(5, 5)(6, 6)(7, 7)(8, 8)(9, 9)(10, 10)
cac9dff859597360de5a5f011139c845c0d08e6c.flv,caec7bae88f5b5d60a08487e9d9a8cd27251c64e.flv	(0, 1)(1, 2)(2, 3)(3, 4)(4, 5)(7, 9)(8, 10)(9, 11)
cac9dff859597360de5a5f011139c845c0d08e6c.flv,f7ba4ea780e11256ed5439e33d169eb242a8a18f.flv	(8, 7)
caec7bae88f5b5d60a08487e9d9a8cd27251c64e.flv,caec7bae88f5b5d60a08487e9d9a8cd27251c64e.flv	(0, 0)(1, 1)(2, 2)(3, 3)(4, 4)(5, 5)(6, 6)(7, 7)(8, 8)(9, 9)(10, 10)(11, 11)(12, 12)(13, 13)(14, 14)(15, 15)(16, 16)(17, 17)(18, 18)(19, 19)(20, 20)(21, 21)(22, 22)(23, 23)(24, 24)(25, 25)(26, 26)(27, 27)(28, 28)(29, 29)(30, 30)(31, 31)(32, 32)(33, 33)(34, 34)(35, 35)(36, 36)(37, 37)
caec7bae88f5b5d60a08487e9d9a8cd27251c64e.flv,f7ba4ea780e11256ed5439e33d169eb242a8a18f.flv	
f7ba4ea780e11256ed5439e33d169eb242a8a18f.flv,f7ba4ea780e11256ed5439e33d169eb242a8a18f.flv	(0, 0)(1, 1)(2, 2)(3, 3)(4, 4)(5, 5)(6, 6)(7, 7)(8, 8)(9, 9)(10, 10)(11, 11)(12, 12)(13, 13)(14, 14)(15, 15)(16, 16)(17, 17)(18, 18)(19, 19)(20, 20)(21, 21)(22, 22)(23, 23)(24, 24)(25, 25)(26, 26)(27, 27)(28, 28)(29, 29)(30, 30)(31, 31)(32, 32)(33, 33)(34, 34)(35, 35)(36, 36)(37, 37)(38, 38)(39, 39)(40, 40)(41, 41)(42, 42)(43, 43)(44, 44)(45, 45)(46, 46)(47, 47)(48, 48)(49, 49)(50, 50)(51, 51)(52, 52)(53, 53)(54, 54)(55, 55)(56, 56)(57, 57)(58, 58)(59, 59)(60, 60)(61, 61)(62, 62)(63, 63)(64, 64)
