007d931e5f8d6dc6367964748ed862739425303b.flv,007d931e5f8d6dc6367964748ed862739425303b.flv	(0, 0)(1, 1)(2, 2)(3, 3)(4, 4)(5, 5)(6, 6)(7, 7)(8, 8)(9, 9)(10, 10)(11, 11)(12, 12)(13, 13)(14, 14)(15, 15)(16, 16)(17, 17)(18, 18)(19, 19)(20, 20)(21, 21)(22, 22)(23, 23)(24, 24)(25, 25)(26, 26)(27, 27)(28, 28)(29, 29)(30, 30)
007d931e5f8d6dc6367964748ed862739425303b.flv,031dacfeacdc715e755c01f4d37b49577336006e.mp4	(22, 2)(23, 3)
007d931e5f8d6dc6367964748ed862739425303b.flv,031dacfeacdc715e755c01f4d37b49577336006e.mp4	(23, 0)(24, 1)(25, 2)
007d931e5f8d6dc6367964748ed862739425303b.flv,23254771545e5d278548ba02d25d32add952b2a4.flv	(23, 5)
007d931e5f8d6dc6367964748ed862739425303b.flv,23254771545e5d278548ba02d25d32add952b2a4.flv	(23, 2)(24, 3)(25, 4)
007d931e5f8d6dc6367964748ed862739425303b.flv,2620a515a196e5d4329f320f478010e578980bee.flv	
007d931e5f8d6dc6367964748ed862739425303b.flv,434cbcdf0562eb6c5ccdef59cf3401ed1067112c.flv	(0, 1)(1, 2)(3, 6)(6, 10)(7, 11)(8, 12)(9, 13)(12, 17)(13, 19)(14, 20)(15, 21)(16, 22)(17, 23)(18, 24)(19, 26)(20, 29)(21, 30)(22, 31)(23, 32)(24, 33)(25, 34)(26, 35)(27, 36)(29, 37)(30, 38)
007d931e5f8d6dc6367964748ed862739425303b.flv,468410600142c136d707b4cbc3ff0703c112575d.flv	(23, 3)
007d931e5f8d6dc6367964748ed862739425303b.flv,468410600142c136d707b4cbc3ff0703c112575d.flv	(23, 0)(24, 1)(25, 2)
007d931e5f8d6dc6367964748ed862739425303b.flv,4a79c873b671f3452afde9d247250d8c3776e7c6.flv	(23, 3)
007d931e5f8d6dc6367964748ed862739425303b.flv,4a79c873b671f3452afde9d247250d8c3776e7c6.flv	(23, 0)(24, 1)(25, 2)
007d931e5f8d6dc6367964748ed862739425303b.flv,67f1feff7f624cf0b9ac2ebaf49f547a922b4971.flv	(0, 3)(1, 4)(2, 5)(3, 6)(4, 7)(6, 9)(7, 10)(8, 11)(9, 12)(12, 15)(14, 18)(16, 19)(18, 22)(20, 24)(21, 25)(22, 26)(23, 27)(24, 28)(25, 29)(26, 30)(27, 31)(28, 32)(30, 34)
007d931e5f8d6dc6367964748ed862739425303b.flv,68868f88c7c8f4887bf441ea1f61500dbcd1da5b.flv	(0, 0)(1, 1)(2, 2)(3, 5)(4, 7)(5, 8)(6, 9)(7, 10)(8, 11)(9, 12)(10, 13)(11, 14)(12, 15)(13, 17)(14, 18)(16, 19)(17, 21)(18, 22)(20, 26)(21, 27)(22, 28)(23, 29)(24, 30)(25, 31)(26, 32)(27, 33)(29, 34)(30, 35)
007d931e5f8d6dc6367964748ed862739425303b.flv,7a80366e144e759603a9ebecfd91848196e255d2.flv	(0, 1)(1, 2)(2, 3)(3, 5)(4, 7)(5, 8)(6, 9)(7, 10)(8, 11)(9, 12)(10, 13)(11, 14)(12, 16)(13, 18)(14, 19)(16, 20)(17, 22)(18, 23)(20, 26)(21, 27)(22, 28)(23, 29)(24, 30)(25, 31)(26, 32)(27, 33)(29, 34)(30, 35)
007d931e5f8d6dc6367964748ed862739425303b.flv,7deff9e47e47c98bb341c4355dfff9a82bfba221.flv	(23, 3)
007d931e5f8d6dc6367964748ed862739425303b.flv,7deff9e47e47c98bb341c4355dfff9a82bfba221.flv	(23, 0)(24, 1)(25, 2)
007d931e5f8d6dc6367964748ed862739425303b.flv,7e4fe3c124a00ce43ce0b5b0aca342d79e3c1ed7.flv	(0, 0)(1, 1)(2, 2)(3, 4)(4, 5)(6, 6)(7, 7)(13, 9)(14, 10)(18, 12)(25, 14)(26, 15)(27, 16)(28, 17)(29, 18)(30, 19)
007d931e5f8d6dc6367964748ed862739425303b.flv,aca39f299bade8a43abc80bac36d598239c63906.flv	(0, 5)(1, 6)(2, 8)(3, 10)(4, 12)(5, 13)(6, 14)(7, 15)(8, 17)(10, 18)(11, 19)(12, 20)(13, 22)(14, 23)(15, 24)(16, 25)(17, 26)(18, 27)(19, 29)(20, 31)(21, 32)(22, 33)(23, 34)(24, 35)(25, 36)(26, 37)(27, 38)(29, 39)(30, 40)
007d931e5f8d6dc6367964748ed862739425303b.flv,b22db6382d74710e88eb1cb50bf3f74bec402491.flv	(0, 2)(1, 3)(3, 7)(4, 8)(5, 10)(6, 11)(7, 12)(10, 15)(11, 16)(12, 17)(13, 19)(14, 20)(16, 22)(17, 23)(18, 24)(19, 25)(20, 26)(21, 27)(22, 28)(24, 30)(25, 31)(26, 33)(30, 35)
007d931e5f8d6dc6367964748ed862739425303b.flv,c224dece59ecedc0a54ddafe5b1ab0ecf1f7a729.flv	(5, 0)(6, 1)(7, 2)(8, 4)(9, 5)(10, 7)(11, 8)(12, 9)(13, 11)(14, 12)(15, 13)(16, 14)(17, 15)(17, 16)(18, 17)(19, 19)(20, 21)(21, 22)(22, 23)(23, 24)(24, 25)(25, 26)(26, 27)(27, 28)(28, 29)(29, 30)(30, 31)
007d931e5f8d6dc6367964748ed862739425303b.flv,c70491f4b4d4a8e90561c11ac929edf430e62641.flv	(0, 3)(1, 4)(2, 5)(3, 8)(4, 10)(5, 11)(6, 12)(7, 13)(8, 14)(9, 15)(10, 16)(11, 17)(12, 18)(14, 22)(15, 23)(16, 24)(17, 25)(18, 26)(20, 30)(21, 31)(22, 32)(23, 33)(24, 34)(25, 35)(26, 36)(27, 37)(28, 38)(29, 39)(30, 40)
007d931e5f8d6dc6367964748ed862739425303b.flv,e8e7aaf3d965501ca315099c1d2b4c8fe12cce68.flv	(18, 0)(20, 2)(21, 3)(22, 4)(23, 5)(24, 6)(25, 7)
007d931e5f8d6dc6367964748ed862739425303b.flv,e8e7aaf3d965501ca315099c1d2b4c8fe12cce68.flv	(29, 9)(30, 10)
031dacfeacdc715e755c01f4d37b49577336006e.mp4,031dacfeacdc715e755c01f4d37b49577336006e.mp4	(0, 0)(1, 1)(2, 2)(3, 3)
031dacfeacdc715e755c01f4d37b49577336006e.mp4,23254771545e5d278548ba02d25d32add952b2a4.flv	(0, 2)(1, 3)(2, 4)
031dacfeacdc715e755c01f4d37b49577336006e.mp4,23254771545e5d278548ba02d25d32add952b2a4.flv	(3, 2)
031dacfeacdc715e755c01f4d37b49577336006e.mp4,23254771545e5d278548ba02d25d32add952b2a4.flv	(3, 5)
031dacfeacdc715e755c01f4d37b49577336006e.mp4,2620a515a196e5d4329f320f478010e578980bee.flv	(2, 0)
031dacfeacdc715e755c01f4d37b49577336006e.mp4,2620a515a196e5d4329f320f478010e578980bee.flv	(3, 0)
031dacfeacdc715e755c01f4d37b49577336006e.mp4,434cbcdf0562eb6c5ccdef59cf3401ed1067112c.flv	(0, 32)(1, 33)(2, 34)
031dacfeacdc715e755c01f4d37b49577336006e.mp4,434cbcdf0562eb6c5ccdef59cf3401ed1067112c.flv	(3, 32)
031dacfeacdc715e755c01f4d37b49577336006e.mp4,468410600142c136d707b4cbc3ff0703c112575d.flv	(0, 0)(1, 1)(2, 2)(3, 3)
031dacfeacdc715e755c01f4d37b49577336006e.mp4,4a79c873b671f3452afde9d247250d8c3776e7c6.flv	(0, 0)(1, 1)(2, 2)(3, 3)
031dacfeacdc715e755c01f4d37b49577336006e.mp4,67f1feff7f624cf0b9ac2ebaf49f547a922b4971.flv	(0, 27)(1, 28)(2, 29)
031dacfeacdc715e755c01f4d37b49577336006e.mp4,67f1feff7f624cf0b9ac2ebaf49f547a922b4971.flv	(3, 27)
031dacfeacdc715e755c01f4d37b49577336006e.mp4,68868f88c7c8f4887bf441ea1f61500dbcd1da5b.flv	(0, 29)(1, 30)(2, 31)
031dacfeacdc715e755c01f4d37b49577336006e.mp4,68868f88c7c8f4887bf441ea1f61500dbcd1da5b.flv	(3, 29)
031dacfeacdc715e755c01f4d37b49577336006e.mp4,7a80366e144e759603a9ebecfd91848196e255d2.flv	(0, 29)(1, 30)(2, 31)
031dacfeacdc715e755c01f4d37b49577336006e.mp4,7a80366e144e759603a9ebecfd91848196e255d2.flv	(3, 29)
031dacfeacdc715e755c01f4d37b49577336006e.mp4,7deff9e47e47c98bb341c4355dfff9a82bfba221.flv	(0, 0)(1, 1)(2, 2)(3, 3)
031dacfeacdc715e755c01f4d37b49577336006e.mp4,7e4fe3c124a00ce43ce0b5b0aca342d79e3c1ed7.flv	(0, 13)(2, 14)
031dacfeacdc715e755c01f4d37b49577336006e.mp4,7e4fe3c124a00ce43ce0b5b0aca342d79e3c1ed7.flv	(3, 13)
031dacfeacdc715e755c01f4d37b49577336006e.mp4,aca39f299bade8a43abc80bac36d598239c63906.flv	(0, 34)(1, 35)(2, 36)
031dacfeacdc715e755c01f4d37b49577336006e.mp4,aca39f299bade8a43abc80bac36d598239c63906.flv	(2, 33)(3, 34)
031dacfeacdc715e755c01f4d37b49577336006e.mp4,b22db6382d74710e88eb1cb50bf3f74bec402491.flv	(0, 29)(1, 30)(2, 31)
031dacfeacdc715e755c01f4d37b49577336006e.mp4,b22db6382d74710e88eb1cb50bf3f74bec402491.flv	(2, 28)(3, 29)
031dacfeacdc715e755c01f4d37b49577336006e.mp4,c224dece59ecedc0a54ddafe5b1ab0ecf1f7a729.flv	(0, 24)(1, 25)(2, 26)
031dacfeacdc715e755c01f4d37b49577336006e.mp4,c224dece59ecedc0a54ddafe5b1ab0ecf1f7a729.flv	(3, 24)
031dacfeacdc715e755c01f4d37b49577336006e.mp4,c70491f4b4d4a8e90561c11ac929edf430e62641.flv	(0, 33)(1, 34)(2, 35)
031dacfeacdc715e755c01f4d37b49577336006e.mp4,c70491f4b4d4a8e90561c11ac929edf430e62641.flv	(3, 33)
031dacfeacdc715e755c01f4d37b49577336006e.mp4,e8e7aaf3d965501ca315099c1d2b4c8fe12cce68.flv	(0, 5)(1, 6)(2, 7)
031dacfeacdc715e755c01f4d37b49577336006e.mp4,e8e7aaf3d965501ca315099c1d2b4c8fe12cce68.flv	(3, 5)
23254771545e5d278548ba02d25d32add952b2a4.flv,23254771545e5d278548ba02d25d32add952b2a4.flv	(0, 0)(1, 1)(2, 2)(3, 3)(4, 4)(5, 5)(6, 6)(7, 7)(8, 8)
23254771545e5d278548ba02d25d32add952b2a4.flv,2620a515a196e5d4329f320f478010e578980bee.flv	(4, 0)
23254771545e5d278548ba02d25d32add952b2a4.flv,2620a515a196e5d4329f320f478010e578980bee.flv	(5, 0)
23254771545e5d278548ba02d25d32add952b2a4.flv,434cbcdf0562eb6c5ccdef59cf3401ed1067112c.flv	(2, 32)(3, 33)(4, 34)
23254771545e5d278548ba02d25d32add952b2a4.flv,434cbcdf0562eb6c5ccdef59cf3401ed1067112c.flv	(5, 32)
23254771545e5d278548ba02d25d32add952b2a4.flv,468410600142c136d707b4cbc3ff0703c112575d.flv	(2, 0)(3, 1)(4, 2)
23254771545e5d278548ba02d25d32add952b2a4.flv,468410600142c136d707b4cbc3ff0703c112575d.flv	(2, 3)
23254771545e5d278548ba02d25d32add952b2a4.flv,468410600142c136d707b4cbc3ff0703c112575d.flv	(5, 3)
23254771545e5d278548ba02d25d32add952b2a4.flv,4a79c873b671f3452afde9d247250d8c3776e7c6.flv	(2, 3)
23254771545e5d278548ba02d25d32add952b2a4.flv,4a79c873b671f3452afde9d247250d8c3776e7c6.flv	(2, 0)(3, 1)(4, 2)(5, 3)
23254771545e5d278548ba02d25d32add952b2a4.flv,4a79c873b671f3452afde9d247250d8c3776e7c6.flv	(5, 0)
23254771545e5d278548ba02d25d32add952b2a4.flv,67f1feff7f624cf0b9ac2ebaf49f547a922b4971.flv	(2, 27)(3, 28)(4, 29)
23254771545e5d278548ba02d25d32add952b2a4.flv,67f1feff7f624cf0b9ac2ebaf49f547a922b4971.flv	(5, 27)
23254771545e5d278548ba02d25d32add952b2a4.flv,68868f88c7c8f4887bf441ea1f61500dbcd1da5b.flv	(2, 29)(3, 30)(4, 31)
23254771545e5d278548ba02d25d32add952b2a4.flv,68868f88c7c8f4887bf441ea1f61500dbcd1da5b.flv	(5, 29)
23254771545e5d278548ba02d25d32add952b2a4.flv,7a80366e144e759603a9ebecfd91848196e255d2.flv	(2, 29)(4, 31)
23254771545e5d278548ba02d25d32add952b2a4.flv,7a80366e144e759603a9ebecfd91848196e255d2.flv	(5, 29)
23254771545e5d278548ba02d25d32add952b2a4.flv,7deff9e47e47c98bb341c4355dfff9a82bfba221.flv	(2, 0)(3, 1)(4, 2)
23254771545e5d278548ba02d25d32add952b2a4.flv,7deff9e47e47c98bb341c4355dfff9a82bfba221.flv	(5, 3)
23254771545e5d278548ba02d25d32add952b2a4.flv,7e4fe3c124a00ce43ce0b5b0aca342d79e3c1ed7.flv	(2, 13)(4, 14)
23254771545e5d278548ba02d25d32add952b2a4.flv,7e4fe3c124a00ce43ce0b5b0aca342d79e3c1ed7.flv	(5, 13)
23254771545e5d278548ba02d25d32add952b2a4.flv,aca39f299bade8a43abc80bac36d598239c63906.flv	(2, 34)(3, 35)(4, 36)
23254771545e5d278548ba02d25d32add952b2a4.flv,aca39f299bade8a43abc80bac36d598239c63906.flv	(5, 34)
23254771545e5d278548ba02d25d32add952b2a4.flv,b22db6382d74710e88eb1cb50bf3f74bec402491.flv	(2, 29)(3, 30)(4, 31)
23254771545e5d278548ba02d25d32add952b2a4.flv,b22db6382d74710e88eb1cb50bf3f74bec402491.flv	(5, 29)
23254771545e5d278548ba02d25d32add952b2a4.flv,c224dece59ecedc0a54ddafe5b1ab0ecf1f7a729.flv	(2, 24)(3, 25)(4, 26)
23254771545e5d278548ba02d25d32add952b2a4.flv,c224dece59ecedc0a54ddafe5b1ab0ecf1f7a729.flv	(5, 24)
23254771545e5d278548ba02d25d32add952b2a4.flv,c70491f4b4d4a8e90561c11ac929edf430e62641.flv	(2, 33)(3, 34)(4, 35)
23254771545e5d278548ba02d25d32add952b2a4.flv,c70491f4b4d4a8e90561c11ac929edf430e62641.flv	(5, 33)
23254771545e5d278548ba02d25d32add952b2a4.flv,e8e7aaf3d965501ca315099c1d2b4c8fe12cce68.flv	(2, 5)(3, 6)(4, 7)
23254771545e5d278548ba02d25d32add952b2a4.flv,e8e7aaf3d965501ca315099c1d2b4c8fe12cce68.flv	(5, 5)
2620a515a196e5d4329f320f478010e578980bee.flv,2620a515a196e5d4329f320f478010e578980bee.flv	(0, 0)(1, 1)
2620a515a196e5d4329f320f478010e578980bee.flv,434cbcdf0562eb6c5ccdef59cf3401ed1067112c.flv	
2620a515a196e5d4329f320f478010e578980bee.flv,468410600142c136d707b4cbc3ff0703c112575d.flv	(0, 3)
2620a515a196e5d4329f320f478010e578980bee.flv,468410600142c136d707b4cbc3ff0703c112575d.flv	(0, 2)
2620a515a196e5d4329f320f478010e578980bee.flv,4a79c873b671f3452afde9d247250d8c3776e7c6.flv	(0, 3)
2620a515a196e5d4329f320f478010e578980bee.flv,4a79c873b671f3452afde9d247250d8c3776e7c6.flv	(0, 2)
2620a515a196e5d4329f320f478010e578980bee.flv,67f1feff7f624cf0b9ac2ebaf49f547a922b4971.flv	
2620a515a196e5d4329f320f478010e578980bee.flv,68868f88c7c8f4887bf441ea1f61500dbcd1da5b.flv	
2620a515a196e5d4329f320f478010e578980bee.flv,7a80366e144e759603a9ebecfd91848196e255d2.flv	
2620a515a196e5d4329f320f478010e578980bee.flv,7deff9e47e47c98bb341c4355dfff9a82bfba221.flv	(0, 3)
2620a515a196e5d4329f320f478010e578980bee.flv,7deff9e47e47c98bb341c4355dfff9a82bfba221.flv	(0, 2)
2620a515a196e5d4329f320f478010e578980bee.flv,7e4fe3c124a00ce43ce0b5b0aca342d79e3c1ed7.flv	
2620a515a196e5d4329f320f478010e578980bee.flv,aca39f299bade8a43abc80bac36d598239c63906.flv	
2620a515a196e5d4329f320f478010e578980bee.flv,b22db6382d74710e88eb1cb50bf3f74bec402491.flv	
2620a515a196e5d4329f320f478010e578980bee.flv,c224dece59ecedc0a54ddafe5b1ab0ecf1f7a729.flv	
2620a515a196e5d4329f320f478010e578980bee.flv,c70491f4b4d4a8e90561c11ac929edf430e62641.flv	
2620a515a196e5d4329f320f478010e578980bee.flv,e8e7aaf3d965501ca315099c1d2b4c8fe12cce68.flv	
434cbcdf0562eb6c5ccdef59cf3401ed1067112c.flv,434cbcdf0562eb6c5ccdef59cf3401ed1067112c.flv	(0, 0)(1, 1)(2, 2)(3, 3)(4, 4)(5, 5)(6, 6)(7, 7)(8, 8)(9, 9)(10, 10)(11, 11)(12, 12)(13, 13)(14, 14)(15, 15)(16, 16)(17, 17)(18, 18)(19, 19)(20, 20)(21, 21)(22, 22)(23, 23)(24, 24)(25, 25)(26, 26)(27, 27)(28, 28)(29, 29)(30, 30)(31, 31)(32, 32)(33, 33)(34, 34)(35, 35)(36, 36)(37, 37)(38, 38)(39, 39)(40, 40)(41, 41)(42, 42)(43, 43)(44, 44)(45, 45)(46, 46)(47, 47)(48, 48)(49, 49)(50, 50)(51, 51)(52, 52)(53, 53)(54, 54)(55, 55)(56, 56)(57, 57)(58, 58)(59, 59)(60, 60)(61, 61)(62, 62)(63, 63)(64, 64)(65, 65)(66, 66)(67, 67)(68, 68)(69, 69)(70, 70)(71, 71)(72, 72)(73, 73)(74, 74)(75, 75)(76, 76)(77, 77)(78, 78)(79, 79)(80, 80)(81, 81)(82, 82)(83, 83)(84, 84)(85, 85)(86, 86)(87, 87)(88, 88)(89, 89)(90, 90)(91, 91)(92, 92)(93, 93)(94, 94)(95, 95)(96, 96)(97, 97)(98, 98)(99, 99)(100, 100)(101, 101)(102, 102)(103, 103)(104, 104)(105, 105)(106, 106)(107, 107)(108, 108)(109, 109)(110, 110)(111, 111)(112, 112)(113, 113)(114, 114)(115, 115)(116, 116)(117, 117)(118, 118)(119, 119)(120, 120)(121, 121)(122, 122)(123, 123)(124, 124)(125, 125)(126, 126)(127, 127)(128, 128)(129, 129)(130, 130)(131, 131)(132, 132)(133, 133)(134, 134)(135, 135)(136, 136)(137, 137)
434cbcdf0562eb6c5ccdef59cf3401ed1067112c.flv,468410600142c136d707b4cbc3ff0703c112575d.flv	(32, 3)
434cbcdf0562eb6c5ccdef59cf3401ed1067112c.flv,468410600142c136d707b4cbc3ff0703c112575d.flv	(32, 0)(33, 1)(34, 2)
434cbcdf0562eb6c5ccdef59cf3401ed1067112c.flv,4a79c873b671f3452afde9d247250d8c3776e7c6.flv	(32, 3)
434cbcdf0562eb6c5ccdef59cf3401ed1067112c.flv,4a79c873b671f3452afde9d247250d8c3776e7c6.flv	(32, 0)(33, 1)(34, 2)
434cbcdf0562eb6c5ccdef59cf3401ed1067112c.flv,67f1feff7f624cf0b9ac2ebaf49f547a922b4971.flv	(1, 3)(2, 4)(6, 6)(7, 7)(8, 7)(9, 8)(10, 9)(11, 10)(12, 11)(13, 12)(15, 13)(17, 15)(18, 16)(19, 17)(20, 18)(22, 19)(23, 21)(26, 23)(29, 24)(30, 25)(31, 26)(32, 27)(33, 28)(34, 29)(35, 30)(36, 31)(37, 33)(38, 34)
434cbcdf0562eb6c5ccdef59cf3401ed1067112c.flv,68868f88c7c8f4887bf441ea1f61500dbcd1da5b.flv	(1, 0)(2, 1)(3, 2)(6, 5)(7, 6)(10, 9)(11, 10)(12, 11)(13, 12)(17, 15)(18, 16)(19, 17)(20, 18)(23, 21)(24, 22)(25, 23)(26, 24)(27, 25)(29, 26)(30, 27)(31, 28)(32, 29)(33, 30)(34, 31)(35, 32)(36, 33)(37, 34)(38, 35)
434cbcdf0562eb6c5ccdef59cf3401ed1067112c.flv,7a80366e144e759603a9ebecfd91848196e255d2.flv	(1, 1)(2, 2)(6, 5)(7, 6)(10, 9)(11, 10)(12, 11)(13, 12)(15, 14)(17, 16)(18, 17)(19, 18)(20, 19)(23, 22)(24, 23)(25, 24)(26, 25)(29, 26)(30, 27)(31, 28)(32, 29)(33, 30)(34, 31)(35, 32)(36, 33)(37, 34)(38, 35)
434cbcdf0562eb6c5ccdef59cf3401ed1067112c.flv,7deff9e47e47c98bb341c4355dfff9a82bfba221.flv	(32, 3)
434cbcdf0562eb6c5ccdef59cf3401ed1067112c.flv,7deff9e47e47c98bb341c4355dfff9a82bfba221.flv	(32, 0)(33, 1)(34, 2)
434cbcdf0562eb6c5ccdef59cf3401ed1067112c.flv,7e4fe3c124a00ce43ce0b5b0aca342d79e3c1ed7.flv	(1, 0)(2, 1)(6, 4)(10, 6)(11, 7)(19, 9)(20, 10)(24, 12)(34, 14)(35, 15)(36, 16)(37, 18)(38, 19)
434cbcdf0562eb6c5ccdef59cf3401ed1067112c.flv,aca39f299bade8a43abc80bac36d598239c63906.flv	(1, 5)(2, 6)(3, 7)(5, 9)(6, 10)(7, 11)(8, 12)(9, 13)(10, 14)(11, 15)(12, 16)(17, 20)(18, 21)(19, 22)(20, 23)(21, 24)(22, 25)(24, 27)(25, 28)(29, 31)(30, 32)(31, 33)(32, 34)(33, 35)(34, 36)(35, 37)(36, 38)(37, 39)(38, 40)
434cbcdf0562eb6c5ccdef59cf3401ed1067112c.flv,b22db6382d74710e88eb1cb50bf3f74bec402491.flv	(1, 2)(2, 3)(3, 4)(6, 7)(7, 8)(10, 11)(11, 12)(12, 13)(16, 16)(17, 17)(18, 18)(19, 19)(20, 20)(23, 23)(24, 24)(29, 26)(30, 27)(31, 28)(33, 30)(34, 31)(35, 33)(38, 35)
434cbcdf0562eb6c5ccdef59cf3401ed1067112c.flv,c224dece59ecedc0a54ddafe5b1ab0ecf1f7a729.flv	(9, 0)(10, 1)(11, 2)(12, 3)(12, 4)(13, 5)(14, 6)(15, 7)(17, 9)(18, 10)(19, 11)(20, 12)(21, 13)(22, 14)(22, 15)(23, 16)(24, 17)(25, 18)(26, 19)(27, 20)(29, 21)(30, 22)(31, 23)(32, 24)(33, 25)(34, 26)(35, 27)(36, 28)(37, 30)(38, 31)
434cbcdf0562eb6c5ccdef59cf3401ed1067112c.flv,c70491f4b4d4a8e90561c11ac929edf430e62641.flv	(1, 3)(2, 4)(3, 5)(6, 8)(7, 9)(10, 12)(11, 13)(12, 14)(13, 15)(17, 18)(18, 19)(19, 20)(20, 22)(21, 23)(22, 24)(23, 25)(24, 26)(25, 27)(26, 28)(27, 29)(29, 30)(30, 31)(31, 32)(32, 33)(33, 34)(34, 35)(35, 36)(36, 37)(37, 39)(38, 40)
434cbcdf0562eb6c5ccdef59cf3401ed1067112c.flv,e8e7aaf3d965501ca315099c1d2b4c8fe12cce68.flv	(27, 1)(29, 2)(30, 3)(31, 4)(32, 5)(33, 6)(34, 7)(35, 8)(36, 9)(38, 10)
468410600142c136d707b4cbc3ff0703c112575d.flv,468410600142c136d707b4cbc3ff0703c112575d.flv	(0, 0)(1, 1)(2, 2)(3, 3)
468410600142c136d707b4cbc3ff0703c112575d.flv,4a79c873b671f3452afde9d247250d8c3776e7c6.flv	(0, 0)(1, 1)(2, 2)(3, 3)
468410600142c136d707b4cbc3ff0703c112575d.flv,67f1feff7f624cf0b9ac2ebaf49f547a922b4971.flv	(0, 27)(1, 28)(2, 29)
468410600142c136d707b4cbc3ff0703c112575d.flv,67f1feff7f624cf0b9ac2ebaf49f547a922b4971.flv	(3, 27)
468410600142c136d707b4cbc3ff0703c112575d.flv,68868f88c7c8f4887bf441ea1f61500dbcd1da5b.flv	(0, 29)(1, 30)(2, 31)
468410600142c136d707b4cbc3ff0703c112575d.flv,68868f88c7c8f4887bf441ea1f61500dbcd1da5b.flv	(3, 29)
468410600142c136d707b4cbc3ff0703c112575d.flv,7a80366e144e759603a9ebecfd91848196e255d2.flv	(0, 29)(1, 30)(2, 31)
468410600142c136d707b4cbc3ff0703c112575d.flv,7a80366e144e759603a9ebecfd91848196e255d2.flv	(3, 29)
468410600142c136d707b4cbc3ff0703c112575d.flv,7deff9e47e47c98bb341c4355dfff9a82bfba221.flv	(0, 0)(1, 1)(2, 2)(3, 3)
468410600142c136d707b4cbc3ff0703c112575d.flv,7e4fe3c124a00ce43ce0b5b0aca342d79e3c1ed7.flv	(0, 13)(2, 14)
468410600142c136d707b4cbc3ff0703c112575d.flv,7e4fe3c124a00ce43ce0b5b0aca342d79e3c1ed7.flv	(3, 13)
468410600142c136d707b4cbc3ff0703c112575d.flv,aca39f299bade8a43abc80bac36d598239c63906.flv	(0, 34)(1, 35)(2, 36)
468410600142c136d707b4cbc3ff0703c112575d.flv,aca39f299bade8a43abc80bac36d598239c63906.flv	(3, 34)
468410600142c136d707b4cbc3ff0703c112575d.flv,b22db6382d74710e88eb1cb50bf3f74bec402491.flv	(0, 29)(1, 30)(2, 31)
468410600142c136d707b4cbc3ff0703c112575d.flv,b22db6382d74710e88eb1cb50bf3f74bec402491.flv	(3, 29)
468410600142c136d707b4cbc3ff0703c112575d.flv,c224dece59ecedc0a54ddafe5b1ab0ecf1f7a729.flv	(0, 24)(1, 25)(2, 26)
468410600142c136d707b4cbc3ff0703c112575d.flv,c224dece59ecedc0a54ddafe5b1ab0ecf1f7a729.flv	(3, 24)
468410600142c136d707b4cbc3ff0703c112575d.flv,c70491f4b4d4a8e90561c11ac929edf430e62641.flv	(0, 33)(1, 34)(2, 35)
468410600142c136d707b4cbc3ff0703c112575d.flv,c70491f4b4d4a8e90561c11ac929edf430e62641.flv	(3, 33)
468410600142c136d707b4cbc3ff0703c112575d.flv,e8e7aaf3d965501ca315099c1d2b4c8fe12cce68.flv	(0, 5)(1, 6)(2, 7)
468410600142c136d707b4cbc3ff0703c112575d.flv,e8e7aaf3d965501ca315099c1d2b4c8fe12cce68.flv	(3, 5)
4a79c873b671f3452afde9d247250d8c3776e7c6.flv,4a79c873b671f3452afde9d247250d8c3776e7c6.flv	(0, 0)(1, 1)(2, 2)(3, 3)
4a79c873b671f3452afde9d247250d8c3776e7c6.flv,67f1feff7f624cf0b9ac2ebaf49f547a922b4971.flv	(0, 27)(1, 28)(2, 29)
4a79c873b671f3452afde9d247250d8c3776e7c6.flv,67f1feff7f624cf0b9ac2ebaf49f547a922b4971.flv	(3, 27)
4a79c873b671f3452afde9d247250d8c3776e7c6.flv,68868f88c7c8f4887bf441ea1f61500dbcd1da5b.flv	(0, 29)(1, 30)(2, 31)
4a79c873b671f3452afde9d247250d8c3776e7c6.flv,68868f88c7c8f4887bf441ea1f61500dbcd1da5b.flv	(3, 29)
4a79c873b671f3452afde9d247250d8c3776e7c6.flv,7a80366e144e759603a9ebecfd91848196e255d2.flv	(0, 29)(1, 30)(2, 31)
4a79c873b671f3452afde9d247250d8c3776e7c6.flv,7a80366e144e759603a9ebecfd91848196e255d2.flv	(3, 29)
4a79c873b671f3452afde9d247250d8c3776e7c6.flv,7deff9e47e47c98bb341c4355dfff9a82bfba221.flv	(0, 0)(1, 1)(2, 2)(3, 3)
4a79c873b671f3452afde9d247250d8c3776e7c6.flv,7e4fe3c124a00ce43ce0b5b0aca342d79e3c1ed7.flv	(0, 13)(2, 14)
4a79c873b671f3452afde9d247250d8c3776e7c6.flv,7e4fe3c124a00ce43ce0b5b0aca342d79e3c1ed7.flv	(3, 13)
4a79c873b671f3452afde9d247250d8c3776e7c6.flv,aca39f299bade8a43abc80bac36d598239c63906.flv	(0, 34)(1, 35)(2, 36)
4a79c873b671f3452afde9d247250d8c3776e7c6.flv,aca39f299bade8a43abc80bac36d598239c63906.flv	(3, 34)
4a79c873b671f3452afde9d247250d8c3776e7c6.flv,b22db6382d74710e88eb1cb50bf3f74bec402491.flv	(0, 29)(1, 30)(2, 31)
4a79c873b671f3452afde9d247250d8c3776e7c6.flv,b22db6382d74710e88eb1cb50bf3f74bec402491.flv	(3, 29)
4a79c873b671f3452afde9d247250d8c3776e7c6.flv,c224dece59ecedc0a54ddafe5b1ab0ecf1f7a729.flv	(0, 24)(1, 25)(2, 26)
4a79c873b671f3452afde9d247250d8c3776e7c6.flv,c224dece59ecedc0a54ddafe5b1ab0ecf1f7a729.flv	(3, 24)
4a79c873b671f3452afde9d247250d8c3776e7c6.flv,c70491f4b4d4a8e90561c11ac929edf430e62641.flv	(0, 33)(1, 34)(2, 35)
4a79c873b671f3452afde9d247250d8c3776e7c6.flv,c70491f4b4d4a8e90561c11ac929edf430e62641.flv	(3, 33)
4a79c873b671f3452afde9d247250d8c3776e7c6.flv,e8e7aaf3d965501ca315099c1d2b4c8fe12cce68.flv	(0, 5)(1, 6)(2, 7)
4a79c873b671f3452afde9d247250d8c3776e7c6.flv,e8e7aaf3d965501ca315099c1d2b4c8fe12cce68.flv	(3, 5)
67f1feff7f624cf0b9ac2ebaf49f547a922b4971.flv,67f1feff7f624cf0b9ac2ebaf49f547a922b4971.flv	(0, 0)(1, 1)(2, 2)(3, 3)(4, 4)(5, 5)(6, 6)(7, 7)(8, 8)(9, 9)(10, 10)(11, 11)(12, 12)(13, 13)(14, 14)(15, 15)(16, 16)(17, 17)(18, 18)(19, 19)(20, 20)(21, 21)(22, 22)(23, 23)(24, 24)(25, 25)(26, 26)(27, 27)(28, 28)(29, 29)(30, 30)(31, 31)(32, 32)(33, 33)(34, 34)(35, 35)
67f1feff7f624cf0b9ac2ebaf49f547a922b4971.flv,68868f88c7c8f4887bf441ea1f61500dbcd1da5b.flv	(3, 0)(4, 1)(6, 5)(7, 6)(9, 9)(10, 10)(11, 11)(12, 12)(15, 15)(16, 16)(17, 17)(18, 18)(19, 19)(20, 20)(21, 21)(22, 23)(23, 24)(24, 26)(25, 27)(26, 28)(27, 29)(28, 30)(29, 31)(30, 32)(31, 33)(34, 35)
67f1feff7f624cf0b9ac2ebaf49f547a922b4971.flv,7a80366e144e759603a9ebecfd91848196e255d2.flv	(3, 1)(4, 2)(5, 3)(6, 5)(7, 6)(9, 9)(10, 10)(11, 11)(12, 12)(13, 14)(14, 15)(15, 16)(16, 17)(17, 18)(18, 19)(19, 20)(20, 21)(21, 22)(22, 24)(23, 25)(24, 26)(25, 27)(26, 28)(27, 29)(28, 30)(29, 31)(30, 32)(31, 33)(34, 35)
67f1feff7f624cf0b9ac2ebaf49f547a922b4971.flv,7deff9e47e47c98bb341c4355dfff9a82bfba221.flv	(27, 3)
67f1feff7f624cf0b9ac2ebaf49f547a922b4971.flv,7deff9e47e47c98bb341c4355dfff9a82bfba221.flv	(27, 0)(28, 1)(29, 2)
67f1feff7f624cf0b9ac2ebaf49f547a922b4971.flv,7e4fe3c124a00ce43ce0b5b0aca342d79e3c1ed7.flv	(3, 0)(4, 1)(5, 2)(6, 4)(7, 5)(9, 6)(10, 7)(18, 10)(22, 12)(29, 14)(30, 15)(31, 16)(32, 17)(34, 19)
67f1feff7f624cf0b9ac2ebaf49f547a922b4971.flv,aca39f299bade8a43abc80bac36d598239c63906.flv	(3, 5)(4, 6)(6, 10)(8, 13)(9, 14)(10, 15)(11, 17)(14, 19)(15, 20)(16, 21)(17, 22)(18, 23)(19, 25)(20, 26)(23, 30)(24, 31)(25, 32)(26, 33)(27, 34)(28, 35)(29, 36)(30, 37)(31, 38)(32, 39)(34, 40)
67f1feff7f624cf0b9ac2ebaf49f547a922b4971.flv,b22db6382d74710e88eb1cb50bf3f74bec402491.flv	(3, 2)(4, 3)(6, 7)(7, 8)(9, 11)(10, 12)(14, 16)(15, 17)(19, 22)(22, 25)(24, 26)(26, 28)(28, 30)(29, 31)(30, 33)(32, 34)(34, 35)
67f1feff7f624cf0b9ac2ebaf49f547a922b4971.flv,c224dece59ecedc0a54ddafe5b1ab0ecf1f7a729.flv	(8, 0)(9, 1)(10, 2)(11, 4)(12, 5)(13, 7)(14, 8)(15, 9)(16, 10)(17, 11)(18, 12)(19, 14)(20, 15)(21, 16)(23, 19)(24, 21)(25, 22)(26, 23)(27, 24)(28, 25)(29, 26)(30, 27)(31, 28)(32, 29)(34, 31)
67f1feff7f624cf0b9ac2ebaf49f547a922b4971.flv,c70491f4b4d4a8e90561c11ac929edf430e62641.flv	(3, 3)(4, 4)(6, 8)(7, 9)(9, 12)(10, 13)(11, 14)(12, 15)(15, 18)(16, 19)(17, 20)(18, 22)(19, 24)(22, 27)(23, 28)(24, 30)(25, 31)(26, 32)(27, 33)(28, 34)(29, 35)(30, 36)(31, 37)(32, 38)(34, 40)
67f1feff7f624cf0b9ac2ebaf49f547a922b4971.flv,e8e7aaf3d965501ca315099c1d2b4c8fe12cce68.flv	(22, 0)(23, 1)(24, 2)(25, 3)(26, 4)(27, 5)(28, 6)(29, 7)(30, 8)(31, 9)
68868f88c7c8f4887bf441ea1f61500dbcd1da5b.flv,68868f88c7c8f4887bf441ea1f61500dbcd1da5b.flv	(0, 0)(1, 1)(2, 2)(3, 3)(4, 4)(5, 5)(6, 6)(7, 7)(8, 8)(9, 9)(10, 10)(11, 11)(12, 12)(13, 13)(14, 14)(15, 15)(16, 16)(17, 17)(18, 18)(19, 19)(20, 20)(21, 21)(22, 22)(23, 23)(24, 24)(25, 25)(26, 26)(27, 27)(28, 28)(29, 29)(30, 30)(31, 31)(32, 32)(33, 33)(34, 34)(35, 35)
68868f88c7c8f4887bf441ea1f61500dbcd1da5b.flv,7a80366e144e759603a9ebecfd91848196e255d2.flv	(0, 1)(1, 2)(2, 3)(4, 4)(5, 5)(6, 6)(7, 7)(8, 8)(9, 9)(10, 10)(11, 11)(12, 12)(13, 13)(14, 14)(15, 16)(16, 17)(17, 18)(18, 19)(19, 20)(20, 21)(21, 22)(22, 23)(23, 24)(24, 25)(26, 26)(27, 27)(28, 28)(29, 29)(30, 30)(31, 31)(32, 32)(33, 33)(34, 34)(35, 35)
68868f88c7c8f4887bf441ea1f61500dbcd1da5b.flv,7deff9e47e47c98bb341c4355dfff9a82bfba221.flv	(29, 3)
68868f88c7c8f4887bf441ea1f61500dbcd1da5b.flv,7deff9e47e47c98bb341c4355dfff9a82bfba221.flv	(29, 0)(30, 1)(31, 2)
68868f88c7c8f4887bf441ea1f61500dbcd1da5b.flv,7e4fe3c124a00ce43ce0b5b0aca342d79e3c1ed7.flv	(0, 0)(1, 1)(2, 2)(5, 4)(7, 5)(9, 6)(10, 7)(18, 10)(19, 11)(22, 12)(31, 14)(32, 15)(33, 16)(34, 18)(35, 19)
68868f88c7c8f4887bf441ea1f61500dbcd1da5b.flv,aca39f299bade8a43abc80bac36d598239c63906.flv	(0, 5)(1, 6)(2, 7)(3, 8)(4, 9)(5, 10)(6, 11)(7, 12)(8, 13)(9, 14)(10, 15)(11, 17)(13, 18)(14, 19)(15, 20)(16, 21)(17, 22)(18, 23)(19, 25)(20, 26)(22, 27)(23, 28)(23, 29)(24, 30)(26, 31)(27, 32)(28, 33)(29, 34)(30, 35)(31, 36)(32, 37)(33, 38)(34, 39)(35, 40)
68868f88c7c8f4887bf441ea1f61500dbcd1da5b.flv,b22db6382d74710e88eb1cb50bf3f74bec402491.flv	(0, 2)(1, 3)(2, 4)(3, 5)(5, 7)(6, 8)(8, 10)(9, 11)(10, 12)(13, 15)(14, 16)(15, 17)(17, 19)(18, 20)(19, 22)(21, 23)(22, 24)(23, 25)(26, 26)(28, 28)(30, 30)(31, 31)(32, 33)(33, 34)(35, 35)
68868f88c7c8f4887bf441ea1f61500dbcd1da5b.flv,c224dece59ecedc0a54ddafe5b1ab0ecf1f7a729.flv	(8, 0)(9, 1)(10, 2)(11, 4)(12, 5)(13, 7)(14, 8)(15, 9)(16, 10)(17, 11)(18, 12)(19, 13)(19, 14)(20, 15)(21, 16)(22, 17)(23, 18)(24, 19)(25, 20)(26, 21)(27, 22)(28, 23)(29, 24)(30, 25)(31, 26)(32, 27)(33, 28)(34, 30)(35, 31)
68868f88c7c8f4887bf441ea1f61500dbcd1da5b.flv,c70491f4b4d4a8e90561c11ac929edf430e62641.flv	(0, 3)(1, 4)(2, 5)(3, 6)(5, 8)(6, 9)(7, 10)(8, 11)(9, 12)(10, 13)(11, 14)(12, 15)(13, 16)(14, 17)(15, 18)(16, 19)(17, 20)(18, 22)(19, 24)(21, 25)(22, 26)(23, 27)(24, 28)(25, 29)(26, 30)(27, 31)(28, 32)(29, 33)(30, 34)(31, 35)(32, 36)(33, 37)(34, 39)(35, 40)
68868f88c7c8f4887bf441ea1f61500dbcd1da5b.flv,e8e7aaf3d965501ca315099c1d2b4c8fe12cce68.flv	(23, 0)(24, 1)(25, 1)(26, 2)(27, 3)(28, 4)(29, 5)(30, 6)(31, 7)(32, 8)(33, 9)(35, 10)
7a80366e144e759603a9ebecfd91848196e255d2.flv,7a80366e144e759603a9ebecfd91848196e255d2.flv	(1, 1)(2, 2)(3, 3)(4, 4)(5, 5)(6, 6)(7, 7)(8, 8)(9, 9)(10, 10)(11, 11)(12, 12)(13, 13)(14, 14)(15, 15)(16, 16)(17, 17)(18, 18)(19, 19)(20, 20)(21, 21)(22, 22)(23, 23)(24, 24)(25, 25)(26, 26)(27, 27)(28, 28)(29, 29)(30, 30)(31, 31)(32, 32)(33, 33)(34, 34)(35, 35)
7a80366e144e759603a9ebecfd91848196e255d2.flv,7deff9e47e47c98bb341c4355dfff9a82bfba221.flv	(29, 3)
7a80366e144e759603a9ebecfd91848196e255d2.flv,7deff9e47e47c98bb341c4355dfff9a82bfba221.flv	(29, 0)(30, 1)(31, 2)
7a80366e144e759603a9ebecfd91848196e255d2.flv,7e4fe3c124a00ce43ce0b5b0aca342d79e3c1ed7.flv	(1, 0)(2, 1)(3, 2)(5, 4)(7, 5)(9, 6)(10, 7)(19, 10)(20, 11)(23, 12)(31, 14)(32, 15)(33, 16)(34, 18)(35, 19)
7a80366e144e759603a9ebecfd91848196e255d2.flv,aca39f299bade8a43abc80bac36d598239c63906.flv	(1, 5)(2, 6)(3, 8)(4, 9)(5, 10)(6, 11)(7, 12)(8, 13)(9, 14)(10, 15)(11, 17)(13, 18)(15, 19)(16, 20)(17, 21)(18, 22)(19, 23)(20, 25)(21, 26)(23, 27)(24, 28)(24, 29)(25, 30)(26, 31)(27, 32)(28, 33)(29, 34)(30, 35)(31, 36)(32, 37)(33, 38)(34, 39)(35, 40)
7a80366e144e759603a9ebecfd91848196e255d2.flv,b22db6382d74710e88eb1cb50bf3f74bec402491.flv	(1, 2)(2, 3)(5, 7)(6, 8)(8, 10)(9, 11)(10, 12)(13, 15)(15, 16)(16, 17)(18, 19)(19, 20)(20, 22)(22, 23)(23, 24)(24, 25)(26, 26)(28, 28)(30, 30)(31, 31)(32, 33)(33, 34)(35, 35)
7a80366e144e759603a9ebecfd91848196e255d2.flv,c224dece59ecedc0a54ddafe5b1ab0ecf1f7a729.flv	(8, 0)(9, 1)(10, 2)(11, 4)(12, 5)(13, 7)(14, 8)(15, 8)(16, 9)(17, 10)(18, 11)(19, 12)(20, 13)(20, 14)(21, 15)(22, 16)(23, 17)(24, 18)(25, 19)(26, 21)(27, 22)(28, 23)(29, 24)(30, 25)(31, 26)(32, 27)(33, 28)(34, 30)(35, 31)
7a80366e144e759603a9ebecfd91848196e255d2.flv,c70491f4b4d4a8e90561c11ac929edf430e62641.flv	(1, 3)(2, 4)(3, 5)(5, 8)(6, 9)(7, 10)(8, 11)(9, 12)(10, 13)(11, 14)(12, 15)(13, 16)(14, 17)(16, 18)(17, 19)(18, 20)(19, 22)(20, 24)(22, 25)(23, 26)(24, 27)(25, 28)(26, 30)(27, 31)(28, 32)(29, 33)(30, 34)(31, 35)(32, 36)(33, 37)(34, 39)(35, 40)
7a80366e144e759603a9ebecfd91848196e255d2.flv,e8e7aaf3d965501ca315099c1d2b4c8fe12cce68.flv	(24, 0)(25, 1)(26, 2)(27, 3)(28, 4)(29, 5)(30, 6)(31, 7)(32, 8)(33, 9)(35, 10)
7deff9e47e47c98bb341c4355dfff9a82bfba221.flv,7deff9e47e47c98bb341c4355dfff9a82bfba221.flv	(0, 0)(1, 1)(2, 2)(3, 3)(4, 4)(5, 5)(6, 6)(7, 7)(8, 8)(9, 9)(10, 10)(11, 11)(12, 12)(13, 13)(14, 14)(15, 15)(16, 16)(17, 17)(18, 18)(19, 19)(20, 20)(21, 21)(22, 22)(23, 23)(24, 24)(25, 25)(26, 26)(27, 27)(28, 28)(29, 29)(30, 30)(31, 31)(32, 32)(33, 33)(34, 34)(35, 35)(36, 36)(37, 37)(38, 38)(39, 39)(40, 40)(41, 41)(42, 42)(43, 43)(44, 44)(45, 45)(46, 46)(47, 47)(48, 48)(49, 49)(50, 50)(51, 51)(52, 52)(53, 53)(54, 54)(55, 55)(56, 56)(57, 57)(58, 58)(59, 59)
7deff9e47e47c98bb341c4355dfff9a82bfba221.flv,7e4fe3c124a00ce43ce0b5b0aca342d79e3c1ed7.flv	(0, 13)(2, 14)
7deff9e47e47c98bb341c4355dfff9a82bfba221.flv,7e4fe3c124a00ce43ce0b5b0aca342d79e3c1ed7.flv	(3, 13)
7deff9e47e47c98bb341c4355dfff9a82bfba221.flv,aca39f299bade8a43abc80bac36d598239c63906.flv	(0, 34)(1, 35)(2, 36)
7deff9e47e47c98bb341c4355dfff9a82bfba221.flv,aca39f299bade8a43abc80bac36d598239c63906.flv	(3, 34)
7deff9e47e47c98bb341c4355dfff9a82bfba221.flv,b22db6382d74710e88eb1cb50bf3f74bec402491.flv	(0, 29)(1, 30)(2, 31)
7deff9e47e47c98bb341c4355dfff9a82bfba221.flv,b22db6382d74710e88eb1cb50bf3f74bec402491.flv	(3, 29)
7deff9e47e47c98bb341c4355dfff9a82bfba221.flv,c224dece59ecedc0a54ddafe5b1ab0ecf1f7a729.flv	(0, 24)(1, 25)(2, 26)
7deff9e47e47c98bb341c4355dfff9a82bfba221.flv,c224dece59ecedc0a54ddafe5b1ab0ecf1f7a729.flv	(3, 24)
7deff9e47e47c98bb341c4355dfff9a82bfba221.flv,c70491f4b4d4a8e90561c11ac929edf430e62641.flv	(0, 33)(1, 34)(2, 35)
7deff9e47e47c98bb341c4355dfff9a82bfba221.flv,c70491f4b4d4a8e90561c11ac929edf430e62641.flv	(3, 33)
7deff9e47e47c98bb341c4355dfff9a82bfba221.flv,e8e7aaf3d965501ca315099c1d2b4c8fe12cce68.flv	(0, 5)(1, 6)(2, 7)
7deff9e47e47c98bb341c4355dfff9a82bfba221.flv,e8e7aaf3d965501ca315099c1d2b4c8fe12cce68.flv	(3, 5)
7e4fe3c124a00ce43ce0b5b0aca342d79e3c1ed7.flv,7e4fe3c124a00ce43ce0b5b0aca342d79e3c1ed7.flv	(0, 0)(1, 1)(2, 2)(3, 3)(4, 4)(5, 5)(6, 6)(7, 7)(8, 8)(9, 9)(10, 10)(11, 11)(12, 12)(13, 13)(14, 14)(15, 15)(16, 16)(17, 17)(18, 18)(19, 19)
7e4fe3c124a00ce43ce0b5b0aca342d79e3c1ed7.flv,aca39f299bade8a43abc80bac36d598239c63906.flv	(0, 5)(1, 6)(2, 8)(3, 9)(4, 10)(5, 12)(7, 15)(10, 23)(11, 26)(12, 27)(14, 36)(15, 37)(16, 38)(18, 39)(19, 40)
7e4fe3c124a00ce43ce0b5b0aca342d79e3c1ed7.flv,b22db6382d74710e88eb1cb50bf3f74bec402491.flv	(0, 2)(1, 3)(3, 6)(4, 7)(5, 8)(6, 11)(7, 12)(10, 20)(12, 24)(14, 31)(15, 33)(19, 35)
7e4fe3c124a00ce43ce0b5b0aca342d79e3c1ed7.flv,c224dece59ecedc0a54ddafe5b1ab0ecf1f7a729.flv	(6, 1)(7, 2)(9, 11)(10, 12)(12, 17)(14, 26)(15, 27)(16, 28)(17, 29)(18, 30)(19, 31)
7e4fe3c124a00ce43ce0b5b0aca342d79e3c1ed7.flv,c70491f4b4d4a8e90561c11ac929edf430e62641.flv	(0, 3)(1, 4)(2, 5)(3, 7)(4, 8)(5, 10)(6, 12)(7, 13)(10, 22)(12, 26)(14, 35)(15, 36)(16, 37)(17, 38)(18, 39)(19, 40)
7e4fe3c124a00ce43ce0b5b0aca342d79e3c1ed7.flv,e8e7aaf3d965501ca315099c1d2b4c8fe12cce68.flv	(12, 0)(14, 7)(15, 8)(16, 9)(19, 10)
aca39f299bade8a43abc80bac36d598239c63906.flv,aca39f299bade8a43abc80bac36d598239c63906.flv	(5, 5)(6, 6)(7, 7)(8, 8)(9, 9)(10, 10)(11, 11)(12, 12)(13, 13)(14, 14)(15, 15)(16, 16)(17, 17)(18, 18)(19, 19)(20, 20)(21, 21)(22, 22)(23, 23)(24, 24)(25, 25)(26, 26)(27, 27)(28, 28)(29, 29)(30, 30)(31, 31)(32, 32)(33, 33)(34, 34)(35, 35)(36, 36)(37, 37)(38, 38)(39, 39)(40, 40)
aca39f299bade8a43abc80bac36d598239c63906.flv,b22db6382d74710e88eb1cb50bf3f74bec402491.flv	(5, 2)(6, 3)(7, 4)(8, 5)(9, 6)(10, 7)(13, 10)(14, 11)(15, 12)(16, 13)(18, 15)(19, 16)(20, 17)(22, 19)(23, 20)(25, 22)(26, 23)(27, 24)(29, 25)(31, 26)(32, 27)(33, 28)(34, 29)(35, 30)(36, 31)(37, 33)(40, 35)
aca39f299bade8a43abc80bac36d598239c63906.flv,c224dece59ecedc0a54ddafe5b1ab0ecf1f7a729.flv	(13, 0)(14, 1)(15, 2)(16, 3)(17, 4)(18, 6)(19, 8)(20, 9)(21, 10)(22, 11)(23, 12)(24, 13)(25, 14)(26, 15)(27, 17)(28, 18)(29, 19)(30, 20)(31, 21)(32, 22)(33, 23)(34, 24)(35, 25)(36, 26)(37, 27)(38, 28)(39, 30)(40, 31)
aca39f299bade8a43abc80bac36d598239c63906.flv,c70491f4b4d4a8e90561c11ac929edf430e62641.flv	(5, 3)(6, 4)(7, 5)(8, 6)(9, 7)(10, 8)(11, 9)(12, 10)(13, 11)(14, 12)(15, 13)(17, 14)(18, 16)(19, 17)(20, 18)(21, 19)(22, 20)(23, 22)(24, 23)(25, 24)(26, 25)(27, 26)(28, 27)(29, 27)(30, 28)(31, 30)(32, 31)(33, 32)(34, 33)(35, 34)(36, 35)(37, 36)(38, 37)(39, 39)(40, 40)
aca39f299bade8a43abc80bac36d598239c63906.flv,e8e7aaf3d965501ca315099c1d2b4c8fe12cce68.flv	(30, 1)(31, 2)(33, 4)(35, 6)(36, 7)(38, 9)(40, 10)
b22db6382d74710e88eb1cb50bf3f74bec402491.flv,b22db6382d74710e88eb1cb50bf3f74bec402491.flv	(0, 0)(1, 1)(2, 2)(3, 3)(4, 4)(5, 5)(6, 6)(7, 7)(8, 8)(9, 9)(10, 10)(11, 11)(12, 12)(13, 13)(14, 14)(15, 15)(16, 16)(17, 17)(18, 18)(19, 19)(20, 20)(21, 21)(22, 22)(23, 23)(24, 24)(25, 25)(26, 26)(27, 27)(28, 28)(29, 29)(30, 30)(31, 31)(32, 32)(33, 33)(34, 34)(35, 35)
b22db6382d74710e88eb1cb50bf3f74bec402491.flv,c224dece59ecedc0a54ddafe5b1ab0ecf1f7a729.flv	(10, 0)(11, 1)(12, 2)(13, 3)(14, 5)(16, 8)(17, 9)(18, 10)(19, 11)(20, 12)(22, 14)(23, 16)(24, 17)(26, 21)(27, 22)(28, 23)(29, 24)(30, 25)(31, 26)(33, 27)(35, 31)
b22db6382d74710e88eb1cb50bf3f74bec402491.flv,c70491f4b4d4a8e90561c11ac929edf430e62641.flv	(29, 33)(30, 34)(31, 35)
b22db6382d74710e88eb1cb50bf3f74bec402491.flv,e8e7aaf3d965501ca315099c1d2b4c8fe12cce68.flv	(24, 0)(26, 2)(28, 4)(31, 7)(33, 8)(34, 9)(35, 10)
c224dece59ecedc0a54ddafe5b1ab0ecf1f7a729.flv,c224dece59ecedc0a54ddafe5b1ab0ecf1f7a729.flv	(0, 0)(1, 1)(2, 2)(3, 3)(4, 4)(5, 5)(6, 6)(7, 7)(8, 8)(9, 9)(10, 10)(11, 11)(12, 12)(13, 13)(14, 14)(15, 15)(16, 16)(17, 17)(18, 18)(19, 19)(20, 20)(21, 21)(22, 22)(23, 23)(24, 24)(25, 25)(26, 26)(27, 27)(28, 28)(29, 29)(30, 30)(31, 31)
c224dece59ecedc0a54ddafe5b1ab0ecf1f7a729.flv,c70491f4b4d4a8e90561c11ac929edf430e62641.flv	(0, 11)(1, 12)(2, 13)(4, 14)(5, 15)(7, 16)(8, 17)(9, 18)(10, 19)(11, 20)(12, 22)(13, 23)(14, 24)(15, 25)(16, 25)(17, 26)(18, 27)(19, 28)(20, 29)(21, 30)(22, 31)(23, 32)(24, 33)(25, 34)(26, 35)(27, 36)(28, 37)(29, 38)(30, 39)(31, 40)
c224dece59ecedc0a54ddafe5b1ab0ecf1f7a729.flv,e8e7aaf3d965501ca315099c1d2b4c8fe12cce68.flv	(20, 1)(21, 2)(23, 4)(24, 5)(25, 6)(26, 7)(28, 9)(31, 10)
c70491f4b4d4a8e90561c11ac929edf430e62641.flv,c70491f4b4d4a8e90561c11ac929edf430e62641.flv	(0, 0)(1, 1)(2, 2)(3, 3)(4, 4)(5, 5)(6, 6)(7, 7)(8, 8)(9, 9)(10, 10)(11, 11)(12, 12)(13, 13)(14, 14)(15, 15)(16, 16)(17, 17)(18, 18)(19, 19)(20, 20)(21, 21)(22, 22)(23, 23)(24, 24)(25, 25)(26, 26)(27, 27)(28, 28)(29, 29)(30, 30)(31, 31)(32, 32)(33, 33)(34, 34)(35, 35)(36, 36)(37, 37)(38, 38)(39, 39)(40, 40)
c70491f4b4d4a8e90561c11ac929edf430e62641.flv,e8e7aaf3d965501ca315099c1d2b4c8fe12cce68.flv	(27, 0)(29, 1)(30, 2)(31, 3)(32, 4)(33, 5)(34, 6)(35, 7)(37, 9)(40, 10)
e8e7aaf3d965501ca315099c1d2b4c8fe12cce68.flv,e8e7aaf3d965501ca315099c1d2b4c8fe12cce68.flv	(0, 0)(1, 1)(2, 2)(3, 3)(4, 4)(5, 5)(6, 6)(7, 7)(8, 8)(9, 9)(10, 10)
