0df916fdd13b8579ba1d12190b931f14daeb72eb.flv,0df916fdd13b8579ba1d12190b931f14daeb72eb.flv	(0, 0)(1, 1)(2, 2)(3, 3)(4, 4)(5, 5)(6, 6)(7, 7)(8, 8)(9, 9)(10, 10)(11, 11)(12, 12)(13, 13)(14, 14)(15, 15)
0df916fdd13b8579ba1d12190b931f14daeb72eb.flv,1f518e563d7fcdc4f21aedc1e2b30298255dd10c.flv	(0, 0)(1, 1)(2, 2)(3, 4)(4, 5)(5, 6)(6, 8)(7, 9)(8, 12)(9, 13)(10, 14)(11, 15)(12, 16)(13, 18)(14, 19)
0df916fdd13b8579ba1d12190b931f14daeb72eb.flv,2283dfecf92111bfb035888b4810c011ac164876.flv	(0, 14)(7, 19)(8, 20)(9, 21)(11, 22)(12, 23)
0df916fdd13b8579ba1d12190b931f14daeb72eb.flv,2283dfecf92111bfb035888b4810c011ac164876.flv	
0df916fdd13b8579ba1d12190b931f14daeb72eb.flv,6a2f5ceaa65dd1187ff57ff1c1fccee9da91985b.flv	(0, 0)(1, 0)(2, 1)(3, 2)(4, 3)(6, 4)
0df916fdd13b8579ba1d12190b931f14daeb72eb.flv,80fd5c866390b8caf4129486e0f11beeca47d952.flv	(0, 0)(1, 1)(2, 2)(3, 3)(4, 4)(5, 5)(6, 6)(8, 10)(10, 12)(11, 13)(12, 14)(13, 16)(14, 17)
0df916fdd13b8579ba1d12190b931f14daeb72eb.flv,8a268ef5ad1f250fca37321ba2e9c9224b084dba.flv	(0, 0)(2, 1)(3, 2)(4, 3)(6, 4)(8, 6)(10, 7)(11, 8)(12, 9)(13, 11)(14, 12)
0df916fdd13b8579ba1d12190b931f14daeb72eb.flv,925a69d13824e3521d6eccbe8c6d7ff0c54486fe.flv	(0, 0)(2, 2)(3, 3)(4, 4)(6, 7)(7, 8)(13, 11)(14, 12)(15, 13)
0df916fdd13b8579ba1d12190b931f14daeb72eb.flv,a8253d279cbeb3a29bd346b63083c054eab1407a.flv	(0, 1)(2, 2)(3, 3)(4, 4)(6, 5)(13, 8)(14, 9)(15, 10)
0df916fdd13b8579ba1d12190b931f14daeb72eb.flv,acdf1a72b8cf37ee2609cdc03ff70747f36e0476.flv	(0, 0)(1, 1)(2, 2)(3, 3)(4, 4)(5, 5)(6, 6)(7, 7)(8, 8)(10, 10)(13, 13)(14, 14)(15, 15)
0df916fdd13b8579ba1d12190b931f14daeb72eb.flv,e05b9149d1a03f651df63b63657e7de1e106e061.flv	(0, 1)(2, 2)(3, 3)(4, 4)(6, 5)(13, 8)(14, 9)(15, 10)
0df916fdd13b8579ba1d12190b931f14daeb72eb.flv,e2cae9c5ef92cbb53d823cfeb4d75c294baed21c.flv	(0, 0)(1, 0)(2, 1)(3, 2)(4, 3)(6, 4)
1f518e563d7fcdc4f21aedc1e2b30298255dd10c.flv,1f518e563d7fcdc4f21aedc1e2b30298255dd10c.flv	(0, 0)(1, 1)(2, 2)(3, 3)(4, 4)(5, 5)(6, 6)(7, 7)(8, 8)(9, 9)(10, 10)(11, 11)(12, 12)(13, 13)(14, 14)(15, 15)(16, 16)(17, 17)(18, 18)(19, 19)
1f518e563d7fcdc4f21aedc1e2b30298255dd10c.flv,2283dfecf92111bfb035888b4810c011ac164876.flv	(0, 14)(2, 15)(7, 18)(11, 20)(13, 21)(15, 22)(16, 23)(19, 24)
1f518e563d7fcdc4f21aedc1e2b30298255dd10c.flv,2283dfecf92111bfb035888b4810c011ac164876.flv	
1f518e563d7fcdc4f21aedc1e2b30298255dd10c.flv,6a2f5ceaa65dd1187ff57ff1c1fccee9da91985b.flv	(0, 0)(1, 0)(2, 1)(4, 2)(5, 3)(8, 4)(9, 6)(11, 7)(12, 8)
1f518e563d7fcdc4f21aedc1e2b30298255dd10c.flv,80fd5c866390b8caf4129486e0f11beeca47d952.flv	(0, 0)(1, 1)(2, 2)(4, 3)(5, 4)(6, 5)(8, 6)(9, 8)(10, 9)(11, 10)(12, 11)(14, 12)(15, 13)(16, 14)(17, 15)(18, 16)(19, 17)
1f518e563d7fcdc4f21aedc1e2b30298255dd10c.flv,8a268ef5ad1f250fca37321ba2e9c9224b084dba.flv	(0, 0)(2, 1)(4, 2)(5, 3)(9, 5)(14, 7)(15, 8)(16, 9)(17, 10)(18, 11)(19, 12)
1f518e563d7fcdc4f21aedc1e2b30298255dd10c.flv,925a69d13824e3521d6eccbe8c6d7ff0c54486fe.flv	(0, 0)(2, 2)(4, 3)(5, 4)(7, 6)(8, 7)(9, 8)(18, 11)(19, 12)
1f518e563d7fcdc4f21aedc1e2b30298255dd10c.flv,a8253d279cbeb3a29bd346b63083c054eab1407a.flv	(0, 1)(2, 2)(4, 3)(5, 4)(18, 8)(19, 9)
1f518e563d7fcdc4f21aedc1e2b30298255dd10c.flv,acdf1a72b8cf37ee2609cdc03ff70747f36e0476.flv	(0, 0)(1, 1)(2, 2)(4, 3)(5, 4)(6, 5)(8, 6)(9, 7)(11, 8)(12, 9)(14, 10)(18, 13)(19, 14)
1f518e563d7fcdc4f21aedc1e2b30298255dd10c.flv,e05b9149d1a03f651df63b63657e7de1e106e061.flv	(0, 1)(2, 2)(4, 3)(5, 4)(18, 8)(19, 9)
1f518e563d7fcdc4f21aedc1e2b30298255dd10c.flv,e2cae9c5ef92cbb53d823cfeb4d75c294baed21c.flv	(0, 0)(1, 0)(2, 1)(4, 2)(5, 3)(8, 4)(9, 6)(11, 7)(12, 8)
2283dfecf92111bfb035888b4810c011ac164876.flv,2283dfecf92111bfb035888b4810c011ac164876.flv	(0, 0)(1, 1)(2, 2)(3, 3)(4, 4)(5, 5)(6, 6)(7, 7)(8, 8)(9, 9)(10, 10)(11, 11)(12, 12)(13, 13)(14, 14)(15, 15)(16, 16)(17, 17)(18, 18)(19, 19)(20, 20)(21, 21)(22, 22)(23, 23)(24, 24)(25, 25)(26, 26)(27, 27)(28, 28)(29, 29)(30, 30)(31, 31)
2283dfecf92111bfb035888b4810c011ac164876.flv,60424fb57dae4de20a1672b9019d54dea5179073.flv	(3, 1)(5, 2)(10, 6)(11, 7)(12, 9)
2283dfecf92111bfb035888b4810c011ac164876.flv,60424fb57dae4de20a1672b9019d54dea5179073.flv	
2283dfecf92111bfb035888b4810c011ac164876.flv,6a2f5ceaa65dd1187ff57ff1c1fccee9da91985b.flv	(14, 0)(15, 1)(17, 4)(19, 8)
2283dfecf92111bfb035888b4810c011ac164876.flv,6a2f5ceaa65dd1187ff57ff1c1fccee9da91985b.flv	
2283dfecf92111bfb035888b4810c011ac164876.flv,71ba3405d1e896d04c89754ff618b4198d2e65d5.flv	(3, 0)(12, 2)
2283dfecf92111bfb035888b4810c011ac164876.flv,71ba3405d1e896d04c89754ff618b4198d2e65d5.flv	(29, 1)
2283dfecf92111bfb035888b4810c011ac164876.flv,77452e0b0c34723b656047c3cbd5d9bf2e11eaaf.flv	(11, 3)
2283dfecf92111bfb035888b4810c011ac164876.flv,77452e0b0c34723b656047c3cbd5d9bf2e11eaaf.flv	(29, 2)
2283dfecf92111bfb035888b4810c011ac164876.flv,80fd5c866390b8caf4129486e0f11beeca47d952.flv	(14, 0)(15, 2)(20, 10)(21, 12)(22, 13)(23, 14)(24, 17)
2283dfecf92111bfb035888b4810c011ac164876.flv,80fd5c866390b8caf4129486e0f11beeca47d952.flv	
2283dfecf92111bfb035888b4810c011ac164876.flv,8a268ef5ad1f250fca37321ba2e9c9224b084dba.flv	(14, 0)(19, 5)(20, 6)(22, 8)(23, 9)(24, 12)
2283dfecf92111bfb035888b4810c011ac164876.flv,8a268ef5ad1f250fca37321ba2e9c9224b084dba.flv	
2283dfecf92111bfb035888b4810c011ac164876.flv,8b99b013165faa0c1cb36794f0d20d38a621f496.flv	(3, 0)(4, 1)(7, 7)(8, 9)(10, 12)(11, 13)(12, 15)(13, 17)
2283dfecf92111bfb035888b4810c011ac164876.flv,8b99b013165faa0c1cb36794f0d20d38a621f496.flv	(3, 3)(5, 4)(17, 6)(19, 7)(20, 8)(28, 11)
2283dfecf92111bfb035888b4810c011ac164876.flv,925a69d13824e3521d6eccbe8c6d7ff0c54486fe.flv	(14, 0)(15, 1)(16, 2)(18, 6)(19, 8)(23, 10)
2283dfecf92111bfb035888b4810c011ac164876.flv,925a69d13824e3521d6eccbe8c6d7ff0c54486fe.flv	
2283dfecf92111bfb035888b4810c011ac164876.flv,a8253d279cbeb3a29bd346b63083c054eab1407a.flv	(14, 1)(15, 2)(19, 5)(23, 7)
2283dfecf92111bfb035888b4810c011ac164876.flv,a8253d279cbeb3a29bd346b63083c054eab1407a.flv	
2283dfecf92111bfb035888b4810c011ac164876.flv,acdf1a72b8cf37ee2609cdc03ff70747f36e0476.flv	(14, 0)(19, 7)(20, 8)(21, 10)(22, 11)(23, 12)
2283dfecf92111bfb035888b4810c011ac164876.flv,acdf1a72b8cf37ee2609cdc03ff70747f36e0476.flv	
2283dfecf92111bfb035888b4810c011ac164876.flv,b1d0d41066ffb0afa9e3a3375199824f35a80c4d.flv	(12, 2)
2283dfecf92111bfb035888b4810c011ac164876.flv,b1d0d41066ffb0afa9e3a3375199824f35a80c4d.flv	(29, 0)(30, 2)
2283dfecf92111bfb035888b4810c011ac164876.flv,e05b9149d1a03f651df63b63657e7de1e106e061.flv	(14, 1)(15, 2)(19, 5)(23, 7)
2283dfecf92111bfb035888b4810c011ac164876.flv,e05b9149d1a03f651df63b63657e7de1e106e061.flv	
2283dfecf92111bfb035888b4810c011ac164876.flv,e2cae9c5ef92cbb53d823cfeb4d75c294baed21c.flv	(14, 0)(15, 1)(20, 7)(21, 8)
2283dfecf92111bfb035888b4810c011ac164876.flv,e2cae9c5ef92cbb53d823cfeb4d75c294baed21c.flv	
2283dfecf92111bfb035888b4810c011ac164876.flv,f6e296bfd930f585e165246530efa97bc035330f.flv	(3, 20)(4, 21)(5, 23)(6, 24)(8, 25)(9, 26)(10, 27)(11, 28)(12, 29)
2283dfecf92111bfb035888b4810c011ac164876.flv,f6e296bfd930f585e165246530efa97bc035330f.flv	(5, 38)(7, 40)(10, 44)
2283dfecf92111bfb035888b4810c011ac164876.flv,f6e296bfd930f585e165246530efa97bc035330f.flv	(5, 57)(6, 58)(7, 59)(8, 60)(9, 61)(10, 62)(11, 63)(12, 64)
2283dfecf92111bfb035888b4810c011ac164876.flv,f6e296bfd930f585e165246530efa97bc035330f.flv	(6, 46)(9, 48)
2283dfecf92111bfb035888b4810c011ac164876.flv,f6e296bfd930f585e165246530efa97bc035330f.flv	(6, 49)(7, 51)(8, 52)(9, 55)
2283dfecf92111bfb035888b4810c011ac164876.flv,f6e296bfd930f585e165246530efa97bc035330f.flv	
2283dfecf92111bfb035888b4810c011ac164876.flv,f6e296bfd930f585e165246530efa97bc035330f.flv	
2283dfecf92111bfb035888b4810c011ac164876.flv,f6e296bfd930f585e165246530efa97bc035330f.flv	
2283dfecf92111bfb035888b4810c011ac164876.flv,f6e296bfd930f585e165246530efa97bc035330f.flv	(29, 47)
2283dfecf92111bfb035888b4810c011ac164876.flv,f6e296bfd930f585e165246530efa97bc035330f.flv	
60424fb57dae4de20a1672b9019d54dea5179073.flv,60424fb57dae4de20a1672b9019d54dea5179073.flv	(0, 0)(1, 1)(2, 2)(3, 3)(4, 4)(5, 5)(6, 6)(7, 7)(8, 8)(9, 9)(10, 10)(11, 11)(12, 12)(13, 13)(14, 14)(15, 15)(16, 16)
60424fb57dae4de20a1672b9019d54dea5179073.flv,71ba3405d1e896d04c89754ff618b4198d2e65d5.flv	(1, 0)(12, 3)(13, 4)(16, 5)
60424fb57dae4de20a1672b9019d54dea5179073.flv,77452e0b0c34723b656047c3cbd5d9bf2e11eaaf.flv	(1, 1)(2, 2)
60424fb57dae4de20a1672b9019d54dea5179073.flv,8b99b013165faa0c1cb36794f0d20d38a621f496.flv	(1, 0)(4, 11)(5, 12)(7, 13)(9, 15)(12, 17)(13, 18)(14, 19)(15, 20)(16, 21)
60424fb57dae4de20a1672b9019d54dea5179073.flv,b1d0d41066ffb0afa9e3a3375199824f35a80c4d.flv	(12, 2)
60424fb57dae4de20a1672b9019d54dea5179073.flv,f6e296bfd930f585e165246530efa97bc035330f.flv	(12, 29)(15, 30)(16, 31)
60424fb57dae4de20a1672b9019d54dea5179073.flv,f6e296bfd930f585e165246530efa97bc035330f.flv	(2, 38)(3, 40)(4, 42)(5, 43)(6, 44)(7, 45)
60424fb57dae4de20a1672b9019d54dea5179073.flv,f6e296bfd930f585e165246530efa97bc035330f.flv	(2, 57)(7, 63)(9, 64)
60424fb57dae4de20a1672b9019d54dea5179073.flv,f6e296bfd930f585e165246530efa97bc035330f.flv	(3, 47)
60424fb57dae4de20a1672b9019d54dea5179073.flv,f6e296bfd930f585e165246530efa97bc035330f.flv	(5, 55)
6a2f5ceaa65dd1187ff57ff1c1fccee9da91985b.flv,6a2f5ceaa65dd1187ff57ff1c1fccee9da91985b.flv	(0, 0)(1, 1)(2, 2)(3, 3)(4, 4)(5, 5)(6, 6)(7, 7)(8, 8)
6a2f5ceaa65dd1187ff57ff1c1fccee9da91985b.flv,80fd5c866390b8caf4129486e0f11beeca47d952.flv	(0, 0)(0, 1)(1, 2)(2, 3)(3, 4)(4, 6)(5, 7)(6, 8)(7, 10)
6a2f5ceaa65dd1187ff57ff1c1fccee9da91985b.flv,8a268ef5ad1f250fca37321ba2e9c9224b084dba.flv	(0, 0)(1, 1)(2, 2)(3, 3)(4, 4)(8, 6)
6a2f5ceaa65dd1187ff57ff1c1fccee9da91985b.flv,925a69d13824e3521d6eccbe8c6d7ff0c54486fe.flv	(0, 0)(1, 2)(2, 3)(3, 4)(4, 7)(8, 9)
6a2f5ceaa65dd1187ff57ff1c1fccee9da91985b.flv,a8253d279cbeb3a29bd346b63083c054eab1407a.flv	(0, 1)(1, 2)(2, 3)(3, 4)(4, 5)(8, 6)
6a2f5ceaa65dd1187ff57ff1c1fccee9da91985b.flv,acdf1a72b8cf37ee2609cdc03ff70747f36e0476.flv	(0, 0)(0, 1)(1, 2)(2, 3)(3, 4)(4, 6)(7, 8)
6a2f5ceaa65dd1187ff57ff1c1fccee9da91985b.flv,e05b9149d1a03f651df63b63657e7de1e106e061.flv	(0, 1)(1, 2)(2, 3)(3, 4)(4, 5)(8, 6)
6a2f5ceaa65dd1187ff57ff1c1fccee9da91985b.flv,e2cae9c5ef92cbb53d823cfeb4d75c294baed21c.flv	(0, 0)(1, 1)(2, 2)(3, 3)(4, 4)(5, 5)(6, 6)(7, 7)(8, 8)
71ba3405d1e896d04c89754ff618b4198d2e65d5.flv,71ba3405d1e896d04c89754ff618b4198d2e65d5.flv	(0, 0)(1, 1)(2, 2)(3, 3)(4, 4)(5, 5)
71ba3405d1e896d04c89754ff618b4198d2e65d5.flv,77452e0b0c34723b656047c3cbd5d9bf2e11eaaf.flv	(1, 2)(5, 3)
71ba3405d1e896d04c89754ff618b4198d2e65d5.flv,8b99b013165faa0c1cb36794f0d20d38a621f496.flv	(0, 0)(3, 17)(4, 18)(5, 21)
71ba3405d1e896d04c89754ff618b4198d2e65d5.flv,b1d0d41066ffb0afa9e3a3375199824f35a80c4d.flv	(1, 0)(3, 2)(5, 3)
71ba3405d1e896d04c89754ff618b4198d2e65d5.flv,e05b9149d1a03f651df63b63657e7de1e106e061.flv	(3, 11)(4, 12)
71ba3405d1e896d04c89754ff618b4198d2e65d5.flv,f6e296bfd930f585e165246530efa97bc035330f.flv	(2, 29)(4, 30)(5, 31)
71ba3405d1e896d04c89754ff618b4198d2e65d5.flv,f6e296bfd930f585e165246530efa97bc035330f.flv	
71ba3405d1e896d04c89754ff618b4198d2e65d5.flv,f6e296bfd930f585e165246530efa97bc035330f.flv	(2, 64)
71ba3405d1e896d04c89754ff618b4198d2e65d5.flv,f6e296bfd930f585e165246530efa97bc035330f.flv	(1, 47)
71ba3405d1e896d04c89754ff618b4198d2e65d5.flv,f6e296bfd930f585e165246530efa97bc035330f.flv	
77452e0b0c34723b656047c3cbd5d9bf2e11eaaf.flv,77452e0b0c34723b656047c3cbd5d9bf2e11eaaf.flv	(0, 0)(1, 1)(2, 2)(3, 3)
77452e0b0c34723b656047c3cbd5d9bf2e11eaaf.flv,8b99b013165faa0c1cb36794f0d20d38a621f496.flv	(1, 0)
77452e0b0c34723b656047c3cbd5d9bf2e11eaaf.flv,b1d0d41066ffb0afa9e3a3375199824f35a80c4d.flv	(2, 0)
77452e0b0c34723b656047c3cbd5d9bf2e11eaaf.flv,e05b9149d1a03f651df63b63657e7de1e106e061.flv	(0, 1)(2, 6)
77452e0b0c34723b656047c3cbd5d9bf2e11eaaf.flv,f6e296bfd930f585e165246530efa97bc035330f.flv	
77452e0b0c34723b656047c3cbd5d9bf2e11eaaf.flv,f6e296bfd930f585e165246530efa97bc035330f.flv	
77452e0b0c34723b656047c3cbd5d9bf2e11eaaf.flv,f6e296bfd930f585e165246530efa97bc035330f.flv	
77452e0b0c34723b656047c3cbd5d9bf2e11eaaf.flv,f6e296bfd930f585e165246530efa97bc035330f.flv	(2, 47)
77452e0b0c34723b656047c3cbd5d9bf2e11eaaf.flv,f6e296bfd930f585e165246530efa97bc035330f.flv	
80fd5c866390b8caf4129486e0f11beeca47d952.flv,80fd5c866390b8caf4129486e0f11beeca47d952.flv	(0, 0)(1, 1)(2, 2)(3, 3)(4, 4)(5, 5)(6, 6)(7, 7)(8, 8)(9, 9)(10, 10)(11, 11)(12, 12)(13, 13)(14, 14)(15, 15)(16, 16)(17, 17)
80fd5c866390b8caf4129486e0f11beeca47d952.flv,8a268ef5ad1f250fca37321ba2e9c9224b084dba.flv	(0, 0)(2, 1)(3, 2)(4, 3)(6, 4)(12, 7)(13, 8)(14, 9)(15, 10)(16, 11)(17, 12)
80fd5c866390b8caf4129486e0f11beeca47d952.flv,925a69d13824e3521d6eccbe8c6d7ff0c54486fe.flv	(0, 0)(2, 2)(3, 3)(4, 4)(6, 7)(16, 11)(17, 12)
80fd5c866390b8caf4129486e0f11beeca47d952.flv,a8253d279cbeb3a29bd346b63083c054eab1407a.flv	(0, 1)(2, 2)(3, 3)(4, 4)(6, 5)(16, 8)(17, 9)
80fd5c866390b8caf4129486e0f11beeca47d952.flv,acdf1a72b8cf37ee2609cdc03ff70747f36e0476.flv	(0, 0)(1, 1)(2, 2)(3, 3)(4, 4)(5, 5)(6, 6)(10, 8)(11, 9)(12, 10)(16, 13)(17, 14)
80fd5c866390b8caf4129486e0f11beeca47d952.flv,e05b9149d1a03f651df63b63657e7de1e106e061.flv	(0, 1)(2, 2)(3, 3)(4, 4)(6, 5)(16, 8)(17, 9)
80fd5c866390b8caf4129486e0f11beeca47d952.flv,e2cae9c5ef92cbb53d823cfeb4d75c294baed21c.flv	(0, 0)(1, 0)(2, 1)(3, 2)(4, 3)(6, 4)(7, 5)(8, 6)(10, 7)
8a268ef5ad1f250fca37321ba2e9c9224b084dba.flv,8a268ef5ad1f250fca37321ba2e9c9224b084dba.flv	(0, 0)(1, 1)(2, 2)(3, 3)(4, 4)(5, 5)(6, 6)(7, 7)(8, 8)(9, 9)(10, 10)(11, 11)(12, 12)(13, 13)(14, 14)(15, 15)(16, 16)(17, 17)
8a268ef5ad1f250fca37321ba2e9c9224b084dba.flv,925a69d13824e3521d6eccbe8c6d7ff0c54486fe.flv	(0, 0)(1, 2)(2, 3)(3, 4)(5, 8)(6, 9)(9, 10)(11, 11)(12, 13)(13, 14)(14, 15)(15, 17)(17, 18)
8a268ef5ad1f250fca37321ba2e9c9224b084dba.flv,a8253d279cbeb3a29bd346b63083c054eab1407a.flv	(0, 1)(1, 2)(2, 3)(3, 4)(4, 5)(6, 6)(11, 8)(12, 9)
8a268ef5ad1f250fca37321ba2e9c9224b084dba.flv,acdf1a72b8cf37ee2609cdc03ff70747f36e0476.flv	(0, 0)(1, 2)(2, 3)(3, 4)(4, 6)(7, 10)(11, 13)(12, 14)
8a268ef5ad1f250fca37321ba2e9c9224b084dba.flv,e05b9149d1a03f651df63b63657e7de1e106e061.flv	(0, 1)(1, 2)(2, 3)(3, 4)(4, 5)(6, 6)(11, 8)(12, 9)
8a268ef5ad1f250fca37321ba2e9c9224b084dba.flv,e2cae9c5ef92cbb53d823cfeb4d75c294baed21c.flv	(0, 0)(1, 1)(2, 2)(3, 3)(4, 4)(6, 8)
8b99b013165faa0c1cb36794f0d20d38a621f496.flv,8b99b013165faa0c1cb36794f0d20d38a621f496.flv	(0, 0)(1, 1)(2, 2)(3, 3)(4, 4)(5, 5)(6, 6)(7, 7)(8, 8)(9, 9)(10, 10)(11, 11)(12, 12)(13, 13)(14, 14)(15, 15)(16, 16)(17, 17)(18, 18)(19, 19)(20, 20)(21, 21)
8b99b013165faa0c1cb36794f0d20d38a621f496.flv,b1d0d41066ffb0afa9e3a3375199824f35a80c4d.flv	(16, 1)(18, 2)(21, 3)
8b99b013165faa0c1cb36794f0d20d38a621f496.flv,e05b9149d1a03f651df63b63657e7de1e106e061.flv	(0, 1)(4, 4)(5, 5)(15, 7)(17, 8)(18, 9)(19, 10)(20, 11)
8b99b013165faa0c1cb36794f0d20d38a621f496.flv,f6e296bfd930f585e165246530efa97bc035330f.flv	(4, 22)(5, 23)(7, 24)(12, 26)(13, 27)(14, 28)(16, 29)(18, 30)(21, 31)
8b99b013165faa0c1cb36794f0d20d38a621f496.flv,f6e296bfd930f585e165246530efa97bc035330f.flv	(3, 37)(5, 38)(6, 39)(11, 41)(12, 42)(14, 44)
8b99b013165faa0c1cb36794f0d20d38a621f496.flv,f6e296bfd930f585e165246530efa97bc035330f.flv	(4, 53)(10, 57)(11, 59)(12, 61)(14, 64)
8b99b013165faa0c1cb36794f0d20d38a621f496.flv,f6e296bfd930f585e165246530efa97bc035330f.flv	(6, 46)
8b99b013165faa0c1cb36794f0d20d38a621f496.flv,f6e296bfd930f585e165246530efa97bc035330f.flv	(6, 49)
925a69d13824e3521d6eccbe8c6d7ff0c54486fe.flv,925a69d13824e3521d6eccbe8c6d7ff0c54486fe.flv	(0, 0)(1, 1)(2, 2)(3, 3)(4, 4)(5, 5)(6, 6)(7, 7)(8, 8)(9, 9)(10, 10)(11, 11)(12, 12)(13, 13)(14, 14)(15, 15)(16, 16)(17, 17)(18, 18)
925a69d13824e3521d6eccbe8c6d7ff0c54486fe.flv,a8253d279cbeb3a29bd346b63083c054eab1407a.flv	(0, 1)(2, 2)(3, 3)(4, 4)(9, 6)(10, 7)(11, 8)(12, 9)(13, 10)(14, 11)(15, 12)(17, 13)
925a69d13824e3521d6eccbe8c6d7ff0c54486fe.flv,acdf1a72b8cf37ee2609cdc03ff70747f36e0476.flv	(0, 0)(2, 2)(3, 3)(4, 4)(7, 6)(8, 7)(10, 12)(11, 13)(12, 14)(13, 15)
925a69d13824e3521d6eccbe8c6d7ff0c54486fe.flv,e05b9149d1a03f651df63b63657e7de1e106e061.flv	(0, 1)(2, 2)(3, 3)(4, 4)(9, 6)(10, 7)(11, 8)(12, 9)(13, 10)(14, 11)(15, 12)(17, 13)
925a69d13824e3521d6eccbe8c6d7ff0c54486fe.flv,e2cae9c5ef92cbb53d823cfeb4d75c294baed21c.flv	(0, 0)(2, 1)(3, 2)(4, 3)(7, 4)(9, 8)
a8253d279cbeb3a29bd346b63083c054eab1407a.flv,a8253d279cbeb3a29bd346b63083c054eab1407a.flv	(0, 0)(1, 1)(2, 2)(3, 3)(4, 4)(5, 5)(6, 6)(7, 7)(8, 8)(9, 9)(10, 10)(11, 11)(12, 12)(13, 13)(14, 14)(15, 15)(16, 16)
a8253d279cbeb3a29bd346b63083c054eab1407a.flv,acdf1a72b8cf37ee2609cdc03ff70747f36e0476.flv	(1, 0)(2, 2)(3, 3)(4, 4)(5, 6)(7, 12)(8, 13)(9, 14)(10, 15)
a8253d279cbeb3a29bd346b63083c054eab1407a.flv,b1d0d41066ffb0afa9e3a3375199824f35a80c4d.flv	
a8253d279cbeb3a29bd346b63083c054eab1407a.flv,e05b9149d1a03f651df63b63657e7de1e106e061.flv	(0, 0)(1, 1)(2, 2)(3, 3)(4, 4)(5, 5)(6, 6)(7, 7)(8, 8)(9, 9)(10, 10)(11, 11)(12, 12)(13, 13)(14, 14)(15, 15)(16, 16)
a8253d279cbeb3a29bd346b63083c054eab1407a.flv,e2cae9c5ef92cbb53d823cfeb4d75c294baed21c.flv	(1, 0)(2, 1)(3, 2)(4, 3)(5, 4)(6, 8)
acdf1a72b8cf37ee2609cdc03ff70747f36e0476.flv,acdf1a72b8cf37ee2609cdc03ff70747f36e0476.flv	(0, 0)(1, 1)(2, 2)(3, 3)(4, 4)(5, 5)(6, 6)(7, 7)(8, 8)(9, 9)(10, 10)(11, 11)(12, 12)(13, 13)(14, 14)(15, 15)
acdf1a72b8cf37ee2609cdc03ff70747f36e0476.flv,e05b9149d1a03f651df63b63657e7de1e106e061.flv	(0, 1)(2, 2)(3, 3)(4, 4)(6, 5)(12, 7)(13, 8)(14, 9)(15, 10)
acdf1a72b8cf37ee2609cdc03ff70747f36e0476.flv,e2cae9c5ef92cbb53d823cfeb4d75c294baed21c.flv	(0, 0)(1, 0)(2, 1)(3, 2)(4, 3)(6, 4)(8, 7)
b1d0d41066ffb0afa9e3a3375199824f35a80c4d.flv,b1d0d41066ffb0afa9e3a3375199824f35a80c4d.flv	(0, 0)(1, 1)(2, 2)(3, 3)
b1d0d41066ffb0afa9e3a3375199824f35a80c4d.flv,e05b9149d1a03f651df63b63657e7de1e106e061.flv	
b1d0d41066ffb0afa9e3a3375199824f35a80c4d.flv,f6e296bfd930f585e165246530efa97bc035330f.flv	(3, 31)
b1d0d41066ffb0afa9e3a3375199824f35a80c4d.flv,f6e296bfd930f585e165246530efa97bc035330f.flv	
b1d0d41066ffb0afa9e3a3375199824f35a80c4d.flv,f6e296bfd930f585e165246530efa97bc035330f.flv	
b1d0d41066ffb0afa9e3a3375199824f35a80c4d.flv,f6e296bfd930f585e165246530efa97bc035330f.flv	(0, 47)
b1d0d41066ffb0afa9e3a3375199824f35a80c4d.flv,f6e296bfd930f585e165246530efa97bc035330f.flv	
e05b9149d1a03f651df63b63657e7de1e106e061.flv,e05b9149d1a03f651df63b63657e7de1e106e061.flv	(0, 0)(1, 1)(2, 2)(3, 3)(4, 4)(5, 5)(6, 6)(7, 7)(8, 8)(9, 9)(10, 10)(11, 11)(12, 12)(13, 13)(14, 14)(15, 15)(16, 16)
e05b9149d1a03f651df63b63657e7de1e106e061.flv,e2cae9c5ef92cbb53d823cfeb4d75c294baed21c.flv	(1, 0)(2, 1)(3, 2)(4, 3)(5, 4)(6, 8)
e2cae9c5ef92cbb53d823cfeb4d75c294baed21c.flv,e2cae9c5ef92cbb53d823cfeb4d75c294baed21c.flv	(0, 0)(1, 1)(2, 2)(3, 3)(4, 4)(5, 5)(6, 6)(7, 7)(8, 8)
f6e296bfd930f585e165246530efa97bc035330f.flv,f6e296bfd930f585e165246530efa97bc035330f.flv	(0, 0)(1, 1)(2, 2)(3, 3)(4, 4)(5, 5)(6, 6)(7, 7)(8, 8)(9, 9)(10, 10)(11, 11)(12, 12)(13, 13)(14, 14)(15, 15)(16, 16)(17, 17)(18, 18)(19, 19)(20, 20)(21, 21)(22, 22)(23, 23)(24, 24)(25, 25)(26, 26)(27, 27)(28, 28)(29, 29)(30, 30)(31, 31)(32, 32)(33, 33)(34, 34)(35, 35)(36, 36)(37, 37)(38, 38)(39, 39)(40, 40)(41, 41)(42, 42)(43, 43)(44, 44)(45, 45)(46, 46)(47, 47)(48, 48)(49, 49)(50, 50)(51, 51)(52, 52)(53, 53)(54, 54)(55, 55)(56, 56)(57, 57)(58, 58)(59, 59)(60, 60)(61, 61)(62, 62)(63, 63)(64, 64)
