1c3639a371f22ee3e5f111d4b9d2b045cfa6fb02.flv,1c3639a371f22ee3e5f111d4b9d2b045cfa6fb02.flv	(0, 0)(1, 1)(2, 2)(3, 3)(4, 4)(5, 5)(6, 6)(7, 7)(8, 8)(9, 9)
1c3639a371f22ee3e5f111d4b9d2b045cfa6fb02.flv,28a7b8e86a5bc14c3668248d3a1395af9d58cdcb.mp4	(0, 2)(1, 3)(2, 4)(3, 5)(4, 6)(5, 7)(6, 8)(7, 9)(8, 10)
1c3639a371f22ee3e5f111d4b9d2b045cfa6fb02.flv,3edda6ce4f34d8bcc1b3843100c36ddbef3c46df.flv	(0, 9)(2, 19)(3, 20)(8, 37)
1c3639a371f22ee3e5f111d4b9d2b045cfa6fb02.flv,3f81759e6e56e326c0deb3f1ca002e4c68d87eec.flv	(3, 3)
1c3639a371f22ee3e5f111d4b9d2b045cfa6fb02.flv,53ff5686f46ac55ae5357e6e7856faf0f5f15173.flv	(7, 13)(8, 15)
1c3639a371f22ee3e5f111d4b9d2b045cfa6fb02.flv,5f67871d5d377ddc9743ec8fce5f362f09621466.mp4	(0, 0)(1, 1)(2, 2)(3, 3)(4, 4)(5, 5)(6, 6)(7, 7)(8, 8)
1c3639a371f22ee3e5f111d4b9d2b045cfa6fb02.flv,6209e90f48cea8649c0c632f2486554524f11ca5.flv	(1, 2)
1c3639a371f22ee3e5f111d4b9d2b045cfa6fb02.flv,6885d63183d393307f6f2206f0dfaccec2d09389.mp4	(0, 1)(1, 2)(2, 3)(3, 4)(8, 10)
1c3639a371f22ee3e5f111d4b9d2b045cfa6fb02.flv,6c6135f9fb597c1d4a1e96861c4d90a03544d570.mp4	(5, 0)(6, 1)(7, 2)
1c3639a371f22ee3e5f111d4b9d2b045cfa6fb02.flv,7b0ad0591b074a11dccac902cb5729f658645f01.mp4	(0, 0)(4, 5)(5, 6)(6, 7)(7, 8)(8, 9)
1c3639a371f22ee3e5f111d4b9d2b045cfa6fb02.flv,89b40b8ef5ec589cd8e4ebe5970e6b488f6b31ad.flv	(4, 44)(8, 71)
1c3639a371f22ee3e5f111d4b9d2b045cfa6fb02.flv,91b2f55c188b8aa362fd2d2ac6bd08dbe7146bd5.flv	(3, 0)(4, 2)
1c3639a371f22ee3e5f111d4b9d2b045cfa6fb02.flv,91b2f55c188b8aa362fd2d2ac6bd08dbe7146bd5.flv	(7, 3)(8, 4)
1c3639a371f22ee3e5f111d4b9d2b045cfa6fb02.flv,a8ad757811a9292d6184ff2f16f7be2ce686a605.flv	(8, 9)
1c3639a371f22ee3e5f111d4b9d2b045cfa6fb02.flv,a92bd54b230f71a3542ffda4285be00336118261.flv	(0, 0)(1, 1)(2, 2)(3, 3)(4, 4)
1c3639a371f22ee3e5f111d4b9d2b045cfa6fb02.flv,bb1de1926803eea0fa311556b1c991fab3a73396.flv	(2, 2)(3, 3)(4, 5)
1c3639a371f22ee3e5f111d4b9d2b045cfa6fb02.flv,bb1de1926803eea0fa311556b1c991fab3a73396.flv	(4, 6)(5, 7)(6, 8)(7, 9)
1c3639a371f22ee3e5f111d4b9d2b045cfa6fb02.flv,bb1de1926803eea0fa311556b1c991fab3a73396.flv	
1c3639a371f22ee3e5f111d4b9d2b045cfa6fb02.flv,bc0f16fd0538091a9e1eba02a8da9559e2751f6f.mp4	(0, 1)(1, 3)(2, 4)(3, 5)
1c3639a371f22ee3e5f111d4b9d2b045cfa6fb02.flv,d073f04bba4abb056f4be01b6f1bf5b58bb330de.flv	(0, 1)(1, 3)(8, 11)
1c3639a371f22ee3e5f111d4b9d2b045cfa6fb02.flv,d7fd4ee52ade46db49e9fbabdf5d964ce0677961.flv	(0, 3)(1, 4)(2, 5)(3, 6)(4, 7)(5, 8)(6, 9)(7, 10)(8, 11)
1c3639a371f22ee3e5f111d4b9d2b045cfa6fb02.flv,d8bc8b695ab831b8f511dd2ab56d7e7ac0cd1a21.flv	(0, 0)(1, 1)(2, 2)(3, 3)(4, 4)(5, 5)(6, 6)(7, 7)(8, 9)
1c3639a371f22ee3e5f111d4b9d2b045cfa6fb02.flv,daa0d7da05e7475ca5cb9b2a91fb968e65725ecb.flv	(0, 0)(1, 1)
1c3639a371f22ee3e5f111d4b9d2b045cfa6fb02.flv,df9176364d95bda36fced3537e44b838cb548e78.flv	
1c3639a371f22ee3e5f111d4b9d2b045cfa6fb02.flv,e3cfb1f40fb5690a700aba9ac1fa35be2fd4ff1f.flv	(3, 0)
1c3639a371f22ee3e5f111d4b9d2b045cfa6fb02.flv,e3cfb1f40fb5690a700aba9ac1fa35be2fd4ff1f.flv	(7, 1)(8, 2)
1c3639a371f22ee3e5f111d4b9d2b045cfa6fb02.flv,eaa384490867c32e4b3cc0d7d969af63d1a6edda.flv	(3, 0)
1c3639a371f22ee3e5f111d4b9d2b045cfa6fb02.flv,ecae756c95dc0d66827d30767e944c781eef7ea7.flv	(0, 0)(8, 9)
1c3639a371f22ee3e5f111d4b9d2b045cfa6fb02.flv,edae2238f87dce9981af2e1c472096e6694da1a1.flv	(1, 0)(2, 2)(3, 4)(4, 6)(5, 8)(6, 10)(7, 12)(8, 14)
1c3639a371f22ee3e5f111d4b9d2b045cfa6fb02.flv,f27d7252cfb03e3e051488a53801235840f7a58e.flv	
1c3639a371f22ee3e5f111d4b9d2b045cfa6fb02.flv,fc168483b05a1a3534dedd973585642bd0f0edb8.flv	(0, 2)(1, 3)
24a6a7d24464d6fe488abb181d89e426e8eeb837.mp4,24a6a7d24464d6fe488abb181d89e426e8eeb837.mp4	(0, 0)(1, 1)(2, 2)(3, 3)(4, 4)(5, 5)(6, 6)(7, 7)(8, 8)(9, 9)(10, 10)(11, 11)(12, 12)(13, 13)(14, 14)(15, 15)(16, 16)(17, 17)(18, 18)(19, 19)(20, 20)(21, 21)(22, 22)(23, 23)(24, 24)(25, 25)
24a6a7d24464d6fe488abb181d89e426e8eeb837.mp4,28a7b8e86a5bc14c3668248d3a1395af9d58cdcb.mp4	(0, 1)
24a6a7d24464d6fe488abb181d89e426e8eeb837.mp4,3edda6ce4f34d8bcc1b3843100c36ddbef3c46df.flv	
24a6a7d24464d6fe488abb181d89e426e8eeb837.mp4,3f81759e6e56e326c0deb3f1ca002e4c68d87eec.flv	(0, 2)
24a6a7d24464d6fe488abb181d89e426e8eeb837.mp4,458480841d12331e4dea9557886acd2ac957e9cd.mp4	(0, 0)
24a6a7d24464d6fe488abb181d89e426e8eeb837.mp4,5f67871d5d377ddc9743ec8fce5f362f09621466.mp4	(0, 0)
24a6a7d24464d6fe488abb181d89e426e8eeb837.mp4,6209e90f48cea8649c0c632f2486554524f11ca5.flv	(0, 0)
24a6a7d24464d6fe488abb181d89e426e8eeb837.mp4,7b0ad0591b074a11dccac902cb5729f658645f01.mp4	(0, 0)
24a6a7d24464d6fe488abb181d89e426e8eeb837.mp4,89b40b8ef5ec589cd8e4ebe5970e6b488f6b31ad.flv	(0, 1)
24a6a7d24464d6fe488abb181d89e426e8eeb837.mp4,a8ad757811a9292d6184ff2f16f7be2ce686a605.flv	(0, 0)
24a6a7d24464d6fe488abb181d89e426e8eeb837.mp4,a92bd54b230f71a3542ffda4285be00336118261.flv	(0, 0)
24a6a7d24464d6fe488abb181d89e426e8eeb837.mp4,b65af0803a5dcaac7776b7c8648091ca3bec8471.mp4	(0, 0)
24a6a7d24464d6fe488abb181d89e426e8eeb837.mp4,d073f04bba4abb056f4be01b6f1bf5b58bb330de.flv	(0, 1)
24a6a7d24464d6fe488abb181d89e426e8eeb837.mp4,d7fd4ee52ade46db49e9fbabdf5d964ce0677961.flv	
24a6a7d24464d6fe488abb181d89e426e8eeb837.mp4,daa0d7da05e7475ca5cb9b2a91fb968e65725ecb.flv	(0, 0)
24a6a7d24464d6fe488abb181d89e426e8eeb837.mp4,df9176364d95bda36fced3537e44b838cb548e78.flv	(0, 0)
24a6a7d24464d6fe488abb181d89e426e8eeb837.mp4,f27d7252cfb03e3e051488a53801235840f7a58e.flv	(0, 0)
28a7b8e86a5bc14c3668248d3a1395af9d58cdcb.mp4,28a7b8e86a5bc14c3668248d3a1395af9d58cdcb.mp4	(0, 0)(1, 1)(2, 2)(3, 3)(4, 4)(5, 5)(6, 6)(7, 7)(8, 8)(9, 9)(10, 10)(11, 11)(12, 12)
28a7b8e86a5bc14c3668248d3a1395af9d58cdcb.mp4,3edda6ce4f34d8bcc1b3843100c36ddbef3c46df.flv	(2, 9)
28a7b8e86a5bc14c3668248d3a1395af9d58cdcb.mp4,3f81759e6e56e326c0deb3f1ca002e4c68d87eec.flv	(1, 2)
28a7b8e86a5bc14c3668248d3a1395af9d58cdcb.mp4,3f81759e6e56e326c0deb3f1ca002e4c68d87eec.flv	(5, 3)
28a7b8e86a5bc14c3668248d3a1395af9d58cdcb.mp4,458480841d12331e4dea9557886acd2ac957e9cd.mp4	(1, 0)
28a7b8e86a5bc14c3668248d3a1395af9d58cdcb.mp4,53ff5686f46ac55ae5357e6e7856faf0f5f15173.flv	(9, 13)(10, 15)
28a7b8e86a5bc14c3668248d3a1395af9d58cdcb.mp4,5f67871d5d377ddc9743ec8fce5f362f09621466.mp4	
28a7b8e86a5bc14c3668248d3a1395af9d58cdcb.mp4,6209e90f48cea8649c0c632f2486554524f11ca5.flv	(1, 0)
28a7b8e86a5bc14c3668248d3a1395af9d58cdcb.mp4,6885d63183d393307f6f2206f0dfaccec2d09389.mp4	(1, 0)(2, 1)(3, 2)(4, 3)(5, 4)(10, 10)
28a7b8e86a5bc14c3668248d3a1395af9d58cdcb.mp4,6c6135f9fb597c1d4a1e96861c4d90a03544d570.mp4	(7, 0)(8, 1)(9, 2)
28a7b8e86a5bc14c3668248d3a1395af9d58cdcb.mp4,7b0ad0591b074a11dccac902cb5729f658645f01.mp4	(6, 5)(7, 6)(8, 7)(9, 8)(10, 9)
28a7b8e86a5bc14c3668248d3a1395af9d58cdcb.mp4,89b40b8ef5ec589cd8e4ebe5970e6b488f6b31ad.flv	(6, 44)(10, 71)
28a7b8e86a5bc14c3668248d3a1395af9d58cdcb.mp4,91b2f55c188b8aa362fd2d2ac6bd08dbe7146bd5.flv	(5, 0)(6, 2)
28a7b8e86a5bc14c3668248d3a1395af9d58cdcb.mp4,91b2f55c188b8aa362fd2d2ac6bd08dbe7146bd5.flv	(9, 3)(10, 4)
28a7b8e86a5bc14c3668248d3a1395af9d58cdcb.mp4,a8ad757811a9292d6184ff2f16f7be2ce686a605.flv	(1, 0)(10, 9)
28a7b8e86a5bc14c3668248d3a1395af9d58cdcb.mp4,a92bd54b230f71a3542ffda4285be00336118261.flv	(2, 0)(3, 1)(4, 2)(5, 3)(6, 4)(7, 5)
28a7b8e86a5bc14c3668248d3a1395af9d58cdcb.mp4,b65af0803a5dcaac7776b7c8648091ca3bec8471.mp4	(1, 0)
28a7b8e86a5bc14c3668248d3a1395af9d58cdcb.mp4,bb1de1926803eea0fa311556b1c991fab3a73396.flv	(4, 2)(5, 3)(6, 5)
28a7b8e86a5bc14c3668248d3a1395af9d58cdcb.mp4,bb1de1926803eea0fa311556b1c991fab3a73396.flv	(6, 6)(7, 7)(8, 8)(9, 9)
28a7b8e86a5bc14c3668248d3a1395af9d58cdcb.mp4,bb1de1926803eea0fa311556b1c991fab3a73396.flv	
28a7b8e86a5bc14c3668248d3a1395af9d58cdcb.mp4,bc0f16fd0538091a9e1eba02a8da9559e2751f6f.mp4	(1, 0)(2, 1)(3, 3)(4, 4)(5, 5)
28a7b8e86a5bc14c3668248d3a1395af9d58cdcb.mp4,d073f04bba4abb056f4be01b6f1bf5b58bb330de.flv	(10, 11)
28a7b8e86a5bc14c3668248d3a1395af9d58cdcb.mp4,d7fd4ee52ade46db49e9fbabdf5d964ce0677961.flv	
28a7b8e86a5bc14c3668248d3a1395af9d58cdcb.mp4,d8bc8b695ab831b8f511dd2ab56d7e7ac0cd1a21.flv	(10, 9)
28a7b8e86a5bc14c3668248d3a1395af9d58cdcb.mp4,daa0d7da05e7475ca5cb9b2a91fb968e65725ecb.flv	(3, 1)
28a7b8e86a5bc14c3668248d3a1395af9d58cdcb.mp4,df9176364d95bda36fced3537e44b838cb548e78.flv	(1, 0)
28a7b8e86a5bc14c3668248d3a1395af9d58cdcb.mp4,e3cfb1f40fb5690a700aba9ac1fa35be2fd4ff1f.flv	(5, 0)
28a7b8e86a5bc14c3668248d3a1395af9d58cdcb.mp4,e3cfb1f40fb5690a700aba9ac1fa35be2fd4ff1f.flv	(9, 1)(10, 2)
28a7b8e86a5bc14c3668248d3a1395af9d58cdcb.mp4,eaa384490867c32e4b3cc0d7d969af63d1a6edda.flv	(5, 0)
28a7b8e86a5bc14c3668248d3a1395af9d58cdcb.mp4,ecae756c95dc0d66827d30767e944c781eef7ea7.flv	(10, 9)
28a7b8e86a5bc14c3668248d3a1395af9d58cdcb.mp4,edae2238f87dce9981af2e1c472096e6694da1a1.flv	(3, 0)(4, 2)(5, 4)(6, 6)(7, 8)(8, 10)(9, 12)(10, 14)
28a7b8e86a5bc14c3668248d3a1395af9d58cdcb.mp4,f27d7252cfb03e3e051488a53801235840f7a58e.flv	(1, 0)
28a7b8e86a5bc14c3668248d3a1395af9d58cdcb.mp4,fc168483b05a1a3534dedd973585642bd0f0edb8.flv	(2, 2)(3, 3)
3edda6ce4f34d8bcc1b3843100c36ddbef3c46df.flv,3edda6ce4f34d8bcc1b3843100c36ddbef3c46df.flv	(0, 0)(1, 1)(2, 2)(3, 3)(4, 4)(5, 5)(6, 6)(7, 7)(8, 8)(9, 9)(10, 10)(11, 11)(12, 12)(13, 13)(14, 14)(15, 15)(16, 16)(17, 17)(18, 18)(19, 19)(20, 20)(21, 21)(22, 22)(23, 23)(24, 24)(25, 25)(26, 26)(27, 27)(28, 28)(29, 29)(30, 30)(31, 31)(32, 32)(33, 33)(34, 34)(35, 35)(36, 36)(37, 37)(38, 38)(39, 39)(40, 40)
3edda6ce4f34d8bcc1b3843100c36ddbef3c46df.flv,3f81759e6e56e326c0deb3f1ca002e4c68d87eec.flv	
3edda6ce4f34d8bcc1b3843100c36ddbef3c46df.flv,3f81759e6e56e326c0deb3f1ca002e4c68d87eec.flv	(20, 3)
3edda6ce4f34d8bcc1b3843100c36ddbef3c46df.flv,458480841d12331e4dea9557886acd2ac957e9cd.mp4	(0, 0)
3edda6ce4f34d8bcc1b3843100c36ddbef3c46df.flv,53ff5686f46ac55ae5357e6e7856faf0f5f15173.flv	(9, 0)(19, 3)(20, 4)(34, 7)(37, 15)
3edda6ce4f34d8bcc1b3843100c36ddbef3c46df.flv,5f67871d5d377ddc9743ec8fce5f362f09621466.mp4	(9, 0)(19, 2)(20, 3)(34, 6)(35, 7)(37, 8)(38, 9)
3edda6ce4f34d8bcc1b3843100c36ddbef3c46df.flv,6209e90f48cea8649c0c632f2486554524f11ca5.flv	
3edda6ce4f34d8bcc1b3843100c36ddbef3c46df.flv,6885d63183d393307f6f2206f0dfaccec2d09389.mp4	(9, 1)(19, 3)(20, 4)(34, 7)(35, 8)(37, 9)
3edda6ce4f34d8bcc1b3843100c36ddbef3c46df.flv,6c6135f9fb597c1d4a1e96861c4d90a03544d570.mp4	(34, 0)(35, 1)(36, 2)
3edda6ce4f34d8bcc1b3843100c36ddbef3c46df.flv,7b0ad0591b074a11dccac902cb5729f658645f01.mp4	(9, 0)(19, 2)(20, 3)(21, 4)(34, 7)(37, 9)
3edda6ce4f34d8bcc1b3843100c36ddbef3c46df.flv,89b40b8ef5ec589cd8e4ebe5970e6b488f6b31ad.flv	(0, 0)(6, 2)(8, 3)(23, 42)(35, 61)(36, 65)(37, 68)(39, 72)(40, 73)
3edda6ce4f34d8bcc1b3843100c36ddbef3c46df.flv,91b2f55c188b8aa362fd2d2ac6bd08dbe7146bd5.flv	(20, 0)
3edda6ce4f34d8bcc1b3843100c36ddbef3c46df.flv,91b2f55c188b8aa362fd2d2ac6bd08dbe7146bd5.flv	
3edda6ce4f34d8bcc1b3843100c36ddbef3c46df.flv,a8ad757811a9292d6184ff2f16f7be2ce686a605.flv	(19, 2)(20, 3)(34, 6)(35, 7)(37, 8)
3edda6ce4f34d8bcc1b3843100c36ddbef3c46df.flv,a92bd54b230f71a3542ffda4285be00336118261.flv	(9, 0)(19, 2)(20, 3)
3edda6ce4f34d8bcc1b3843100c36ddbef3c46df.flv,b65af0803a5dcaac7776b7c8648091ca3bec8471.mp4	
3edda6ce4f34d8bcc1b3843100c36ddbef3c46df.flv,bb1de1926803eea0fa311556b1c991fab3a73396.flv	(19, 2)(20, 3)(22, 4)(23, 5)
3edda6ce4f34d8bcc1b3843100c36ddbef3c46df.flv,bb1de1926803eea0fa311556b1c991fab3a73396.flv	(36, 9)
3edda6ce4f34d8bcc1b3843100c36ddbef3c46df.flv,bb1de1926803eea0fa311556b1c991fab3a73396.flv	(37, 10)(38, 11)
3edda6ce4f34d8bcc1b3843100c36ddbef3c46df.flv,bc0f16fd0538091a9e1eba02a8da9559e2751f6f.mp4	(9, 1)(10, 2)(19, 4)(20, 5)(23, 6)(24, 7)
3edda6ce4f34d8bcc1b3843100c36ddbef3c46df.flv,d073f04bba4abb056f4be01b6f1bf5b58bb330de.flv	(9, 1)(17, 3)(19, 4)(20, 5)(34, 8)(35, 9)(36, 10)(37, 11)
3edda6ce4f34d8bcc1b3843100c36ddbef3c46df.flv,d7fd4ee52ade46db49e9fbabdf5d964ce0677961.flv	(0, 1)(1, 2)(9, 3)(19, 5)(20, 6)(34, 9)(35, 10)(37, 11)(38, 12)
3edda6ce4f34d8bcc1b3843100c36ddbef3c46df.flv,d8bc8b695ab831b8f511dd2ab56d7e7ac0cd1a21.flv	(9, 0)(19, 2)(20, 3)(34, 6)(35, 7)(37, 8)
3edda6ce4f34d8bcc1b3843100c36ddbef3c46df.flv,daa0d7da05e7475ca5cb9b2a91fb968e65725ecb.flv	(9, 0)
3edda6ce4f34d8bcc1b3843100c36ddbef3c46df.flv,df9176364d95bda36fced3537e44b838cb548e78.flv	(19, 2)(20, 3)(34, 6)(35, 7)(37, 8)(38, 9)(39, 10)(40, 11)
3edda6ce4f34d8bcc1b3843100c36ddbef3c46df.flv,e3cfb1f40fb5690a700aba9ac1fa35be2fd4ff1f.flv	(24, 1)
3edda6ce4f34d8bcc1b3843100c36ddbef3c46df.flv,e3cfb1f40fb5690a700aba9ac1fa35be2fd4ff1f.flv	(37, 1)
3edda6ce4f34d8bcc1b3843100c36ddbef3c46df.flv,eaa384490867c32e4b3cc0d7d969af63d1a6edda.flv	
3edda6ce4f34d8bcc1b3843100c36ddbef3c46df.flv,ecae756c95dc0d66827d30767e944c781eef7ea7.flv	(9, 0)(19, 2)(20, 3)(34, 6)(35, 7)(37, 8)
3edda6ce4f34d8bcc1b3843100c36ddbef3c46df.flv,edae2238f87dce9981af2e1c472096e6694da1a1.flv	(17, 0)(19, 2)(32, 8)(34, 9)(35, 11)(36, 12)(37, 13)
3edda6ce4f34d8bcc1b3843100c36ddbef3c46df.flv,f27d7252cfb03e3e051488a53801235840f7a58e.flv	(19, 2)(20, 3)(34, 6)(35, 7)(37, 8)
3edda6ce4f34d8bcc1b3843100c36ddbef3c46df.flv,fc168483b05a1a3534dedd973585642bd0f0edb8.flv	(9, 2)
3f81759e6e56e326c0deb3f1ca002e4c68d87eec.flv,3f81759e6e56e326c0deb3f1ca002e4c68d87eec.flv	(0, 0)(1, 1)(2, 2)(3, 3)(4, 4)(5, 5)(6, 6)(7, 7)(8, 8)(9, 9)(10, 10)(11, 11)(12, 12)(13, 13)(14, 14)
3f81759e6e56e326c0deb3f1ca002e4c68d87eec.flv,458480841d12331e4dea9557886acd2ac957e9cd.mp4	(2, 0)
3f81759e6e56e326c0deb3f1ca002e4c68d87eec.flv,53ff5686f46ac55ae5357e6e7856faf0f5f15173.flv	(3, 4)(4, 5)
3f81759e6e56e326c0deb3f1ca002e4c68d87eec.flv,5f67871d5d377ddc9743ec8fce5f362f09621466.mp4	(2, 0)
3f81759e6e56e326c0deb3f1ca002e4c68d87eec.flv,5f67871d5d377ddc9743ec8fce5f362f09621466.mp4	(3, 3)(4, 4)
3f81759e6e56e326c0deb3f1ca002e4c68d87eec.flv,6209e90f48cea8649c0c632f2486554524f11ca5.flv	(2, 0)
3f81759e6e56e326c0deb3f1ca002e4c68d87eec.flv,6885d63183d393307f6f2206f0dfaccec2d09389.mp4	(3, 4)
3f81759e6e56e326c0deb3f1ca002e4c68d87eec.flv,7b0ad0591b074a11dccac902cb5729f658645f01.mp4	(2, 0)
3f81759e6e56e326c0deb3f1ca002e4c68d87eec.flv,7b0ad0591b074a11dccac902cb5729f658645f01.mp4	(3, 3)
3f81759e6e56e326c0deb3f1ca002e4c68d87eec.flv,89b40b8ef5ec589cd8e4ebe5970e6b488f6b31ad.flv	
3f81759e6e56e326c0deb3f1ca002e4c68d87eec.flv,89b40b8ef5ec589cd8e4ebe5970e6b488f6b31ad.flv	
3f81759e6e56e326c0deb3f1ca002e4c68d87eec.flv,91b2f55c188b8aa362fd2d2ac6bd08dbe7146bd5.flv	(3, 0)
3f81759e6e56e326c0deb3f1ca002e4c68d87eec.flv,a8ad757811a9292d6184ff2f16f7be2ce686a605.flv	(2, 0)
3f81759e6e56e326c0deb3f1ca002e4c68d87eec.flv,a8ad757811a9292d6184ff2f16f7be2ce686a605.flv	(3, 3)(4, 4)
3f81759e6e56e326c0deb3f1ca002e4c68d87eec.flv,a92bd54b230f71a3542ffda4285be00336118261.flv	(2, 0)
3f81759e6e56e326c0deb3f1ca002e4c68d87eec.flv,a92bd54b230f71a3542ffda4285be00336118261.flv	(3, 3)(4, 4)
3f81759e6e56e326c0deb3f1ca002e4c68d87eec.flv,b65af0803a5dcaac7776b7c8648091ca3bec8471.mp4	(2, 0)
3f81759e6e56e326c0deb3f1ca002e4c68d87eec.flv,bb1de1926803eea0fa311556b1c991fab3a73396.flv	(3, 3)(4, 4)
3f81759e6e56e326c0deb3f1ca002e4c68d87eec.flv,bc0f16fd0538091a9e1eba02a8da9559e2751f6f.mp4	(2, 0)
3f81759e6e56e326c0deb3f1ca002e4c68d87eec.flv,bc0f16fd0538091a9e1eba02a8da9559e2751f6f.mp4	(3, 5)
3f81759e6e56e326c0deb3f1ca002e4c68d87eec.flv,d073f04bba4abb056f4be01b6f1bf5b58bb330de.flv	(2, 1)
3f81759e6e56e326c0deb3f1ca002e4c68d87eec.flv,d073f04bba4abb056f4be01b6f1bf5b58bb330de.flv	(3, 5)(4, 6)
3f81759e6e56e326c0deb3f1ca002e4c68d87eec.flv,d7fd4ee52ade46db49e9fbabdf5d964ce0677961.flv	(2, 3)
3f81759e6e56e326c0deb3f1ca002e4c68d87eec.flv,d7fd4ee52ade46db49e9fbabdf5d964ce0677961.flv	(3, 6)(4, 7)
3f81759e6e56e326c0deb3f1ca002e4c68d87eec.flv,d8bc8b695ab831b8f511dd2ab56d7e7ac0cd1a21.flv	(2, 0)
3f81759e6e56e326c0deb3f1ca002e4c68d87eec.flv,d8bc8b695ab831b8f511dd2ab56d7e7ac0cd1a21.flv	(3, 3)(4, 4)
3f81759e6e56e326c0deb3f1ca002e4c68d87eec.flv,daa0d7da05e7475ca5cb9b2a91fb968e65725ecb.flv	(2, 0)
3f81759e6e56e326c0deb3f1ca002e4c68d87eec.flv,df9176364d95bda36fced3537e44b838cb548e78.flv	(2, 0)
3f81759e6e56e326c0deb3f1ca002e4c68d87eec.flv,df9176364d95bda36fced3537e44b838cb548e78.flv	(3, 3)(4, 4)
3f81759e6e56e326c0deb3f1ca002e4c68d87eec.flv,e3cfb1f40fb5690a700aba9ac1fa35be2fd4ff1f.flv	(3, 0)
3f81759e6e56e326c0deb3f1ca002e4c68d87eec.flv,eaa384490867c32e4b3cc0d7d969af63d1a6edda.flv	(4, 0)
3f81759e6e56e326c0deb3f1ca002e4c68d87eec.flv,ecae756c95dc0d66827d30767e944c781eef7ea7.flv	(3, 3)(4, 4)
3f81759e6e56e326c0deb3f1ca002e4c68d87eec.flv,edae2238f87dce9981af2e1c472096e6694da1a1.flv	
3f81759e6e56e326c0deb3f1ca002e4c68d87eec.flv,f27d7252cfb03e3e051488a53801235840f7a58e.flv	(2, 0)
3f81759e6e56e326c0deb3f1ca002e4c68d87eec.flv,f27d7252cfb03e3e051488a53801235840f7a58e.flv	(3, 3)(4, 4)
3f8bfd743657405ffa42909e84260dbd843bd9c2.flv,3f8bfd743657405ffa42909e84260dbd843bd9c2.flv	(0, 0)(1, 1)(2, 2)(3, 3)(4, 4)(5, 5)(6, 6)(7, 7)(8, 8)(9, 9)(10, 10)(11, 11)
3f8bfd743657405ffa42909e84260dbd843bd9c2.flv,44aa92f8d96a98a015dba6eb0680bb97699af83f.mp4	(1, 0)(2, 1)(3, 2)(4, 3)(5, 4)(6, 5)(7, 6)(8, 7)(9, 8)(10, 9)(11, 10)
3f8bfd743657405ffa42909e84260dbd843bd9c2.flv,77cf367bdc30892faa364bab0006c316a4e86f8e.flv	(2, 6)
3f8bfd743657405ffa42909e84260dbd843bd9c2.flv,9b618181a0cb19eaaa18728b72825b0b4d7d5ef4.mp4	(1, 0)(2, 1)(3, 2)(4, 3)(5, 4)
3f8bfd743657405ffa42909e84260dbd843bd9c2.flv,9d75e3dc43f2ca2384f91cc2bdcf1dd3fe0c3234.flv	(1, 14)
3f8bfd743657405ffa42909e84260dbd843bd9c2.flv,ebe5fd08a5d05f2af96f425bc894860bac3f9ba6.flv	(10, 0)
44aa92f8d96a98a015dba6eb0680bb97699af83f.mp4,44aa92f8d96a98a015dba6eb0680bb97699af83f.mp4	(0, 0)(1, 1)(2, 2)(3, 3)(4, 4)(5, 5)(6, 6)(7, 7)(8, 8)(9, 9)(10, 10)
44aa92f8d96a98a015dba6eb0680bb97699af83f.mp4,77cf367bdc30892faa364bab0006c316a4e86f8e.flv	(1, 6)
44aa92f8d96a98a015dba6eb0680bb97699af83f.mp4,9b618181a0cb19eaaa18728b72825b0b4d7d5ef4.mp4	(0, 0)(1, 1)(2, 2)(3, 3)(4, 4)
44aa92f8d96a98a015dba6eb0680bb97699af83f.mp4,9d75e3dc43f2ca2384f91cc2bdcf1dd3fe0c3234.flv	(0, 14)
44aa92f8d96a98a015dba6eb0680bb97699af83f.mp4,ebe5fd08a5d05f2af96f425bc894860bac3f9ba6.flv	(9, 0)
458480841d12331e4dea9557886acd2ac957e9cd.mp4,458480841d12331e4dea9557886acd2ac957e9cd.mp4	(0, 0)(1, 1)(2, 2)(3, 3)(4, 4)(5, 5)(6, 6)(7, 7)(8, 8)(9, 9)(10, 10)(11, 11)(12, 12)(13, 13)(14, 14)(15, 15)(16, 16)(17, 17)(18, 18)(19, 19)(20, 20)(21, 21)(22, 22)(23, 23)(24, 24)(25, 25)(26, 26)(27, 27)(28, 28)(29, 29)(30, 30)(31, 31)(32, 32)(33, 33)(34, 34)(35, 35)(36, 36)(37, 37)(38, 38)(39, 39)(40, 40)(41, 41)(42, 42)(43, 43)(44, 44)(45, 45)(46, 46)(47, 47)(48, 48)(49, 49)(50, 50)(51, 51)(52, 52)(53, 53)(54, 54)(55, 55)(56, 56)(57, 57)(58, 58)(59, 59)(60, 60)(61, 61)(62, 62)(63, 63)(64, 64)(65, 65)
458480841d12331e4dea9557886acd2ac957e9cd.mp4,5f67871d5d377ddc9743ec8fce5f362f09621466.mp4	(0, 0)
458480841d12331e4dea9557886acd2ac957e9cd.mp4,6209e90f48cea8649c0c632f2486554524f11ca5.flv	(0, 0)
458480841d12331e4dea9557886acd2ac957e9cd.mp4,7b0ad0591b074a11dccac902cb5729f658645f01.mp4	(0, 0)
458480841d12331e4dea9557886acd2ac957e9cd.mp4,89b40b8ef5ec589cd8e4ebe5970e6b488f6b31ad.flv	(0, 0)(0, 1)
458480841d12331e4dea9557886acd2ac957e9cd.mp4,a8ad757811a9292d6184ff2f16f7be2ce686a605.flv	(0, 0)
458480841d12331e4dea9557886acd2ac957e9cd.mp4,b65af0803a5dcaac7776b7c8648091ca3bec8471.mp4	(0, 0)
458480841d12331e4dea9557886acd2ac957e9cd.mp4,d073f04bba4abb056f4be01b6f1bf5b58bb330de.flv	(0, 1)
458480841d12331e4dea9557886acd2ac957e9cd.mp4,d7fd4ee52ade46db49e9fbabdf5d964ce0677961.flv	(0, 1)
458480841d12331e4dea9557886acd2ac957e9cd.mp4,daa0d7da05e7475ca5cb9b2a91fb968e65725ecb.flv	(0, 0)
458480841d12331e4dea9557886acd2ac957e9cd.mp4,df9176364d95bda36fced3537e44b838cb548e78.flv	(0, 0)
458480841d12331e4dea9557886acd2ac957e9cd.mp4,f27d7252cfb03e3e051488a53801235840f7a58e.flv	(0, 0)
53ff5686f46ac55ae5357e6e7856faf0f5f15173.flv,53ff5686f46ac55ae5357e6e7856faf0f5f15173.flv	(0, 0)(1, 1)(2, 2)(3, 3)(4, 4)(5, 5)(6, 6)(7, 7)(8, 8)(9, 9)(10, 10)(11, 11)(12, 12)(13, 13)(14, 14)(15, 15)(16, 16)
53ff5686f46ac55ae5357e6e7856faf0f5f15173.flv,5f67871d5d377ddc9743ec8fce5f362f09621466.mp4	(1, 1)(3, 2)(4, 3)(5, 4)(6, 5)(7, 6)(13, 7)(15, 8)
53ff5686f46ac55ae5357e6e7856faf0f5f15173.flv,6209e90f48cea8649c0c632f2486554524f11ca5.flv	(1, 1)
53ff5686f46ac55ae5357e6e7856faf0f5f15173.flv,6885d63183d393307f6f2206f0dfaccec2d09389.mp4	(6, 6)(7, 7)
53ff5686f46ac55ae5357e6e7856faf0f5f15173.flv,6c6135f9fb597c1d4a1e96861c4d90a03544d570.mp4	(7, 0)
53ff5686f46ac55ae5357e6e7856faf0f5f15173.flv,7b0ad0591b074a11dccac902cb5729f658645f01.mp4	(1, 1)(3, 2)(4, 3)(13, 8)(15, 9)
53ff5686f46ac55ae5357e6e7856faf0f5f15173.flv,89b40b8ef5ec589cd8e4ebe5970e6b488f6b31ad.flv	(0, 10)(1, 13)(2, 15)(15, 71)
53ff5686f46ac55ae5357e6e7856faf0f5f15173.flv,91b2f55c188b8aa362fd2d2ac6bd08dbe7146bd5.flv	(6, 2)
53ff5686f46ac55ae5357e6e7856faf0f5f15173.flv,91b2f55c188b8aa362fd2d2ac6bd08dbe7146bd5.flv	(13, 3)(15, 4)
53ff5686f46ac55ae5357e6e7856faf0f5f15173.flv,a8ad757811a9292d6184ff2f16f7be2ce686a605.flv	(1, 1)(3, 2)(4, 3)(5, 4)(6, 5)(7, 6)
53ff5686f46ac55ae5357e6e7856faf0f5f15173.flv,a92bd54b230f71a3542ffda4285be00336118261.flv	(1, 1)(3, 2)(4, 3)(5, 4)(6, 5)
53ff5686f46ac55ae5357e6e7856faf0f5f15173.flv,bb1de1926803eea0fa311556b1c991fab3a73396.flv	(3, 2)(4, 3)
53ff5686f46ac55ae5357e6e7856faf0f5f15173.flv,bb1de1926803eea0fa311556b1c991fab3a73396.flv	(13, 9)
53ff5686f46ac55ae5357e6e7856faf0f5f15173.flv,bb1de1926803eea0fa311556b1c991fab3a73396.flv	(15, 10)
53ff5686f46ac55ae5357e6e7856faf0f5f15173.flv,bc0f16fd0538091a9e1eba02a8da9559e2751f6f.mp4	(0, 1)(1, 3)(6, 8)(7, 9)
53ff5686f46ac55ae5357e6e7856faf0f5f15173.flv,d073f04bba4abb056f4be01b6f1bf5b58bb330de.flv	(0, 2)(1, 3)(3, 4)(4, 5)(5, 6)(6, 7)(7, 8)(15, 11)
53ff5686f46ac55ae5357e6e7856faf0f5f15173.flv,d7fd4ee52ade46db49e9fbabdf5d964ce0677961.flv	(1, 4)(3, 5)(4, 6)(5, 7)(6, 8)(7, 9)(13, 10)(15, 11)
53ff5686f46ac55ae5357e6e7856faf0f5f15173.flv,d8bc8b695ab831b8f511dd2ab56d7e7ac0cd1a21.flv	(1, 1)(3, 2)(4, 3)(5, 4)(6, 5)(7, 6)(13, 7)(15, 9)
53ff5686f46ac55ae5357e6e7856faf0f5f15173.flv,daa0d7da05e7475ca5cb9b2a91fb968e65725ecb.flv	(1, 1)
53ff5686f46ac55ae5357e6e7856faf0f5f15173.flv,df9176364d95bda36fced3537e44b838cb548e78.flv	(1, 1)(3, 2)(4, 3)(5, 4)(6, 5)(7, 6)
53ff5686f46ac55ae5357e6e7856faf0f5f15173.flv,e3cfb1f40fb5690a700aba9ac1fa35be2fd4ff1f.flv	(5, 0)
53ff5686f46ac55ae5357e6e7856faf0f5f15173.flv,e3cfb1f40fb5690a700aba9ac1fa35be2fd4ff1f.flv	
53ff5686f46ac55ae5357e6e7856faf0f5f15173.flv,eaa384490867c32e4b3cc0d7d969af63d1a6edda.flv	(5, 0)
53ff5686f46ac55ae5357e6e7856faf0f5f15173.flv,ecae756c95dc0d66827d30767e944c781eef7ea7.flv	(1, 1)(3, 2)(4, 3)(5, 4)(6, 5)(7, 6)(13, 7)(15, 9)
53ff5686f46ac55ae5357e6e7856faf0f5f15173.flv,edae2238f87dce9981af2e1c472096e6694da1a1.flv	(1, 0)(3, 1)(4, 3)(5, 5)(6, 7)(7, 9)(13, 12)(15, 14)
53ff5686f46ac55ae5357e6e7856faf0f5f15173.flv,f27d7252cfb03e3e051488a53801235840f7a58e.flv	(1, 1)(3, 2)(4, 3)(5, 4)(6, 5)(7, 6)
53ff5686f46ac55ae5357e6e7856faf0f5f15173.flv,fc168483b05a1a3534dedd973585642bd0f0edb8.flv	(0, 2)(1, 3)
5f67871d5d377ddc9743ec8fce5f362f09621466.mp4,5f67871d5d377ddc9743ec8fce5f362f09621466.mp4	(0, 0)(1, 1)(2, 2)(3, 3)(4, 4)(5, 5)(6, 6)(7, 7)(8, 8)(9, 9)(10, 10)
5f67871d5d377ddc9743ec8fce5f362f09621466.mp4,6209e90f48cea8649c0c632f2486554524f11ca5.flv	(0, 0)(1, 1)
5f67871d5d377ddc9743ec8fce5f362f09621466.mp4,6885d63183d393307f6f2206f0dfaccec2d09389.mp4	(0, 1)(5, 6)(6, 7)(7, 8)(8, 9)(9, 10)
5f67871d5d377ddc9743ec8fce5f362f09621466.mp4,6c6135f9fb597c1d4a1e96861c4d90a03544d570.mp4	
5f67871d5d377ddc9743ec8fce5f362f09621466.mp4,7b0ad0591b074a11dccac902cb5729f658645f01.mp4	(0, 0)(1, 1)(2, 2)(3, 3)(4, 5)(5, 6)(6, 7)(7, 8)(8, 9)
5f67871d5d377ddc9743ec8fce5f362f09621466.mp4,89b40b8ef5ec589cd8e4ebe5970e6b488f6b31ad.flv	(8, 68)
5f67871d5d377ddc9743ec8fce5f362f09621466.mp4,91b2f55c188b8aa362fd2d2ac6bd08dbe7146bd5.flv	(3, 0)
5f67871d5d377ddc9743ec8fce5f362f09621466.mp4,91b2f55c188b8aa362fd2d2ac6bd08dbe7146bd5.flv	
5f67871d5d377ddc9743ec8fce5f362f09621466.mp4,a8ad757811a9292d6184ff2f16f7be2ce686a605.flv	(0, 0)(1, 1)(2, 2)(3, 3)(4, 4)(5, 5)(6, 6)(7, 7)(8, 8)(9, 9)
5f67871d5d377ddc9743ec8fce5f362f09621466.mp4,a92bd54b230f71a3542ffda4285be00336118261.flv	(0, 0)(1, 1)(2, 2)(3, 3)(4, 4)(5, 5)
5f67871d5d377ddc9743ec8fce5f362f09621466.mp4,b65af0803a5dcaac7776b7c8648091ca3bec8471.mp4	(0, 0)
5f67871d5d377ddc9743ec8fce5f362f09621466.mp4,bb1de1926803eea0fa311556b1c991fab3a73396.flv	(2, 2)(3, 3)
5f67871d5d377ddc9743ec8fce5f362f09621466.mp4,bb1de1926803eea0fa311556b1c991fab3a73396.flv	(4, 6)(7, 9)
5f67871d5d377ddc9743ec8fce5f362f09621466.mp4,bb1de1926803eea0fa311556b1c991fab3a73396.flv	(8, 10)(9, 11)
5f67871d5d377ddc9743ec8fce5f362f09621466.mp4,bc0f16fd0538091a9e1eba02a8da9559e2751f6f.mp4	(1, 3)(2, 4)(3, 5)(5, 8)
5f67871d5d377ddc9743ec8fce5f362f09621466.mp4,d073f04bba4abb056f4be01b6f1bf5b58bb330de.flv	(0, 1)(1, 3)(2, 4)(3, 5)(4, 6)(5, 7)(6, 8)(7, 9)(8, 11)
5f67871d5d377ddc9743ec8fce5f362f09621466.mp4,d7fd4ee52ade46db49e9fbabdf5d964ce0677961.flv	(0, 3)(1, 4)(2, 5)(3, 6)(4, 7)(5, 8)(6, 9)(7, 10)(8, 11)(9, 12)
5f67871d5d377ddc9743ec8fce5f362f09621466.mp4,d8bc8b695ab831b8f511dd2ab56d7e7ac0cd1a21.flv	(0, 0)(1, 1)(2, 2)(3, 3)(4, 4)(5, 5)(6, 6)(7, 7)(8, 8)
5f67871d5d377ddc9743ec8fce5f362f09621466.mp4,daa0d7da05e7475ca5cb9b2a91fb968e65725ecb.flv	(0, 0)(1, 1)
5f67871d5d377ddc9743ec8fce5f362f09621466.mp4,df9176364d95bda36fced3537e44b838cb548e78.flv	(0, 0)(1, 1)(2, 2)(3, 3)(4, 4)(5, 5)(6, 6)(7, 7)(8, 8)
5f67871d5d377ddc9743ec8fce5f362f09621466.mp4,e3cfb1f40fb5690a700aba9ac1fa35be2fd4ff1f.flv	(4, 0)
5f67871d5d377ddc9743ec8fce5f362f09621466.mp4,e3cfb1f40fb5690a700aba9ac1fa35be2fd4ff1f.flv	(8, 1)
5f67871d5d377ddc9743ec8fce5f362f09621466.mp4,eaa384490867c32e4b3cc0d7d969af63d1a6edda.flv	(4, 0)
5f67871d5d377ddc9743ec8fce5f362f09621466.mp4,ecae756c95dc0d66827d30767e944c781eef7ea7.flv	(0, 0)(1, 1)(2, 2)(3, 3)(4, 4)(5, 5)(6, 6)(7, 7)(8, 8)
5f67871d5d377ddc9743ec8fce5f362f09621466.mp4,edae2238f87dce9981af2e1c472096e6694da1a1.flv	(1, 0)(2, 2)(3, 3)(4, 5)(5, 7)(6, 9)(7, 11)(8, 13)
5f67871d5d377ddc9743ec8fce5f362f09621466.mp4,f27d7252cfb03e3e051488a53801235840f7a58e.flv	(0, 0)(1, 1)(2, 2)(3, 3)(4, 4)(5, 5)(6, 6)(7, 7)(8, 8)
5f67871d5d377ddc9743ec8fce5f362f09621466.mp4,fc168483b05a1a3534dedd973585642bd0f0edb8.flv	(0, 2)(1, 3)
6209e90f48cea8649c0c632f2486554524f11ca5.flv,6209e90f48cea8649c0c632f2486554524f11ca5.flv	(0, 0)(1, 1)(2, 2)
6209e90f48cea8649c0c632f2486554524f11ca5.flv,6885d63183d393307f6f2206f0dfaccec2d09389.mp4	(2, 2)
6209e90f48cea8649c0c632f2486554524f11ca5.flv,7b0ad0591b074a11dccac902cb5729f658645f01.mp4	(0, 0)(1, 1)
6209e90f48cea8649c0c632f2486554524f11ca5.flv,89b40b8ef5ec589cd8e4ebe5970e6b488f6b31ad.flv	(0, 5)(2, 14)
6209e90f48cea8649c0c632f2486554524f11ca5.flv,a8ad757811a9292d6184ff2f16f7be2ce686a605.flv	(0, 0)(1, 1)(2, 2)
6209e90f48cea8649c0c632f2486554524f11ca5.flv,a92bd54b230f71a3542ffda4285be00336118261.flv	(0, 0)(1, 1)
6209e90f48cea8649c0c632f2486554524f11ca5.flv,b65af0803a5dcaac7776b7c8648091ca3bec8471.mp4	(0, 0)
6209e90f48cea8649c0c632f2486554524f11ca5.flv,bb1de1926803eea0fa311556b1c991fab3a73396.flv	(2, 2)
6209e90f48cea8649c0c632f2486554524f11ca5.flv,bc0f16fd0538091a9e1eba02a8da9559e2751f6f.mp4	(0, 0)
6209e90f48cea8649c0c632f2486554524f11ca5.flv,d073f04bba4abb056f4be01b6f1bf5b58bb330de.flv	(0, 1)(1, 3)
6209e90f48cea8649c0c632f2486554524f11ca5.flv,d7fd4ee52ade46db49e9fbabdf5d964ce0677961.flv	(0, 3)(1, 4)
6209e90f48cea8649c0c632f2486554524f11ca5.flv,d8bc8b695ab831b8f511dd2ab56d7e7ac0cd1a21.flv	(0, 0)(1, 1)
6209e90f48cea8649c0c632f2486554524f11ca5.flv,daa0d7da05e7475ca5cb9b2a91fb968e65725ecb.flv	(0, 0)(1, 1)
6209e90f48cea8649c0c632f2486554524f11ca5.flv,df9176364d95bda36fced3537e44b838cb548e78.flv	(0, 0)(1, 1)(2, 2)
6209e90f48cea8649c0c632f2486554524f11ca5.flv,ecae756c95dc0d66827d30767e944c781eef7ea7.flv	(0, 0)(1, 1)(2, 2)
6209e90f48cea8649c0c632f2486554524f11ca5.flv,edae2238f87dce9981af2e1c472096e6694da1a1.flv	
6209e90f48cea8649c0c632f2486554524f11ca5.flv,f27d7252cfb03e3e051488a53801235840f7a58e.flv	(0, 0)(1, 1)(2, 2)
6209e90f48cea8649c0c632f2486554524f11ca5.flv,fc168483b05a1a3534dedd973585642bd0f0edb8.flv	
6885d63183d393307f6f2206f0dfaccec2d09389.mp4,6885d63183d393307f6f2206f0dfaccec2d09389.mp4	(0, 0)(1, 1)(2, 2)(3, 3)(4, 4)(5, 5)(6, 6)(7, 7)(8, 8)(9, 9)(10, 10)(11, 11)(12, 12)(13, 13)(14, 14)(15, 15)(16, 16)(17, 17)(18, 18)(19, 19)(20, 20)
6885d63183d393307f6f2206f0dfaccec2d09389.mp4,6c6135f9fb597c1d4a1e96861c4d90a03544d570.mp4	(7, 0)(8, 1)(9, 2)
6885d63183d393307f6f2206f0dfaccec2d09389.mp4,7b0ad0591b074a11dccac902cb5729f658645f01.mp4	(1, 0)
6885d63183d393307f6f2206f0dfaccec2d09389.mp4,89b40b8ef5ec589cd8e4ebe5970e6b488f6b31ad.flv	(8, 61)(9, 68)(10, 71)
6885d63183d393307f6f2206f0dfaccec2d09389.mp4,91b2f55c188b8aa362fd2d2ac6bd08dbe7146bd5.flv	(4, 0)(6, 2)
6885d63183d393307f6f2206f0dfaccec2d09389.mp4,91b2f55c188b8aa362fd2d2ac6bd08dbe7146bd5.flv	(9, 3)(10, 4)
6885d63183d393307f6f2206f0dfaccec2d09389.mp4,a8ad757811a9292d6184ff2f16f7be2ce686a605.flv	(6, 5)(7, 6)(8, 7)(9, 8)(10, 9)
6885d63183d393307f6f2206f0dfaccec2d09389.mp4,a92bd54b230f71a3542ffda4285be00336118261.flv	(1, 0)(2, 1)(3, 2)(4, 3)
6885d63183d393307f6f2206f0dfaccec2d09389.mp4,bb1de1926803eea0fa311556b1c991fab3a73396.flv	(3, 2)(4, 3)(5, 5)
6885d63183d393307f6f2206f0dfaccec2d09389.mp4,bb1de1926803eea0fa311556b1c991fab3a73396.flv	
6885d63183d393307f6f2206f0dfaccec2d09389.mp4,bb1de1926803eea0fa311556b1c991fab3a73396.flv	(9, 10)(10, 11)
6885d63183d393307f6f2206f0dfaccec2d09389.mp4,bc0f16fd0538091a9e1eba02a8da9559e2751f6f.mp4	(1, 1)(2, 3)(3, 4)(4, 5)(6, 8)(7, 9)
6885d63183d393307f6f2206f0dfaccec2d09389.mp4,d073f04bba4abb056f4be01b6f1bf5b58bb330de.flv	(1, 1)(2, 3)(6, 7)(7, 8)(8, 9)
6885d63183d393307f6f2206f0dfaccec2d09389.mp4,d7fd4ee52ade46db49e9fbabdf5d964ce0677961.flv	(1, 3)(6, 8)(7, 9)(8, 10)(9, 11)(10, 12)
6885d63183d393307f6f2206f0dfaccec2d09389.mp4,d8bc8b695ab831b8f511dd2ab56d7e7ac0cd1a21.flv	(1, 0)(2, 1)(3, 2)(4, 3)(6, 5)(7, 6)(8, 7)(9, 8)(10, 9)
6885d63183d393307f6f2206f0dfaccec2d09389.mp4,daa0d7da05e7475ca5cb9b2a91fb968e65725ecb.flv	(1, 0)(2, 1)
6885d63183d393307f6f2206f0dfaccec2d09389.mp4,df9176364d95bda36fced3537e44b838cb548e78.flv	(6, 5)(7, 6)(8, 7)(9, 8)(10, 9)
6885d63183d393307f6f2206f0dfaccec2d09389.mp4,e3cfb1f40fb5690a700aba9ac1fa35be2fd4ff1f.flv	(4, 0)
6885d63183d393307f6f2206f0dfaccec2d09389.mp4,e3cfb1f40fb5690a700aba9ac1fa35be2fd4ff1f.flv	(9, 1)(10, 2)
6885d63183d393307f6f2206f0dfaccec2d09389.mp4,eaa384490867c32e4b3cc0d7d969af63d1a6edda.flv	(4, 0)
6885d63183d393307f6f2206f0dfaccec2d09389.mp4,ecae756c95dc0d66827d30767e944c781eef7ea7.flv	(1, 0)(6, 5)(7, 6)(8, 7)(9, 8)(10, 9)
6885d63183d393307f6f2206f0dfaccec2d09389.mp4,edae2238f87dce9981af2e1c472096e6694da1a1.flv	(2, 0)(3, 2)(4, 4)(6, 7)(7, 9)(8, 11)(9, 13)(10, 14)
6885d63183d393307f6f2206f0dfaccec2d09389.mp4,f27d7252cfb03e3e051488a53801235840f7a58e.flv	(6, 5)(7, 6)(8, 7)(9, 8)(10, 9)
6885d63183d393307f6f2206f0dfaccec2d09389.mp4,fc168483b05a1a3534dedd973585642bd0f0edb8.flv	(1, 2)(2, 3)
6c6135f9fb597c1d4a1e96861c4d90a03544d570.mp4,6c6135f9fb597c1d4a1e96861c4d90a03544d570.mp4	(0, 0)(1, 1)(2, 2)
6c6135f9fb597c1d4a1e96861c4d90a03544d570.mp4,7b0ad0591b074a11dccac902cb5729f658645f01.mp4	(0, 6)(2, 8)
6c6135f9fb597c1d4a1e96861c4d90a03544d570.mp4,89b40b8ef5ec589cd8e4ebe5970e6b488f6b31ad.flv	(1, 61)(2, 65)
6c6135f9fb597c1d4a1e96861c4d90a03544d570.mp4,a8ad757811a9292d6184ff2f16f7be2ce686a605.flv	(0, 6)(1, 7)(2, 8)
6c6135f9fb597c1d4a1e96861c4d90a03544d570.mp4,bb1de1926803eea0fa311556b1c991fab3a73396.flv	(0, 7)(1, 8)(2, 9)
6c6135f9fb597c1d4a1e96861c4d90a03544d570.mp4,bb1de1926803eea0fa311556b1c991fab3a73396.flv	(2, 10)
6c6135f9fb597c1d4a1e96861c4d90a03544d570.mp4,bc0f16fd0538091a9e1eba02a8da9559e2751f6f.mp4	(0, 9)
6c6135f9fb597c1d4a1e96861c4d90a03544d570.mp4,d073f04bba4abb056f4be01b6f1bf5b58bb330de.flv	(0, 8)(1, 9)(2, 10)
6c6135f9fb597c1d4a1e96861c4d90a03544d570.mp4,d7fd4ee52ade46db49e9fbabdf5d964ce0677961.flv	
6c6135f9fb597c1d4a1e96861c4d90a03544d570.mp4,d8bc8b695ab831b8f511dd2ab56d7e7ac0cd1a21.flv	
6c6135f9fb597c1d4a1e96861c4d90a03544d570.mp4,df9176364d95bda36fced3537e44b838cb548e78.flv	(0, 6)(1, 7)(2, 8)
6c6135f9fb597c1d4a1e96861c4d90a03544d570.mp4,ecae756c95dc0d66827d30767e944c781eef7ea7.flv	(0, 6)(1, 7)(2, 8)
6c6135f9fb597c1d4a1e96861c4d90a03544d570.mp4,edae2238f87dce9981af2e1c472096e6694da1a1.flv	
6c6135f9fb597c1d4a1e96861c4d90a03544d570.mp4,f27d7252cfb03e3e051488a53801235840f7a58e.flv	(0, 6)(1, 7)(2, 8)
77cf367bdc30892faa364bab0006c316a4e86f8e.flv,77cf367bdc30892faa364bab0006c316a4e86f8e.flv	(0, 0)(1, 1)(2, 2)(3, 3)(4, 4)(5, 5)(6, 6)(7, 7)(8, 8)(9, 9)(10, 10)
77cf367bdc30892faa364bab0006c316a4e86f8e.flv,9b618181a0cb19eaaa18728b72825b0b4d7d5ef4.mp4	(6, 1)
7b0ad0591b074a11dccac902cb5729f658645f01.mp4,7b0ad0591b074a11dccac902cb5729f658645f01.mp4	(0, 0)(1, 1)(2, 2)(3, 3)(4, 4)(5, 5)(6, 6)(7, 7)(8, 8)(9, 9)
7b0ad0591b074a11dccac902cb5729f658645f01.mp4,89b40b8ef5ec589cd8e4ebe5970e6b488f6b31ad.flv	(5, 44)(9, 71)
7b0ad0591b074a11dccac902cb5729f658645f01.mp4,91b2f55c188b8aa362fd2d2ac6bd08dbe7146bd5.flv	(3, 0)(5, 2)
7b0ad0591b074a11dccac902cb5729f658645f01.mp4,91b2f55c188b8aa362fd2d2ac6bd08dbe7146bd5.flv	(8, 3)(9, 4)
7b0ad0591b074a11dccac902cb5729f658645f01.mp4,a8ad757811a9292d6184ff2f16f7be2ce686a605.flv	(0, 0)(1, 1)(2, 2)(3, 3)(9, 9)
7b0ad0591b074a11dccac902cb5729f658645f01.mp4,a92bd54b230f71a3542ffda4285be00336118261.flv	(0, 0)(1, 1)(2, 2)(3, 3)(5, 4)(6, 5)
7b0ad0591b074a11dccac902cb5729f658645f01.mp4,b65af0803a5dcaac7776b7c8648091ca3bec8471.mp4	(0, 0)
7b0ad0591b074a11dccac902cb5729f658645f01.mp4,bb1de1926803eea0fa311556b1c991fab3a73396.flv	(2, 2)(3, 3)(5, 4)
7b0ad0591b074a11dccac902cb5729f658645f01.mp4,bb1de1926803eea0fa311556b1c991fab3a73396.flv	(5, 6)(6, 7)(7, 8)(8, 9)
7b0ad0591b074a11dccac902cb5729f658645f01.mp4,bb1de1926803eea0fa311556b1c991fab3a73396.flv	(9, 10)
7b0ad0591b074a11dccac902cb5729f658645f01.mp4,bc0f16fd0538091a9e1eba02a8da9559e2751f6f.mp4	(0, 0)(2, 4)(3, 5)
7b0ad0591b074a11dccac902cb5729f658645f01.mp4,d073f04bba4abb056f4be01b6f1bf5b58bb330de.flv	(0, 1)(1, 3)(2, 4)(3, 5)(9, 11)
7b0ad0591b074a11dccac902cb5729f658645f01.mp4,d7fd4ee52ade46db49e9fbabdf5d964ce0677961.flv	(0, 3)(1, 4)(2, 5)(3, 6)(5, 7)(6, 8)(7, 9)(8, 10)(9, 11)
7b0ad0591b074a11dccac902cb5729f658645f01.mp4,d8bc8b695ab831b8f511dd2ab56d7e7ac0cd1a21.flv	(0, 0)(1, 1)(2, 2)(3, 3)(5, 4)(6, 5)(7, 6)(8, 7)(9, 9)
7b0ad0591b074a11dccac902cb5729f658645f01.mp4,daa0d7da05e7475ca5cb9b2a91fb968e65725ecb.flv	(0, 0)(1, 1)
7b0ad0591b074a11dccac902cb5729f658645f01.mp4,df9176364d95bda36fced3537e44b838cb548e78.flv	(0, 0)(1, 1)(2, 2)(3, 3)
7b0ad0591b074a11dccac902cb5729f658645f01.mp4,e3cfb1f40fb5690a700aba9ac1fa35be2fd4ff1f.flv	
7b0ad0591b074a11dccac902cb5729f658645f01.mp4,e3cfb1f40fb5690a700aba9ac1fa35be2fd4ff1f.flv	
7b0ad0591b074a11dccac902cb5729f658645f01.mp4,eaa384490867c32e4b3cc0d7d969af63d1a6edda.flv	
7b0ad0591b074a11dccac902cb5729f658645f01.mp4,ecae756c95dc0d66827d30767e944c781eef7ea7.flv	(0, 0)(1, 1)(2, 2)(3, 3)(9, 9)
7b0ad0591b074a11dccac902cb5729f658645f01.mp4,edae2238f87dce9981af2e1c472096e6694da1a1.flv	(1, 0)(2, 1)(3, 3)(5, 6)(6, 8)(7, 10)(8, 12)(9, 14)
7b0ad0591b074a11dccac902cb5729f658645f01.mp4,f27d7252cfb03e3e051488a53801235840f7a58e.flv	(0, 0)(1, 1)(2, 2)(3, 3)
7b0ad0591b074a11dccac902cb5729f658645f01.mp4,fc168483b05a1a3534dedd973585642bd0f0edb8.flv	(0, 2)(1, 3)
89b40b8ef5ec589cd8e4ebe5970e6b488f6b31ad.flv,89b40b8ef5ec589cd8e4ebe5970e6b488f6b31ad.flv	(0, 0)(1, 1)(2, 2)(3, 3)(4, 4)(5, 5)(6, 6)(7, 7)(8, 8)(9, 9)(10, 10)(11, 11)(12, 12)(13, 13)(14, 14)(15, 15)(16, 16)(17, 17)(18, 18)(19, 19)(20, 20)(21, 21)(22, 22)(23, 23)(24, 24)(25, 25)(26, 26)(27, 27)(28, 28)(29, 29)(30, 30)(31, 31)(32, 32)(33, 33)(34, 34)(35, 35)(36, 36)(37, 37)(38, 38)(39, 39)(40, 40)(41, 41)(42, 42)(43, 43)(44, 44)(45, 45)(46, 46)(47, 47)(48, 48)(49, 49)(50, 50)(51, 51)(52, 52)(53, 53)(54, 54)(55, 55)(56, 56)(57, 57)(58, 58)(59, 59)(60, 60)(61, 61)(62, 62)(63, 63)(64, 64)(65, 65)(66, 66)(67, 67)(68, 68)(69, 69)(70, 70)(71, 71)(72, 72)(73, 73)(74, 74)(75, 75)
89b40b8ef5ec589cd8e4ebe5970e6b488f6b31ad.flv,91b2f55c188b8aa362fd2d2ac6bd08dbe7146bd5.flv	(44, 2)
89b40b8ef5ec589cd8e4ebe5970e6b488f6b31ad.flv,91b2f55c188b8aa362fd2d2ac6bd08dbe7146bd5.flv	(71, 4)
89b40b8ef5ec589cd8e4ebe5970e6b488f6b31ad.flv,a8ad757811a9292d6184ff2f16f7be2ce686a605.flv	(5, 0)(61, 7)(68, 8)(71, 9)
89b40b8ef5ec589cd8e4ebe5970e6b488f6b31ad.flv,a92bd54b230f71a3542ffda4285be00336118261.flv	(44, 4)(48, 5)
89b40b8ef5ec589cd8e4ebe5970e6b488f6b31ad.flv,b65af0803a5dcaac7776b7c8648091ca3bec8471.mp4	
89b40b8ef5ec589cd8e4ebe5970e6b488f6b31ad.flv,bb1de1926803eea0fa311556b1c991fab3a73396.flv	
89b40b8ef5ec589cd8e4ebe5970e6b488f6b31ad.flv,bb1de1926803eea0fa311556b1c991fab3a73396.flv	(44, 6)(65, 9)
89b40b8ef5ec589cd8e4ebe5970e6b488f6b31ad.flv,bb1de1926803eea0fa311556b1c991fab3a73396.flv	(68, 10)
89b40b8ef5ec589cd8e4ebe5970e6b488f6b31ad.flv,bc0f16fd0538091a9e1eba02a8da9559e2751f6f.mp4	(5, 0)(10, 1)(42, 6)(52, 9)
89b40b8ef5ec589cd8e4ebe5970e6b488f6b31ad.flv,d073f04bba4abb056f4be01b6f1bf5b58bb330de.flv	(10, 2)(13, 3)(61, 9)(65, 10)
89b40b8ef5ec589cd8e4ebe5970e6b488f6b31ad.flv,d7fd4ee52ade46db49e9fbabdf5d964ce0677961.flv	(0, 0)(68, 11)
89b40b8ef5ec589cd8e4ebe5970e6b488f6b31ad.flv,d8bc8b695ab831b8f511dd2ab56d7e7ac0cd1a21.flv	(68, 8)(71, 9)
89b40b8ef5ec589cd8e4ebe5970e6b488f6b31ad.flv,daa0d7da05e7475ca5cb9b2a91fb968e65725ecb.flv	
89b40b8ef5ec589cd8e4ebe5970e6b488f6b31ad.flv,df9176364d95bda36fced3537e44b838cb548e78.flv	(5, 0)(61, 7)(68, 8)(71, 9)(73, 10)(73, 11)
89b40b8ef5ec589cd8e4ebe5970e6b488f6b31ad.flv,e3cfb1f40fb5690a700aba9ac1fa35be2fd4ff1f.flv	(44, 1)
89b40b8ef5ec589cd8e4ebe5970e6b488f6b31ad.flv,e3cfb1f40fb5690a700aba9ac1fa35be2fd4ff1f.flv	(68, 1)(71, 2)
89b40b8ef5ec589cd8e4ebe5970e6b488f6b31ad.flv,eaa384490867c32e4b3cc0d7d969af63d1a6edda.flv	
89b40b8ef5ec589cd8e4ebe5970e6b488f6b31ad.flv,ecae756c95dc0d66827d30767e944c781eef7ea7.flv	(5, 0)(61, 7)(68, 8)(71, 9)
89b40b8ef5ec589cd8e4ebe5970e6b488f6b31ad.flv,edae2238f87dce9981af2e1c472096e6694da1a1.flv	(13, 0)(17, 1)(23, 2)(30, 3)(36, 4)(44, 6)(61, 11)(65, 12)(68, 13)(71, 14)
89b40b8ef5ec589cd8e4ebe5970e6b488f6b31ad.flv,f27d7252cfb03e3e051488a53801235840f7a58e.flv	(5, 0)(61, 7)(68, 8)(71, 9)
89b40b8ef5ec589cd8e4ebe5970e6b488f6b31ad.flv,fc168483b05a1a3534dedd973585642bd0f0edb8.flv	(13, 3)
91b2f55c188b8aa362fd2d2ac6bd08dbe7146bd5.flv,91b2f55c188b8aa362fd2d2ac6bd08dbe7146bd5.flv	(0, 0)(1, 1)(2, 2)(3, 3)(4, 4)
91b2f55c188b8aa362fd2d2ac6bd08dbe7146bd5.flv,a8ad757811a9292d6184ff2f16f7be2ce686a605.flv	(2, 5)
91b2f55c188b8aa362fd2d2ac6bd08dbe7146bd5.flv,a8ad757811a9292d6184ff2f16f7be2ce686a605.flv	(3, 8)(4, 9)
91b2f55c188b8aa362fd2d2ac6bd08dbe7146bd5.flv,a92bd54b230f71a3542ffda4285be00336118261.flv	(0, 3)(2, 4)
91b2f55c188b8aa362fd2d2ac6bd08dbe7146bd5.flv,bb1de1926803eea0fa311556b1c991fab3a73396.flv	(0, 3)(1, 5)
91b2f55c188b8aa362fd2d2ac6bd08dbe7146bd5.flv,bb1de1926803eea0fa311556b1c991fab3a73396.flv	(3, 9)
91b2f55c188b8aa362fd2d2ac6bd08dbe7146bd5.flv,bb1de1926803eea0fa311556b1c991fab3a73396.flv	(3, 10)
91b2f55c188b8aa362fd2d2ac6bd08dbe7146bd5.flv,bc0f16fd0538091a9e1eba02a8da9559e2751f6f.mp4	(0, 5)(2, 8)
91b2f55c188b8aa362fd2d2ac6bd08dbe7146bd5.flv,d073f04bba4abb056f4be01b6f1bf5b58bb330de.flv	(2, 7)
91b2f55c188b8aa362fd2d2ac6bd08dbe7146bd5.flv,d073f04bba4abb056f4be01b6f1bf5b58bb330de.flv	(4, 11)
91b2f55c188b8aa362fd2d2ac6bd08dbe7146bd5.flv,d7fd4ee52ade46db49e9fbabdf5d964ce0677961.flv	(0, 6)
91b2f55c188b8aa362fd2d2ac6bd08dbe7146bd5.flv,d7fd4ee52ade46db49e9fbabdf5d964ce0677961.flv	
91b2f55c188b8aa362fd2d2ac6bd08dbe7146bd5.flv,d8bc8b695ab831b8f511dd2ab56d7e7ac0cd1a21.flv	(0, 3)
91b2f55c188b8aa362fd2d2ac6bd08dbe7146bd5.flv,d8bc8b695ab831b8f511dd2ab56d7e7ac0cd1a21.flv	(4, 9)
91b2f55c188b8aa362fd2d2ac6bd08dbe7146bd5.flv,df9176364d95bda36fced3537e44b838cb548e78.flv	(2, 5)
91b2f55c188b8aa362fd2d2ac6bd08dbe7146bd5.flv,df9176364d95bda36fced3537e44b838cb548e78.flv	(3, 8)(4, 9)
91b2f55c188b8aa362fd2d2ac6bd08dbe7146bd5.flv,e3cfb1f40fb5690a700aba9ac1fa35be2fd4ff1f.flv	(0, 0)
91b2f55c188b8aa362fd2d2ac6bd08dbe7146bd5.flv,e3cfb1f40fb5690a700aba9ac1fa35be2fd4ff1f.flv	(3, 1)(4, 2)
91b2f55c188b8aa362fd2d2ac6bd08dbe7146bd5.flv,eaa384490867c32e4b3cc0d7d969af63d1a6edda.flv	(0, 0)
91b2f55c188b8aa362fd2d2ac6bd08dbe7146bd5.flv,ecae756c95dc0d66827d30767e944c781eef7ea7.flv	(2, 5)
91b2f55c188b8aa362fd2d2ac6bd08dbe7146bd5.flv,ecae756c95dc0d66827d30767e944c781eef7ea7.flv	(3, 8)(4, 9)
91b2f55c188b8aa362fd2d2ac6bd08dbe7146bd5.flv,edae2238f87dce9981af2e1c472096e6694da1a1.flv	
91b2f55c188b8aa362fd2d2ac6bd08dbe7146bd5.flv,edae2238f87dce9981af2e1c472096e6694da1a1.flv	
91b2f55c188b8aa362fd2d2ac6bd08dbe7146bd5.flv,f27d7252cfb03e3e051488a53801235840f7a58e.flv	(2, 5)
91b2f55c188b8aa362fd2d2ac6bd08dbe7146bd5.flv,f27d7252cfb03e3e051488a53801235840f7a58e.flv	(3, 8)(4, 9)
9b618181a0cb19eaaa18728b72825b0b4d7d5ef4.mp4,9b618181a0cb19eaaa18728b72825b0b4d7d5ef4.mp4	(0, 0)(1, 1)(2, 2)(3, 3)(4, 4)
9b618181a0cb19eaaa18728b72825b0b4d7d5ef4.mp4,9d75e3dc43f2ca2384f91cc2bdcf1dd3fe0c3234.flv	(0, 14)
9d75e3dc43f2ca2384f91cc2bdcf1dd3fe0c3234.flv,9d75e3dc43f2ca2384f91cc2bdcf1dd3fe0c3234.flv	(0, 0)(1, 1)(2, 2)(3, 3)(4, 4)(5, 5)(6, 6)(7, 7)(8, 8)(9, 9)(10, 10)(11, 11)(12, 12)(13, 13)(14, 14)(15, 15)(16, 16)(17, 17)(18, 18)(19, 19)(20, 20)(21, 21)
a8ad757811a9292d6184ff2f16f7be2ce686a605.flv,a8ad757811a9292d6184ff2f16f7be2ce686a605.flv	(0, 0)(1, 1)(2, 2)(3, 3)(4, 4)(5, 5)(6, 6)(7, 7)(8, 8)(9, 9)
a8ad757811a9292d6184ff2f16f7be2ce686a605.flv,a92bd54b230f71a3542ffda4285be00336118261.flv	(0, 0)
a8ad757811a9292d6184ff2f16f7be2ce686a605.flv,b65af0803a5dcaac7776b7c8648091ca3bec8471.mp4	(0, 0)
a8ad757811a9292d6184ff2f16f7be2ce686a605.flv,bb1de1926803eea0fa311556b1c991fab3a73396.flv	(2, 2)
a8ad757811a9292d6184ff2f16f7be2ce686a605.flv,bb1de1926803eea0fa311556b1c991fab3a73396.flv	(6, 7)
a8ad757811a9292d6184ff2f16f7be2ce686a605.flv,bb1de1926803eea0fa311556b1c991fab3a73396.flv	(8, 10)(9, 11)
a8ad757811a9292d6184ff2f16f7be2ce686a605.flv,bc0f16fd0538091a9e1eba02a8da9559e2751f6f.mp4	(0, 0)(5, 8)(6, 9)
a8ad757811a9292d6184ff2f16f7be2ce686a605.flv,d073f04bba4abb056f4be01b6f1bf5b58bb330de.flv	(0, 1)(2, 4)(3, 5)(4, 6)(5, 7)(6, 8)(7, 9)
a8ad757811a9292d6184ff2f16f7be2ce686a605.flv,d7fd4ee52ade46db49e9fbabdf5d964ce0677961.flv	(0, 3)(1, 4)(2, 5)(3, 6)(4, 7)(5, 8)(6, 9)(7, 10)(8, 11)(9, 12)
a8ad757811a9292d6184ff2f16f7be2ce686a605.flv,d8bc8b695ab831b8f511dd2ab56d7e7ac0cd1a21.flv	(0, 0)(1, 1)(2, 2)(3, 3)(4, 4)(5, 5)(6, 6)(7, 7)(8, 8)(9, 9)
a8ad757811a9292d6184ff2f16f7be2ce686a605.flv,daa0d7da05e7475ca5cb9b2a91fb968e65725ecb.flv	(0, 0)(1, 1)
a8ad757811a9292d6184ff2f16f7be2ce686a605.flv,df9176364d95bda36fced3537e44b838cb548e78.flv	(0, 0)(1, 1)(2, 2)(3, 3)(4, 4)(5, 5)(6, 6)(7, 7)(8, 8)(9, 9)
a8ad757811a9292d6184ff2f16f7be2ce686a605.flv,e3cfb1f40fb5690a700aba9ac1fa35be2fd4ff1f.flv	(4, 0)
a8ad757811a9292d6184ff2f16f7be2ce686a605.flv,e3cfb1f40fb5690a700aba9ac1fa35be2fd4ff1f.flv	(8, 1)(9, 2)
a8ad757811a9292d6184ff2f16f7be2ce686a605.flv,eaa384490867c32e4b3cc0d7d969af63d1a6edda.flv	(4, 0)
a8ad757811a9292d6184ff2f16f7be2ce686a605.flv,ecae756c95dc0d66827d30767e944c781eef7ea7.flv	(0, 0)(1, 1)(2, 2)(3, 3)(4, 4)(5, 5)(6, 6)(7, 7)(8, 8)(9, 9)
a8ad757811a9292d6184ff2f16f7be2ce686a605.flv,edae2238f87dce9981af2e1c472096e6694da1a1.flv	(1, 0)(2, 1)(3, 3)(4, 5)(5, 7)(6, 9)(7, 11)(8, 13)(9, 14)
a8ad757811a9292d6184ff2f16f7be2ce686a605.flv,f27d7252cfb03e3e051488a53801235840f7a58e.flv	(0, 0)(1, 1)(2, 2)(3, 3)(4, 4)(5, 5)(6, 6)(7, 7)(8, 8)(9, 9)
a8ad757811a9292d6184ff2f16f7be2ce686a605.flv,fc168483b05a1a3534dedd973585642bd0f0edb8.flv	
a92bd54b230f71a3542ffda4285be00336118261.flv,a92bd54b230f71a3542ffda4285be00336118261.flv	(0, 0)(1, 1)(2, 2)(3, 3)(4, 4)(5, 5)
a92bd54b230f71a3542ffda4285be00336118261.flv,b65af0803a5dcaac7776b7c8648091ca3bec8471.mp4	(0, 0)
a92bd54b230f71a3542ffda4285be00336118261.flv,bb1de1926803eea0fa311556b1c991fab3a73396.flv	(2, 2)(3, 3)(4, 4)
a92bd54b230f71a3542ffda4285be00336118261.flv,bb1de1926803eea0fa311556b1c991fab3a73396.flv	(4, 6)
a92bd54b230f71a3542ffda4285be00336118261.flv,bc0f16fd0538091a9e1eba02a8da9559e2751f6f.mp4	(1, 3)(2, 4)(3, 5)
a92bd54b230f71a3542ffda4285be00336118261.flv,d073f04bba4abb056f4be01b6f1bf5b58bb330de.flv	(0, 1)(1, 3)(2, 4)
a92bd54b230f71a3542ffda4285be00336118261.flv,d7fd4ee52ade46db49e9fbabdf5d964ce0677961.flv	(0, 3)(1, 4)(2, 5)(3, 6)(4, 7)(5, 8)
a92bd54b230f71a3542ffda4285be00336118261.flv,d8bc8b695ab831b8f511dd2ab56d7e7ac0cd1a21.flv	(0, 0)(1, 1)(2, 2)(3, 3)(4, 4)(5, 5)
a92bd54b230f71a3542ffda4285be00336118261.flv,daa0d7da05e7475ca5cb9b2a91fb968e65725ecb.flv	(0, 0)(1, 1)
a92bd54b230f71a3542ffda4285be00336118261.flv,df9176364d95bda36fced3537e44b838cb548e78.flv	(0, 0)(1, 1)
a92bd54b230f71a3542ffda4285be00336118261.flv,e3cfb1f40fb5690a700aba9ac1fa35be2fd4ff1f.flv	(3, 0)
a92bd54b230f71a3542ffda4285be00336118261.flv,eaa384490867c32e4b3cc0d7d969af63d1a6edda.flv	(4, 0)
a92bd54b230f71a3542ffda4285be00336118261.flv,ecae756c95dc0d66827d30767e944c781eef7ea7.flv	(0, 0)(1, 1)(2, 2)(3, 3)(4, 4)(5, 5)
a92bd54b230f71a3542ffda4285be00336118261.flv,edae2238f87dce9981af2e1c472096e6694da1a1.flv	(1, 0)
a92bd54b230f71a3542ffda4285be00336118261.flv,f27d7252cfb03e3e051488a53801235840f7a58e.flv	(0, 0)(1, 1)
a92bd54b230f71a3542ffda4285be00336118261.flv,fc168483b05a1a3534dedd973585642bd0f0edb8.flv	(0, 2)(1, 3)
b65af0803a5dcaac7776b7c8648091ca3bec8471.mp4,b65af0803a5dcaac7776b7c8648091ca3bec8471.mp4	(0, 0)(1, 1)(2, 2)(3, 3)(4, 4)(5, 5)(6, 6)(7, 7)(8, 8)(9, 9)(10, 10)(11, 11)(12, 12)(13, 13)(14, 14)
b65af0803a5dcaac7776b7c8648091ca3bec8471.mp4,bc0f16fd0538091a9e1eba02a8da9559e2751f6f.mp4	(0, 0)
b65af0803a5dcaac7776b7c8648091ca3bec8471.mp4,d073f04bba4abb056f4be01b6f1bf5b58bb330de.flv	(0, 1)
b65af0803a5dcaac7776b7c8648091ca3bec8471.mp4,d7fd4ee52ade46db49e9fbabdf5d964ce0677961.flv	(0, 3)
b65af0803a5dcaac7776b7c8648091ca3bec8471.mp4,d8bc8b695ab831b8f511dd2ab56d7e7ac0cd1a21.flv	(0, 0)
b65af0803a5dcaac7776b7c8648091ca3bec8471.mp4,daa0d7da05e7475ca5cb9b2a91fb968e65725ecb.flv	(0, 0)
b65af0803a5dcaac7776b7c8648091ca3bec8471.mp4,df9176364d95bda36fced3537e44b838cb548e78.flv	(0, 0)
b65af0803a5dcaac7776b7c8648091ca3bec8471.mp4,f27d7252cfb03e3e051488a53801235840f7a58e.flv	(0, 0)
bb1de1926803eea0fa311556b1c991fab3a73396.flv,bb1de1926803eea0fa311556b1c991fab3a73396.flv	(0, 0)(1, 1)(2, 2)(3, 3)(4, 4)(5, 5)(6, 6)(7, 7)(8, 8)(9, 9)(10, 10)(11, 11)(12, 12)(13, 13)(14, 14)(15, 15)(16, 16)(17, 17)(18, 18)
bb1de1926803eea0fa311556b1c991fab3a73396.flv,bc0f16fd0538091a9e1eba02a8da9559e2751f6f.mp4	(2, 4)(3, 5)
bb1de1926803eea0fa311556b1c991fab3a73396.flv,bc0f16fd0538091a9e1eba02a8da9559e2751f6f.mp4	(6, 8)(7, 9)
bb1de1926803eea0fa311556b1c991fab3a73396.flv,d073f04bba4abb056f4be01b6f1bf5b58bb330de.flv	(2, 4)
bb1de1926803eea0fa311556b1c991fab3a73396.flv,d073f04bba4abb056f4be01b6f1bf5b58bb330de.flv	(6, 7)(7, 8)(8, 9)
bb1de1926803eea0fa311556b1c991fab3a73396.flv,d073f04bba4abb056f4be01b6f1bf5b58bb330de.flv	(10, 11)
bb1de1926803eea0fa311556b1c991fab3a73396.flv,d7fd4ee52ade46db49e9fbabdf5d964ce0677961.flv	(2, 5)(3, 6)
bb1de1926803eea0fa311556b1c991fab3a73396.flv,d7fd4ee52ade46db49e9fbabdf5d964ce0677961.flv	(6, 7)(9, 10)
bb1de1926803eea0fa311556b1c991fab3a73396.flv,d7fd4ee52ade46db49e9fbabdf5d964ce0677961.flv	(10, 11)(11, 12)
bb1de1926803eea0fa311556b1c991fab3a73396.flv,d8bc8b695ab831b8f511dd2ab56d7e7ac0cd1a21.flv	(2, 2)(3, 3)
bb1de1926803eea0fa311556b1c991fab3a73396.flv,d8bc8b695ab831b8f511dd2ab56d7e7ac0cd1a21.flv	(6, 4)(9, 7)
bb1de1926803eea0fa311556b1c991fab3a73396.flv,d8bc8b695ab831b8f511dd2ab56d7e7ac0cd1a21.flv	(10, 8)
bb1de1926803eea0fa311556b1c991fab3a73396.flv,df9176364d95bda36fced3537e44b838cb548e78.flv	(2, 2)
bb1de1926803eea0fa311556b1c991fab3a73396.flv,df9176364d95bda36fced3537e44b838cb548e78.flv	
bb1de1926803eea0fa311556b1c991fab3a73396.flv,df9176364d95bda36fced3537e44b838cb548e78.flv	(10, 8)(11, 9)
bb1de1926803eea0fa311556b1c991fab3a73396.flv,e3cfb1f40fb5690a700aba9ac1fa35be2fd4ff1f.flv	(3, 0)
bb1de1926803eea0fa311556b1c991fab3a73396.flv,e3cfb1f40fb5690a700aba9ac1fa35be2fd4ff1f.flv	(9, 1)
bb1de1926803eea0fa311556b1c991fab3a73396.flv,e3cfb1f40fb5690a700aba9ac1fa35be2fd4ff1f.flv	(10, 1)
bb1de1926803eea0fa311556b1c991fab3a73396.flv,eaa384490867c32e4b3cc0d7d969af63d1a6edda.flv	(3, 0)
bb1de1926803eea0fa311556b1c991fab3a73396.flv,eaa384490867c32e4b3cc0d7d969af63d1a6edda.flv	(6, 0)
bb1de1926803eea0fa311556b1c991fab3a73396.flv,ecae756c95dc0d66827d30767e944c781eef7ea7.flv	(2, 2)(3, 3)
bb1de1926803eea0fa311556b1c991fab3a73396.flv,ecae756c95dc0d66827d30767e944c781eef7ea7.flv	
bb1de1926803eea0fa311556b1c991fab3a73396.flv,ecae756c95dc0d66827d30767e944c781eef7ea7.flv	(10, 8)
bb1de1926803eea0fa311556b1c991fab3a73396.flv,edae2238f87dce9981af2e1c472096e6694da1a1.flv	
bb1de1926803eea0fa311556b1c991fab3a73396.flv,edae2238f87dce9981af2e1c472096e6694da1a1.flv	(9, 13)
bb1de1926803eea0fa311556b1c991fab3a73396.flv,edae2238f87dce9981af2e1c472096e6694da1a1.flv	
bb1de1926803eea0fa311556b1c991fab3a73396.flv,f27d7252cfb03e3e051488a53801235840f7a58e.flv	(2, 2)
bb1de1926803eea0fa311556b1c991fab3a73396.flv,f27d7252cfb03e3e051488a53801235840f7a58e.flv	
bb1de1926803eea0fa311556b1c991fab3a73396.flv,f27d7252cfb03e3e051488a53801235840f7a58e.flv	(10, 8)
bc0f16fd0538091a9e1eba02a8da9559e2751f6f.mp4,bc0f16fd0538091a9e1eba02a8da9559e2751f6f.mp4	(0, 0)(1, 1)(2, 2)(3, 3)(4, 4)(5, 5)(6, 6)(7, 7)(8, 8)(9, 9)
bc0f16fd0538091a9e1eba02a8da9559e2751f6f.mp4,d073f04bba4abb056f4be01b6f1bf5b58bb330de.flv	(0, 1)(3, 3)(8, 7)(9, 8)
bc0f16fd0538091a9e1eba02a8da9559e2751f6f.mp4,d7fd4ee52ade46db49e9fbabdf5d964ce0677961.flv	(3, 4)(4, 5)(5, 6)(8, 8)
bc0f16fd0538091a9e1eba02a8da9559e2751f6f.mp4,d8bc8b695ab831b8f511dd2ab56d7e7ac0cd1a21.flv	(3, 1)(4, 2)(5, 3)(8, 5)
bc0f16fd0538091a9e1eba02a8da9559e2751f6f.mp4,daa0d7da05e7475ca5cb9b2a91fb968e65725ecb.flv	(0, 0)(3, 1)
bc0f16fd0538091a9e1eba02a8da9559e2751f6f.mp4,df9176364d95bda36fced3537e44b838cb548e78.flv	(0, 0)(8, 5)(9, 6)
bc0f16fd0538091a9e1eba02a8da9559e2751f6f.mp4,e3cfb1f40fb5690a700aba9ac1fa35be2fd4ff1f.flv	(5, 0)(7, 1)
bc0f16fd0538091a9e1eba02a8da9559e2751f6f.mp4,eaa384490867c32e4b3cc0d7d969af63d1a6edda.flv	(5, 0)
bc0f16fd0538091a9e1eba02a8da9559e2751f6f.mp4,ecae756c95dc0d66827d30767e944c781eef7ea7.flv	(8, 5)(9, 6)
bc0f16fd0538091a9e1eba02a8da9559e2751f6f.mp4,edae2238f87dce9981af2e1c472096e6694da1a1.flv	(6, 7)(9, 11)
bc0f16fd0538091a9e1eba02a8da9559e2751f6f.mp4,f27d7252cfb03e3e051488a53801235840f7a58e.flv	(0, 0)(8, 5)(9, 6)
d073f04bba4abb056f4be01b6f1bf5b58bb330de.flv,d073f04bba4abb056f4be01b6f1bf5b58bb330de.flv	(0, 0)(1, 1)(2, 2)(3, 3)(4, 4)(5, 5)(6, 6)(7, 7)(8, 8)(9, 9)(10, 10)(11, 11)(12, 12)
d073f04bba4abb056f4be01b6f1bf5b58bb330de.flv,d7fd4ee52ade46db49e9fbabdf5d964ce0677961.flv	(1, 3)(3, 4)(4, 5)(5, 6)(6, 7)(7, 8)(8, 9)(9, 10)(11, 11)
d073f04bba4abb056f4be01b6f1bf5b58bb330de.flv,d8bc8b695ab831b8f511dd2ab56d7e7ac0cd1a21.flv	(1, 0)(3, 1)(4, 2)(5, 3)(6, 4)(7, 5)(8, 6)(9, 7)
d073f04bba4abb056f4be01b6f1bf5b58bb330de.flv,daa0d7da05e7475ca5cb9b2a91fb968e65725ecb.flv	(1, 0)(3, 1)
d073f04bba4abb056f4be01b6f1bf5b58bb330de.flv,df9176364d95bda36fced3537e44b838cb548e78.flv	(1, 0)(4, 2)(5, 3)(6, 4)(7, 5)(8, 6)(9, 7)
d073f04bba4abb056f4be01b6f1bf5b58bb330de.flv,e3cfb1f40fb5690a700aba9ac1fa35be2fd4ff1f.flv	(6, 0)
d073f04bba4abb056f4be01b6f1bf5b58bb330de.flv,e3cfb1f40fb5690a700aba9ac1fa35be2fd4ff1f.flv	
d073f04bba4abb056f4be01b6f1bf5b58bb330de.flv,eaa384490867c32e4b3cc0d7d969af63d1a6edda.flv	(6, 0)
d073f04bba4abb056f4be01b6f1bf5b58bb330de.flv,ecae756c95dc0d66827d30767e944c781eef7ea7.flv	(1, 0)(3, 1)(4, 2)(5, 3)(6, 4)(7, 5)(8, 6)(9, 7)
d073f04bba4abb056f4be01b6f1bf5b58bb330de.flv,edae2238f87dce9981af2e1c472096e6694da1a1.flv	(3, 0)(4, 1)(5, 3)(6, 5)(7, 7)(8, 9)(9, 11)(10, 12)(11, 13)(12, 15)
d073f04bba4abb056f4be01b6f1bf5b58bb330de.flv,f27d7252cfb03e3e051488a53801235840f7a58e.flv	(1, 0)(4, 2)(5, 3)(6, 4)(7, 5)(8, 6)(9, 7)
d073f04bba4abb056f4be01b6f1bf5b58bb330de.flv,fc168483b05a1a3534dedd973585642bd0f0edb8.flv	(1, 2)(3, 3)
d7fd4ee52ade46db49e9fbabdf5d964ce0677961.flv,d7fd4ee52ade46db49e9fbabdf5d964ce0677961.flv	(0, 0)(1, 1)(2, 2)(3, 3)(4, 4)(5, 5)(6, 6)(7, 7)(8, 8)(9, 9)(10, 10)(11, 11)(12, 12)
d7fd4ee52ade46db49e9fbabdf5d964ce0677961.flv,d8bc8b695ab831b8f511dd2ab56d7e7ac0cd1a21.flv	(3, 0)(4, 1)(5, 2)(6, 3)(7, 4)(8, 5)(9, 6)(10, 7)(11, 8)(12, 9)
d7fd4ee52ade46db49e9fbabdf5d964ce0677961.flv,daa0d7da05e7475ca5cb9b2a91fb968e65725ecb.flv	(3, 0)(4, 1)
d7fd4ee52ade46db49e9fbabdf5d964ce0677961.flv,df9176364d95bda36fced3537e44b838cb548e78.flv	(3, 0)(4, 1)(5, 2)(6, 3)(7, 4)(8, 5)(9, 6)(10, 7)(11, 8)
d7fd4ee52ade46db49e9fbabdf5d964ce0677961.flv,e3cfb1f40fb5690a700aba9ac1fa35be2fd4ff1f.flv	(7, 0)
d7fd4ee52ade46db49e9fbabdf5d964ce0677961.flv,e3cfb1f40fb5690a700aba9ac1fa35be2fd4ff1f.flv	(11, 1)
d7fd4ee52ade46db49e9fbabdf5d964ce0677961.flv,eaa384490867c32e4b3cc0d7d969af63d1a6edda.flv	(7, 0)
d7fd4ee52ade46db49e9fbabdf5d964ce0677961.flv,ecae756c95dc0d66827d30767e944c781eef7ea7.flv	(3, 0)(4, 1)(5, 2)(6, 3)(7, 4)(8, 5)(9, 6)(10, 7)(11, 8)
d7fd4ee52ade46db49e9fbabdf5d964ce0677961.flv,edae2238f87dce9981af2e1c472096e6694da1a1.flv	(4, 0)(5, 2)(6, 3)(7, 5)(8, 7)(9, 9)(10, 11)(11, 13)
d7fd4ee52ade46db49e9fbabdf5d964ce0677961.flv,f27d7252cfb03e3e051488a53801235840f7a58e.flv	(3, 0)(4, 1)(5, 2)(6, 3)(7, 4)(8, 5)(9, 6)(10, 7)(11, 8)
d7fd4ee52ade46db49e9fbabdf5d964ce0677961.flv,fc168483b05a1a3534dedd973585642bd0f0edb8.flv	(3, 2)(4, 3)
d8bc8b695ab831b8f511dd2ab56d7e7ac0cd1a21.flv,d8bc8b695ab831b8f511dd2ab56d7e7ac0cd1a21.flv	(0, 0)(1, 1)(2, 2)(3, 3)(4, 4)(5, 5)(6, 6)(7, 7)(8, 8)(9, 9)
d8bc8b695ab831b8f511dd2ab56d7e7ac0cd1a21.flv,daa0d7da05e7475ca5cb9b2a91fb968e65725ecb.flv	(0, 0)(1, 1)
d8bc8b695ab831b8f511dd2ab56d7e7ac0cd1a21.flv,df9176364d95bda36fced3537e44b838cb548e78.flv	(0, 0)(1, 1)(2, 2)(3, 3)(4, 4)(5, 5)(6, 6)(7, 7)(8, 8)(9, 9)
d8bc8b695ab831b8f511dd2ab56d7e7ac0cd1a21.flv,e3cfb1f40fb5690a700aba9ac1fa35be2fd4ff1f.flv	(4, 0)
d8bc8b695ab831b8f511dd2ab56d7e7ac0cd1a21.flv,e3cfb1f40fb5690a700aba9ac1fa35be2fd4ff1f.flv	(8, 1)(9, 2)
d8bc8b695ab831b8f511dd2ab56d7e7ac0cd1a21.flv,eaa384490867c32e4b3cc0d7d969af63d1a6edda.flv	(4, 0)
d8bc8b695ab831b8f511dd2ab56d7e7ac0cd1a21.flv,ecae756c95dc0d66827d30767e944c781eef7ea7.flv	(0, 0)(1, 1)(2, 2)(3, 3)(4, 4)(5, 5)(6, 6)(7, 7)(8, 8)(9, 9)
d8bc8b695ab831b8f511dd2ab56d7e7ac0cd1a21.flv,edae2238f87dce9981af2e1c472096e6694da1a1.flv	(1, 0)(2, 2)(4, 5)(5, 7)(6, 9)(7, 11)(8, 13)(9, 14)
d8bc8b695ab831b8f511dd2ab56d7e7ac0cd1a21.flv,f27d7252cfb03e3e051488a53801235840f7a58e.flv	(0, 0)(1, 1)(2, 2)(3, 3)(4, 4)(5, 5)(6, 6)(7, 7)(8, 8)(9, 9)
d8bc8b695ab831b8f511dd2ab56d7e7ac0cd1a21.flv,fc168483b05a1a3534dedd973585642bd0f0edb8.flv	(0, 2)(1, 3)
daa0d7da05e7475ca5cb9b2a91fb968e65725ecb.flv,daa0d7da05e7475ca5cb9b2a91fb968e65725ecb.flv	(0, 0)(1, 1)
daa0d7da05e7475ca5cb9b2a91fb968e65725ecb.flv,df9176364d95bda36fced3537e44b838cb548e78.flv	(0, 0)(1, 1)
daa0d7da05e7475ca5cb9b2a91fb968e65725ecb.flv,ecae756c95dc0d66827d30767e944c781eef7ea7.flv	(0, 0)(1, 1)
daa0d7da05e7475ca5cb9b2a91fb968e65725ecb.flv,edae2238f87dce9981af2e1c472096e6694da1a1.flv	
daa0d7da05e7475ca5cb9b2a91fb968e65725ecb.flv,f27d7252cfb03e3e051488a53801235840f7a58e.flv	(0, 0)(1, 1)
daa0d7da05e7475ca5cb9b2a91fb968e65725ecb.flv,fc168483b05a1a3534dedd973585642bd0f0edb8.flv	(0, 2)(1, 3)
df9176364d95bda36fced3537e44b838cb548e78.flv,e3cfb1f40fb5690a700aba9ac1fa35be2fd4ff1f.flv	(4, 0)
df9176364d95bda36fced3537e44b838cb548e78.flv,e3cfb1f40fb5690a700aba9ac1fa35be2fd4ff1f.flv	(8, 1)(9, 2)
df9176364d95bda36fced3537e44b838cb548e78.flv,eaa384490867c32e4b3cc0d7d969af63d1a6edda.flv	(4, 0)
df9176364d95bda36fced3537e44b838cb548e78.flv,ecae756c95dc0d66827d30767e944c781eef7ea7.flv	(0, 0)(1, 1)(2, 2)(3, 3)(4, 4)(5, 5)(6, 6)(7, 7)(8, 8)(9, 9)
df9176364d95bda36fced3537e44b838cb548e78.flv,edae2238f87dce9981af2e1c472096e6694da1a1.flv	(1, 0)(2, 1)(3, 3)(4, 5)(5, 7)(6, 9)(7, 11)(8, 13)(9, 14)
df9176364d95bda36fced3537e44b838cb548e78.flv,df9176364d95bda36fced3537e44b838cb548e78.flv	(0, 0)(1, 1)(2, 2)(3, 3)(4, 4)(5, 5)(6, 6)(7, 7)(8, 8)(9, 9)(10, 10)(11, 11)(12, 12)(13, 13)(14, 14)(15, 15)(16, 16)(17, 17)
df9176364d95bda36fced3537e44b838cb548e78.flv,f27d7252cfb03e3e051488a53801235840f7a58e.flv	(0, 0)(1, 1)(2, 2)(3, 3)(4, 4)(5, 5)(6, 6)(7, 7)(8, 8)(9, 9)
df9176364d95bda36fced3537e44b838cb548e78.flv,fc168483b05a1a3534dedd973585642bd0f0edb8.flv	
e3cfb1f40fb5690a700aba9ac1fa35be2fd4ff1f.flv,e3cfb1f40fb5690a700aba9ac1fa35be2fd4ff1f.flv	(0, 0)(1, 1)(2, 2)
e3cfb1f40fb5690a700aba9ac1fa35be2fd4ff1f.flv,eaa384490867c32e4b3cc0d7d969af63d1a6edda.flv	(0, 0)
e3cfb1f40fb5690a700aba9ac1fa35be2fd4ff1f.flv,ecae756c95dc0d66827d30767e944c781eef7ea7.flv	(0, 4)
e3cfb1f40fb5690a700aba9ac1fa35be2fd4ff1f.flv,ecae756c95dc0d66827d30767e944c781eef7ea7.flv	(1, 8)(2, 9)
e3cfb1f40fb5690a700aba9ac1fa35be2fd4ff1f.flv,edae2238f87dce9981af2e1c472096e6694da1a1.flv	(1, 10)
e3cfb1f40fb5690a700aba9ac1fa35be2fd4ff1f.flv,edae2238f87dce9981af2e1c472096e6694da1a1.flv	
e3cfb1f40fb5690a700aba9ac1fa35be2fd4ff1f.flv,f27d7252cfb03e3e051488a53801235840f7a58e.flv	(0, 4)
e3cfb1f40fb5690a700aba9ac1fa35be2fd4ff1f.flv,f27d7252cfb03e3e051488a53801235840f7a58e.flv	(1, 8)(2, 9)
eaa384490867c32e4b3cc0d7d969af63d1a6edda.flv,eaa384490867c32e4b3cc0d7d969af63d1a6edda.flv	(0, 0)
eaa384490867c32e4b3cc0d7d969af63d1a6edda.flv,ecae756c95dc0d66827d30767e944c781eef7ea7.flv	(0, 4)
eaa384490867c32e4b3cc0d7d969af63d1a6edda.flv,edae2238f87dce9981af2e1c472096e6694da1a1.flv	
eaa384490867c32e4b3cc0d7d969af63d1a6edda.flv,f27d7252cfb03e3e051488a53801235840f7a58e.flv	(0, 4)
ebe5fd08a5d05f2af96f425bc894860bac3f9ba6.flv,ebe5fd08a5d05f2af96f425bc894860bac3f9ba6.flv	(0, 0)
ecae756c95dc0d66827d30767e944c781eef7ea7.flv,ecae756c95dc0d66827d30767e944c781eef7ea7.flv	(0, 0)(1, 1)(2, 2)(3, 3)(4, 4)(5, 5)(6, 6)(7, 7)(8, 8)(9, 9)
ecae756c95dc0d66827d30767e944c781eef7ea7.flv,edae2238f87dce9981af2e1c472096e6694da1a1.flv	(1, 0)(2, 1)(3, 3)(4, 5)(5, 7)(6, 9)(7, 11)(8, 13)(9, 14)
ecae756c95dc0d66827d30767e944c781eef7ea7.flv,f27d7252cfb03e3e051488a53801235840f7a58e.flv	(0, 0)(1, 1)(2, 2)(3, 3)(4, 4)(5, 5)(6, 6)(7, 7)(8, 8)(9, 9)
ecae756c95dc0d66827d30767e944c781eef7ea7.flv,fc168483b05a1a3534dedd973585642bd0f0edb8.flv	(0, 2)(1, 3)
edae2238f87dce9981af2e1c472096e6694da1a1.flv,edae2238f87dce9981af2e1c472096e6694da1a1.flv	(0, 0)(1, 1)(2, 2)(3, 3)(4, 4)(5, 5)(6, 6)(7, 7)(8, 8)(9, 9)(10, 10)(11, 11)(12, 12)(13, 13)(14, 14)(15, 15)(16, 16)
edae2238f87dce9981af2e1c472096e6694da1a1.flv,f27d7252cfb03e3e051488a53801235840f7a58e.flv	(0, 1)(1, 2)(3, 3)(5, 4)(7, 5)(9, 6)(11, 7)(13, 8)(14, 9)
edae2238f87dce9981af2e1c472096e6694da1a1.flv,fc168483b05a1a3534dedd973585642bd0f0edb8.flv	
f27d7252cfb03e3e051488a53801235840f7a58e.flv,f27d7252cfb03e3e051488a53801235840f7a58e.flv	(0, 0)(1, 1)(2, 2)(3, 3)(4, 4)(5, 5)(6, 6)(7, 7)(8, 8)(9, 9)
f27d7252cfb03e3e051488a53801235840f7a58e.flv,fc168483b05a1a3534dedd973585642bd0f0edb8.flv	
fc168483b05a1a3534dedd973585642bd0f0edb8.flv,fc168483b05a1a3534dedd973585642bd0f0edb8.flv	(0, 0)(1, 1)(2, 2)(3, 3)(4, 4)(5, 5)(6, 6)
