00274a923e13506819bd273c694d10cfa07ce1ec.flv,00274a923e13506819bd273c694d10cfa07ce1ec.flv	(0, 0)(1, 1)(2, 2)(3, 3)(4, 4)(5, 5)(6, 6)(7, 7)(8, 8)(9, 9)(10, 10)(11, 11)(12, 12)(13, 13)(14, 14)(15, 15)(16, 16)
00274a923e13506819bd273c694d10cfa07ce1ec.flv,0234aef03d60f071f6fb30f366e79bcc1a05cf14.flv	(0, 9)(1, 10)(2, 11)(3, 12)(4, 13)(5, 14)(7, 16)(8, 17)(9, 18)(10, 19)(11, 20)(12, 21)(13, 22)
00274a923e13506819bd273c694d10cfa07ce1ec.flv,089bc4a7f6d8747dad92507019b100c5ec09a883.flv	(0, 0)(1, 1)
00274a923e13506819bd273c694d10cfa07ce1ec.flv,089bc4a7f6d8747dad92507019b100c5ec09a883.flv	(4, 2)(5, 3)(6, 4)(7, 5)(9, 6)(10, 7)(11, 8)(12, 9)(13, 10)
00274a923e13506819bd273c694d10cfa07ce1ec.flv,0dc847c3b563024b2052b75a28952c2434d059d1.flv	(7, 0)(8, 1)(9, 2)(10, 4)(11, 5)
00274a923e13506819bd273c694d10cfa07ce1ec.flv,10f0d273cc6c1f888004537f30d5ef577b6d95e3.flv	(7, 0)(9, 1)(10, 2)(11, 3)(12, 4)(13, 5)
00274a923e13506819bd273c694d10cfa07ce1ec.flv,1d4062ded72a30caa898d2bb9c105994c8a96acc.flv	(7, 0)(8, 1)(9, 2)(10, 3)(11, 4)(12, 5)(13, 6)
00274a923e13506819bd273c694d10cfa07ce1ec.flv,1f025a1f075ff2d25d5469a1343932e09ea13b2a.flv	(0, 0)(1, 1)(2, 2)(3, 3)(4, 4)(5, 5)(7, 6)(9, 7)(10, 8)(11, 9)(12, 10)(13, 11)
00274a923e13506819bd273c694d10cfa07ce1ec.flv,32b25dee50d2c710b1122afe7371b9fa274241d6.flv	(9, 2)(10, 5)(11, 6)(12, 7)(13, 8)
00274a923e13506819bd273c694d10cfa07ce1ec.flv,3f4c158b7f419867204968bd5e1f70003fefc889.flv	(6, 0)(11, 4)(13, 5)
00274a923e13506819bd273c694d10cfa07ce1ec.flv,4120e70bc6332bd6010e76b0054c45653bfa6f94.flv	(7, 0)(8, 1)(9, 2)(10, 3)(11, 4)(12, 5)(13, 6)
00274a923e13506819bd273c694d10cfa07ce1ec.flv,50267c2376f0e05d38f8d468d4bb403fab5cc454.flv	(7, 7)
00274a923e13506819bd273c694d10cfa07ce1ec.flv,50267c2376f0e05d38f8d468d4bb403fab5cc454.flv	(7, 2)(8, 3)(9, 4)(10, 5)
00274a923e13506819bd273c694d10cfa07ce1ec.flv,50267c2376f0e05d38f8d468d4bb403fab5cc454.flv	(9, 8)
00274a923e13506819bd273c694d10cfa07ce1ec.flv,54b8c1ae26a16400c15badbae407c809b3ebf03c.flv	(7, 2)(8, 3)(9, 4)(10, 5)(11, 6)(13, 8)(14, 9)
00274a923e13506819bd273c694d10cfa07ce1ec.flv,55dde762dc283ee301065f670b6d7c08c3c32668.flv	(0, 3)(1, 4)(2, 5)(3, 6)(4, 7)(6, 9)(7, 10)(8, 11)(9, 12)(10, 13)(11, 14)
00274a923e13506819bd273c694d10cfa07ce1ec.flv,66246823d79897fd7d93677c6c0244a3cbd4657f.flv	(0, 0)(1, 1)(2, 2)(3, 3)(4, 4)(7, 7)(9, 9)(10, 10)(11, 11)(12, 12)(13, 13)
00274a923e13506819bd273c694d10cfa07ce1ec.flv,69bcf906c79504494d9f23192f4801b61b4fd966.flv	(0, 1)(1, 2)(2, 3)(3, 4)(4, 5)(5, 6)(6, 7)(7, 8)(8, 9)(9, 10)(10, 11)(11, 12)
00274a923e13506819bd273c694d10cfa07ce1ec.flv,750357acf34899c1c99eb2ae22880c88a776c946.flv	(9, 0)(10, 1)(11, 2)(12, 3)(13, 5)
00274a923e13506819bd273c694d10cfa07ce1ec.flv,7c34e7d6022bcd3c7c225feed3fca1e8e72249a4.flv	(7, 0)(8, 1)(9, 2)(10, 3)(11, 4)(12, 5)(13, 6)
00274a923e13506819bd273c694d10cfa07ce1ec.flv,855f0c045b8b0f8f74a6e8a8d7cfc4aff5fbcc4b.flv	(8, 6)(9, 7)
00274a923e13506819bd273c694d10cfa07ce1ec.flv,8cd04dbb4576f83ebe1f480d6a33a24c3a5882bd.flv	(7, 0)(8, 1)(9, 2)(10, 3)(11, 4)(12, 5)(13, 6)
00274a923e13506819bd273c694d10cfa07ce1ec.flv,8f95e2c9940b1ea46fa23702ca70f4cbefd9e3ef.flv	(7, 0)(8, 1)(9, 2)(10, 3)(11, 4)(12, 5)(13, 6)
00274a923e13506819bd273c694d10cfa07ce1ec.flv,9d4fe306b83253fdd9734daaf6d56df5a5ec648f.flv	(7, 0)(9, 1)(10, 2)(11, 3)(12, 4)(13, 5)
00274a923e13506819bd273c694d10cfa07ce1ec.flv,9e9f2730f5f2bb277d07f7125372352597274f6b.flv	(7, 0)(8, 1)(9, 2)(10, 3)(11, 4)(12, 5)(13, 6)
00274a923e13506819bd273c694d10cfa07ce1ec.flv,9efa8c1165cc587476f284ecda53b88c9fd92697.flv	(7, 0)(9, 1)(10, 2)(11, 3)(12, 4)(13, 5)(14, 6)(14, 7)(15, 8)(15, 9)(16, 10)
00274a923e13506819bd273c694d10cfa07ce1ec.flv,a9edef40077c3d7c638dae4a24a83bf6e42b34b1.flv	(7, 0)(9, 2)(10, 3)
00274a923e13506819bd273c694d10cfa07ce1ec.flv,b728eae73b1705d4ef3884b5d536273c5cb47fbd.flv	(7, 0)(8, 1)(9, 2)(10, 3)(11, 4)(12, 5)(13, 6)
00274a923e13506819bd273c694d10cfa07ce1ec.flv,d083d6a9a987fb0e37dddc0f134704a29677899c.flv	(7, 0)
00274a923e13506819bd273c694d10cfa07ce1ec.flv,df097cb467b3a43683f48082099cfdfddae84f37.flv	(7, 0)(9, 1)(10, 2)(13, 5)(14, 6)(14, 7)(15, 8)(15, 9)(16, 10)
00274a923e13506819bd273c694d10cfa07ce1ec.flv,e29e65d0e362b8e7d450d833227ea3c0f5f65f12.flv	(7, 0)(8, 1)(9, 2)(10, 3)(11, 4)(12, 5)(13, 6)
00274a923e13506819bd273c694d10cfa07ce1ec.flv,e2cecbbd4e5683a610152e4b0e83deaa5090384a.flv	(6, 0)(7, 1)(8, 4)(9, 5)(11, 14)(12, 15)(13, 16)
00274a923e13506819bd273c694d10cfa07ce1ec.flv,ea224722e7d3ef9c44d8140a2e435469384204d8.flv	(0, 5)(1, 6)(2, 7)(3, 8)(4, 9)(5, 11)(6, 12)(7, 14)(8, 15)(9, 16)(11, 20)(12, 22)(13, 23)
00274a923e13506819bd273c694d10cfa07ce1ec.flv,f410b354eec142d6e0f1124bffe6aad83d8dc427.flv	(2, 0)(4, 2)(5, 3)(6, 4)(7, 5)(8, 6)(9, 7)(10, 8)(11, 9)
00274a923e13506819bd273c694d10cfa07ce1ec.flv,fca7e9c46b6ec4b8cb53ff17d93bef484a341c5b.flv	(1, 0)(2, 1)(3, 2)(4, 3)(5, 4)(6, 5)(7, 7)(8, 8)(9, 9)(10, 10)(11, 12)(12, 13)(13, 15)
0234aef03d60f071f6fb30f366e79bcc1a05cf14.flv,0234aef03d60f071f6fb30f366e79bcc1a05cf14.flv	(0, 0)(1, 1)(2, 2)(3, 3)(4, 4)(5, 5)(6, 6)(7, 7)(8, 8)(9, 9)(10, 10)(11, 11)(12, 12)(13, 13)(14, 14)(15, 15)(16, 16)(17, 17)(18, 18)(19, 19)(20, 20)(21, 21)(22, 22)(23, 23)(24, 24)(25, 25)(26, 26)(27, 27)(28, 28)(29, 29)(30, 30)(31, 31)(32, 32)(33, 33)(34, 34)(35, 35)(36, 36)(37, 37)(38, 38)(39, 39)(40, 40)(41, 41)(42, 42)(43, 43)(44, 44)(45, 45)(46, 46)(47, 47)(48, 48)(49, 49)(50, 50)(51, 51)(52, 52)(53, 53)(54, 54)(55, 55)(56, 56)(57, 57)(58, 58)(59, 59)(60, 60)(61, 61)(62, 62)(63, 63)(64, 64)(65, 65)(66, 66)(67, 67)(68, 68)(69, 69)(70, 70)(71, 71)
0234aef03d60f071f6fb30f366e79bcc1a05cf14.flv,089bc4a7f6d8747dad92507019b100c5ec09a883.flv	(9, 0)(10, 1)
0234aef03d60f071f6fb30f366e79bcc1a05cf14.flv,089bc4a7f6d8747dad92507019b100c5ec09a883.flv	(13, 2)(14, 3)(15, 4)(16, 5)(18, 6)(19, 7)(20, 8)(21, 9)(22, 10)(23, 11)(24, 12)(25, 13)
0234aef03d60f071f6fb30f366e79bcc1a05cf14.flv,0dc847c3b563024b2052b75a28952c2434d059d1.flv	(16, 0)(17, 1)(18, 2)(19, 4)(20, 5)
0234aef03d60f071f6fb30f366e79bcc1a05cf14.flv,10f0d273cc6c1f888004537f30d5ef577b6d95e3.flv	(16, 0)(18, 1)(19, 2)(20, 3)(21, 4)(22, 5)
0234aef03d60f071f6fb30f366e79bcc1a05cf14.flv,1d4062ded72a30caa898d2bb9c105994c8a96acc.flv	(16, 0)(17, 1)(18, 2)(19, 3)(20, 4)(21, 5)(22, 6)
0234aef03d60f071f6fb30f366e79bcc1a05cf14.flv,1f025a1f075ff2d25d5469a1343932e09ea13b2a.flv	(9, 0)(11, 2)(12, 3)(13, 4)(14, 5)(16, 6)(18, 7)(19, 8)(20, 9)(21, 10)(22, 11)
0234aef03d60f071f6fb30f366e79bcc1a05cf14.flv,32b25dee50d2c710b1122afe7371b9fa274241d6.flv	(19, 5)(20, 6)(21, 7)(22, 8)
0234aef03d60f071f6fb30f366e79bcc1a05cf14.flv,3f4c158b7f419867204968bd5e1f70003fefc889.flv	(15, 0)(20, 4)(22, 5)
0234aef03d60f071f6fb30f366e79bcc1a05cf14.flv,4120e70bc6332bd6010e76b0054c45653bfa6f94.flv	(16, 0)(17, 1)(18, 2)(19, 3)(20, 4)(21, 5)(22, 6)
0234aef03d60f071f6fb30f366e79bcc1a05cf14.flv,50267c2376f0e05d38f8d468d4bb403fab5cc454.flv	(16, 7)
0234aef03d60f071f6fb30f366e79bcc1a05cf14.flv,50267c2376f0e05d38f8d468d4bb403fab5cc454.flv	(16, 2)(17, 3)(18, 4)(19, 5)
0234aef03d60f071f6fb30f366e79bcc1a05cf14.flv,50267c2376f0e05d38f8d468d4bb403fab5cc454.flv	(18, 8)
0234aef03d60f071f6fb30f366e79bcc1a05cf14.flv,54b8c1ae26a16400c15badbae407c809b3ebf03c.flv	(16, 2)(17, 3)(18, 4)(19, 5)(20, 6)(21, 7)(22, 8)(23, 9)
0234aef03d60f071f6fb30f366e79bcc1a05cf14.flv,55dde762dc283ee301065f670b6d7c08c3c32668.flv	(9, 3)(10, 4)(11, 5)(12, 6)(13, 7)(16, 10)(17, 11)(18, 12)(19, 13)(20, 14)
0234aef03d60f071f6fb30f366e79bcc1a05cf14.flv,66246823d79897fd7d93677c6c0244a3cbd4657f.flv	(16, 7)(18, 9)(19, 10)(20, 11)(21, 12)(22, 13)
0234aef03d60f071f6fb30f366e79bcc1a05cf14.flv,69bcf906c79504494d9f23192f4801b61b4fd966.flv	(9, 1)(10, 2)(11, 3)(12, 4)(13, 5)(14, 6)(16, 8)(17, 9)(18, 10)(19, 11)(20, 12)
0234aef03d60f071f6fb30f366e79bcc1a05cf14.flv,750357acf34899c1c99eb2ae22880c88a776c946.flv	(18, 0)(19, 1)(20, 2)(21, 3)(22, 5)
0234aef03d60f071f6fb30f366e79bcc1a05cf14.flv,7c34e7d6022bcd3c7c225feed3fca1e8e72249a4.flv	(16, 0)(17, 1)(18, 2)(19, 3)(20, 4)(21, 5)(22, 6)
0234aef03d60f071f6fb30f366e79bcc1a05cf14.flv,855f0c045b8b0f8f74a6e8a8d7cfc4aff5fbcc4b.flv	(17, 6)(18, 7)
0234aef03d60f071f6fb30f366e79bcc1a05cf14.flv,8cd04dbb4576f83ebe1f480d6a33a24c3a5882bd.flv	(16, 0)(18, 2)(19, 3)(20, 4)(22, 6)(24, 8)(25, 9)
0234aef03d60f071f6fb30f366e79bcc1a05cf14.flv,8cd04dbb4576f83ebe1f480d6a33a24c3a5882bd.flv	(28, 12)(29, 13)(30, 14)(31, 15)(32, 16)(33, 17)(34, 18)
0234aef03d60f071f6fb30f366e79bcc1a05cf14.flv,8f95e2c9940b1ea46fa23702ca70f4cbefd9e3ef.flv	(16, 0)(17, 1)(18, 2)(19, 3)(20, 4)(21, 5)(22, 6)(23, 7)(24, 8)
0234aef03d60f071f6fb30f366e79bcc1a05cf14.flv,8f95e2c9940b1ea46fa23702ca70f4cbefd9e3ef.flv	(25, 11)(26, 12)(27, 13)(28, 14)(29, 15)(30, 16)
0234aef03d60f071f6fb30f366e79bcc1a05cf14.flv,9d4fe306b83253fdd9734daaf6d56df5a5ec648f.flv	(16, 0)(18, 1)(19, 2)(20, 3)(21, 4)(22, 5)
0234aef03d60f071f6fb30f366e79bcc1a05cf14.flv,9e9f2730f5f2bb277d07f7125372352597274f6b.flv	(16, 0)(17, 1)(18, 2)(19, 3)(20, 4)(22, 6)(23, 7)(24, 8)(25, 9)(27, 11)(28, 12)(30, 14)(32, 16)
0234aef03d60f071f6fb30f366e79bcc1a05cf14.flv,9efa8c1165cc587476f284ecda53b88c9fd92697.flv	(16, 0)(18, 1)(19, 2)(20, 3)(21, 4)(22, 5)
0234aef03d60f071f6fb30f366e79bcc1a05cf14.flv,a9edef40077c3d7c638dae4a24a83bf6e42b34b1.flv	(16, 0)(18, 2)(19, 3)
0234aef03d60f071f6fb30f366e79bcc1a05cf14.flv,b728eae73b1705d4ef3884b5d536273c5cb47fbd.flv	(16, 0)(18, 2)(19, 3)(20, 4)(21, 5)(22, 6)(23, 7)(24, 8)(25, 9)(26, 10)(27, 11)(28, 12)(29, 13)(30, 14)(31, 15)(32, 16)(34, 18)
0234aef03d60f071f6fb30f366e79bcc1a05cf14.flv,c6d6d37c73f364e3902407e1da07c8e354f66c13.flv	(13, 0)(14, 1)(16, 3)(18, 4)(19, 5)(20, 6)(22, 8)(23, 9)(24, 10)(25, 11)(26, 12)(27, 13)(28, 14)(29, 15)(30, 16)(31, 17)(32, 18)(33, 19)(34, 20)
0234aef03d60f071f6fb30f366e79bcc1a05cf14.flv,d083d6a9a987fb0e37dddc0f134704a29677899c.flv	(16, 0)
0234aef03d60f071f6fb30f366e79bcc1a05cf14.flv,df097cb467b3a43683f48082099cfdfddae84f37.flv	(16, 0)(18, 1)(19, 2)(20, 3)(21, 4)(22, 5)
0234aef03d60f071f6fb30f366e79bcc1a05cf14.flv,e29e65d0e362b8e7d450d833227ea3c0f5f65f12.flv	(16, 0)(17, 1)(18, 2)(19, 3)(20, 4)(21, 5)(22, 6)
0234aef03d60f071f6fb30f366e79bcc1a05cf14.flv,e29e65d0e362b8e7d450d833227ea3c0f5f65f12.flv	(26, 10)(27, 11)(28, 12)(29, 13)(30, 14)(31, 15)(32, 16)(33, 17)(34, 18)
0234aef03d60f071f6fb30f366e79bcc1a05cf14.flv,e2cecbbd4e5683a610152e4b0e83deaa5090384a.flv	(15, 0)(17, 4)(18, 5)(20, 14)(21, 15)(22, 16)
0234aef03d60f071f6fb30f366e79bcc1a05cf14.flv,ea224722e7d3ef9c44d8140a2e435469384204d8.flv	(8, 4)(9, 5)(10, 6)(11, 7)(12, 8)(13, 9)(14, 10)(15, 12)(16, 14)(17, 15)(18, 16)(20, 20)(22, 23)
0234aef03d60f071f6fb30f366e79bcc1a05cf14.flv,f410b354eec142d6e0f1124bffe6aad83d8dc427.flv	(11, 0)(13, 2)(14, 3)(16, 5)(17, 6)(18, 7)(19, 8)(20, 9)
0234aef03d60f071f6fb30f366e79bcc1a05cf14.flv,fca7e9c46b6ec4b8cb53ff17d93bef484a341c5b.flv	(10, 0)(11, 1)(12, 2)(13, 3)(14, 4)(15, 5)(15, 6)(16, 7)(17, 8)(18, 9)(19, 10)(20, 12)(21, 13)(22, 15)
089bc4a7f6d8747dad92507019b100c5ec09a883.flv,089bc4a7f6d8747dad92507019b100c5ec09a883.flv	(0, 0)(1, 1)(2, 2)(3, 3)(4, 4)(5, 5)(6, 6)(7, 7)(8, 8)(9, 9)(10, 10)(11, 11)(12, 12)(13, 13)(14, 14)(15, 15)(16, 16)(17, 17)(18, 18)(19, 19)(20, 20)(21, 21)(22, 22)(23, 23)(24, 24)(25, 25)(26, 26)(27, 27)(28, 28)(29, 29)(30, 30)(31, 31)(32, 32)(33, 33)(34, 34)(35, 35)(36, 36)(37, 37)(38, 38)(39, 39)(40, 40)(41, 41)(42, 42)(43, 43)(44, 44)(45, 45)(46, 46)(47, 47)(48, 48)(49, 49)(50, 50)(51, 51)(52, 52)(53, 53)(54, 54)(55, 55)(56, 56)(57, 57)(58, 58)(59, 59)(60, 60)(61, 61)
089bc4a7f6d8747dad92507019b100c5ec09a883.flv,0dc847c3b563024b2052b75a28952c2434d059d1.flv	(5, 0)(6, 2)(7, 4)(8, 5)
089bc4a7f6d8747dad92507019b100c5ec09a883.flv,10f0d273cc6c1f888004537f30d5ef577b6d95e3.flv	(5, 0)(6, 1)(7, 2)(8, 3)
089bc4a7f6d8747dad92507019b100c5ec09a883.flv,1d4062ded72a30caa898d2bb9c105994c8a96acc.flv	(5, 0)(6, 2)(7, 3)(8, 4)(9, 5)(10, 6)(12, 8)(13, 9)
089bc4a7f6d8747dad92507019b100c5ec09a883.flv,1f025a1f075ff2d25d5469a1343932e09ea13b2a.flv	(2, 4)(5, 6)(6, 7)(7, 8)(8, 9)(9, 10)(10, 11)
089bc4a7f6d8747dad92507019b100c5ec09a883.flv,32b25dee50d2c710b1122afe7371b9fa274241d6.flv	(7, 5)(8, 6)(10, 8)
089bc4a7f6d8747dad92507019b100c5ec09a883.flv,3f4c158b7f419867204968bd5e1f70003fefc889.flv	(4, 0)(8, 4)(10, 5)
089bc4a7f6d8747dad92507019b100c5ec09a883.flv,4120e70bc6332bd6010e76b0054c45653bfa6f94.flv	(5, 0)(6, 2)(7, 3)(8, 4)(9, 5)(10, 6)
089bc4a7f6d8747dad92507019b100c5ec09a883.flv,50267c2376f0e05d38f8d468d4bb403fab5cc454.flv	(5, 7)
089bc4a7f6d8747dad92507019b100c5ec09a883.flv,50267c2376f0e05d38f8d468d4bb403fab5cc454.flv	(5, 2)(6, 4)(7, 5)
089bc4a7f6d8747dad92507019b100c5ec09a883.flv,50267c2376f0e05d38f8d468d4bb403fab5cc454.flv	(6, 8)
089bc4a7f6d8747dad92507019b100c5ec09a883.flv,54b8c1ae26a16400c15badbae407c809b3ebf03c.flv	(5, 2)(6, 4)(7, 5)(8, 6)(9, 7)(10, 8)(11, 9)
089bc4a7f6d8747dad92507019b100c5ec09a883.flv,54b8c1ae26a16400c15badbae407c809b3ebf03c.flv	(19, 39)(20, 40)(21, 41)(22, 42)(23, 43)
089bc4a7f6d8747dad92507019b100c5ec09a883.flv,54b8c1ae26a16400c15badbae407c809b3ebf03c.flv	(23, 45)(24, 46)(25, 47)(26, 48)
089bc4a7f6d8747dad92507019b100c5ec09a883.flv,54b8c1ae26a16400c15badbae407c809b3ebf03c.flv	(28, 48)(29, 49)(30, 50)
089bc4a7f6d8747dad92507019b100c5ec09a883.flv,54b8c1ae26a16400c15badbae407c809b3ebf03c.flv	(35, 56)
089bc4a7f6d8747dad92507019b100c5ec09a883.flv,54b8c1ae26a16400c15badbae407c809b3ebf03c.flv	(39, 62)(40, 63)(41, 64)
089bc4a7f6d8747dad92507019b100c5ec09a883.flv,54b8c1ae26a16400c15badbae407c809b3ebf03c.flv	(44, 66)(45, 67)
089bc4a7f6d8747dad92507019b100c5ec09a883.flv,54b8c1ae26a16400c15badbae407c809b3ebf03c.flv	(50, 73)(51, 74)(52, 75)
089bc4a7f6d8747dad92507019b100c5ec09a883.flv,54b8c1ae26a16400c15badbae407c809b3ebf03c.flv	(56, 77)(57, 78)
089bc4a7f6d8747dad92507019b100c5ec09a883.flv,54b8c1ae26a16400c15badbae407c809b3ebf03c.flv	(58, 80)(59, 81)
089bc4a7f6d8747dad92507019b100c5ec09a883.flv,55dde762dc283ee301065f670b6d7c08c3c32668.flv	(0, 3)(1, 4)
089bc4a7f6d8747dad92507019b100c5ec09a883.flv,55dde762dc283ee301065f670b6d7c08c3c32668.flv	(2, 7)(4, 9)(5, 10)(6, 12)(7, 13)(8, 14)
089bc4a7f6d8747dad92507019b100c5ec09a883.flv,66246823d79897fd7d93677c6c0244a3cbd4657f.flv	(0, 0)(1, 1)
089bc4a7f6d8747dad92507019b100c5ec09a883.flv,66246823d79897fd7d93677c6c0244a3cbd4657f.flv	(2, 4)(4, 6)(5, 7)(6, 9)(7, 10)(8, 11)(9, 12)(10, 13)
089bc4a7f6d8747dad92507019b100c5ec09a883.flv,69bcf906c79504494d9f23192f4801b61b4fd966.flv	(0, 1)(1, 2)
089bc4a7f6d8747dad92507019b100c5ec09a883.flv,69bcf906c79504494d9f23192f4801b61b4fd966.flv	(2, 5)(3, 6)(4, 7)(5, 8)(6, 10)(7, 11)(8, 12)
089bc4a7f6d8747dad92507019b100c5ec09a883.flv,750357acf34899c1c99eb2ae22880c88a776c946.flv	(6, 0)(7, 1)(8, 2)(9, 3)(10, 5)
089bc4a7f6d8747dad92507019b100c5ec09a883.flv,7c34e7d6022bcd3c7c225feed3fca1e8e72249a4.flv	(5, 0)(6, 2)(7, 3)(8, 4)(9, 5)(10, 6)
089bc4a7f6d8747dad92507019b100c5ec09a883.flv,855f0c045b8b0f8f74a6e8a8d7cfc4aff5fbcc4b.flv	(6, 7)
089bc4a7f6d8747dad92507019b100c5ec09a883.flv,8cd04dbb4576f83ebe1f480d6a33a24c3a5882bd.flv	(5, 0)(6, 2)(7, 3)(8, 4)(9, 6)(12, 8)(13, 9)
089bc4a7f6d8747dad92507019b100c5ec09a883.flv,8f95e2c9940b1ea46fa23702ca70f4cbefd9e3ef.flv	(5, 0)(6, 2)(7, 3)(8, 4)(9, 5)(10, 6)(11, 7)(12, 8)
089bc4a7f6d8747dad92507019b100c5ec09a883.flv,9d4fe306b83253fdd9734daaf6d56df5a5ec648f.flv	(5, 0)(6, 1)(7, 2)(8, 3)(9, 4)(10, 5)
089bc4a7f6d8747dad92507019b100c5ec09a883.flv,9e9f2730f5f2bb277d07f7125372352597274f6b.flv	(5, 0)(6, 2)(7, 3)(8, 4)(9, 5)(10, 6)(11, 7)(12, 8)(13, 9)
089bc4a7f6d8747dad92507019b100c5ec09a883.flv,9efa8c1165cc587476f284ecda53b88c9fd92697.flv	(5, 0)(6, 1)(7, 2)(8, 3)(10, 5)
089bc4a7f6d8747dad92507019b100c5ec09a883.flv,a9edef40077c3d7c638dae4a24a83bf6e42b34b1.flv	(5, 0)(6, 2)(7, 3)
089bc4a7f6d8747dad92507019b100c5ec09a883.flv,b728eae73b1705d4ef3884b5d536273c5cb47fbd.flv	(5, 0)(6, 2)(7, 3)(8, 4)(9, 5)(10, 6)(11, 7)(12, 8)(13, 9)
089bc4a7f6d8747dad92507019b100c5ec09a883.flv,c6d6d37c73f364e3902407e1da07c8e354f66c13.flv	(2, 0)(3, 1)(4, 2)(5, 3)(6, 4)(7, 5)(8, 6)(9, 7)(10, 8)(12, 10)(13, 11)
089bc4a7f6d8747dad92507019b100c5ec09a883.flv,c6d6d37c73f364e3902407e1da07c8e354f66c13.flv	(19, 39)(20, 40)(21, 41)(22, 42)(23, 43)(24, 44)(25, 45)(26, 46)
089bc4a7f6d8747dad92507019b100c5ec09a883.flv,c6d6d37c73f364e3902407e1da07c8e354f66c13.flv	(28, 46)(29, 47)(30, 48)
089bc4a7f6d8747dad92507019b100c5ec09a883.flv,c6d6d37c73f364e3902407e1da07c8e354f66c13.flv	(32, 48)(33, 49)(34, 50)(35, 51)(36, 52)
089bc4a7f6d8747dad92507019b100c5ec09a883.flv,c6d6d37c73f364e3902407e1da07c8e354f66c13.flv	(37, 55)(38, 57)
089bc4a7f6d8747dad92507019b100c5ec09a883.flv,c6d6d37c73f364e3902407e1da07c8e354f66c13.flv	(39, 59)(40, 60)(41, 61)(42, 62)
089bc4a7f6d8747dad92507019b100c5ec09a883.flv,c6d6d37c73f364e3902407e1da07c8e354f66c13.flv	(44, 63)(45, 64)
089bc4a7f6d8747dad92507019b100c5ec09a883.flv,c6d6d37c73f364e3902407e1da07c8e354f66c13.flv	(47, 68)(48, 69)(49, 70)
089bc4a7f6d8747dad92507019b100c5ec09a883.flv,c6d6d37c73f364e3902407e1da07c8e354f66c13.flv	(50, 74)(51, 75)(52, 76)(53, 77)(54, 78)
089bc4a7f6d8747dad92507019b100c5ec09a883.flv,c6d6d37c73f364e3902407e1da07c8e354f66c13.flv	(56, 80)(57, 81)
089bc4a7f6d8747dad92507019b100c5ec09a883.flv,c6d6d37c73f364e3902407e1da07c8e354f66c13.flv	(58, 82)(59, 83)
089bc4a7f6d8747dad92507019b100c5ec09a883.flv,d083d6a9a987fb0e37dddc0f134704a29677899c.flv	(5, 0)(6, 2)
089bc4a7f6d8747dad92507019b100c5ec09a883.flv,df097cb467b3a43683f48082099cfdfddae84f37.flv	(5, 0)(6, 1)(7, 2)(8, 3)(10, 5)
089bc4a7f6d8747dad92507019b100c5ec09a883.flv,e29e65d0e362b8e7d450d833227ea3c0f5f65f12.flv	(5, 0)(6, 2)(7, 3)(8, 4)(9, 5)(10, 6)
089bc4a7f6d8747dad92507019b100c5ec09a883.flv,e2cecbbd4e5683a610152e4b0e83deaa5090384a.flv	(4, 0)(5, 1)(6, 5)(8, 14)
089bc4a7f6d8747dad92507019b100c5ec09a883.flv,ea224722e7d3ef9c44d8140a2e435469384204d8.flv	(0, 5)(1, 6)
089bc4a7f6d8747dad92507019b100c5ec09a883.flv,ea224722e7d3ef9c44d8140a2e435469384204d8.flv	(2, 9)(3, 11)(4, 12)(5, 14)(6, 16)(8, 20)(9, 22)(10, 23)
089bc4a7f6d8747dad92507019b100c5ec09a883.flv,f410b354eec142d6e0f1124bffe6aad83d8dc427.flv	(2, 2)(3, 3)(4, 4)(5, 5)(6, 7)(7, 8)(8, 9)
089bc4a7f6d8747dad92507019b100c5ec09a883.flv,fca7e9c46b6ec4b8cb53ff17d93bef484a341c5b.flv	(1, 0)
089bc4a7f6d8747dad92507019b100c5ec09a883.flv,fca7e9c46b6ec4b8cb53ff17d93bef484a341c5b.flv	(2, 3)(3, 4)(4, 5)(5, 7)(6, 9)(7, 10)(8, 12)(9, 13)(10, 15)
0dc847c3b563024b2052b75a28952c2434d059d1.flv,0dc847c3b563024b2052b75a28952c2434d059d1.flv	(0, 0)(1, 1)(2, 2)(3, 3)(4, 4)(5, 5)(6, 6)(7, 7)(8, 8)(9, 9)(10, 10)(11, 11)(12, 12)(13, 13)(14, 14)(15, 15)(16, 16)(17, 17)(18, 18)(19, 19)(20, 20)(21, 21)(22, 22)(23, 23)(24, 24)(25, 25)(26, 26)(27, 27)(28, 28)(29, 29)(30, 30)
0dc847c3b563024b2052b75a28952c2434d059d1.flv,10f0d273cc6c1f888004537f30d5ef577b6d95e3.flv	(0, 0)(2, 1)(4, 2)(5, 3)
0dc847c3b563024b2052b75a28952c2434d059d1.flv,1d4062ded72a30caa898d2bb9c105994c8a96acc.flv	(0, 0)(1, 1)(2, 2)(4, 3)(5, 4)
0dc847c3b563024b2052b75a28952c2434d059d1.flv,1f025a1f075ff2d25d5469a1343932e09ea13b2a.flv	(0, 6)(2, 7)(4, 8)(5, 9)
0dc847c3b563024b2052b75a28952c2434d059d1.flv,32b25dee50d2c710b1122afe7371b9fa274241d6.flv	(4, 5)(5, 6)(6, 7)
0dc847c3b563024b2052b75a28952c2434d059d1.flv,3f4c158b7f419867204968bd5e1f70003fefc889.flv	
0dc847c3b563024b2052b75a28952c2434d059d1.flv,4120e70bc6332bd6010e76b0054c45653bfa6f94.flv	(0, 0)(1, 1)(2, 2)(4, 3)(5, 4)
0dc847c3b563024b2052b75a28952c2434d059d1.flv,4120e70bc6332bd6010e76b0054c45653bfa6f94.flv	(19, 13)(20, 14)
0dc847c3b563024b2052b75a28952c2434d059d1.flv,50267c2376f0e05d38f8d468d4bb403fab5cc454.flv	(0, 7)
0dc847c3b563024b2052b75a28952c2434d059d1.flv,50267c2376f0e05d38f8d468d4bb403fab5cc454.flv	(0, 2)(1, 3)(2, 4)
0dc847c3b563024b2052b75a28952c2434d059d1.flv,50267c2376f0e05d38f8d468d4bb403fab5cc454.flv	(2, 8)
0dc847c3b563024b2052b75a28952c2434d059d1.flv,54b8c1ae26a16400c15badbae407c809b3ebf03c.flv	(0, 2)(1, 3)(2, 4)(4, 5)(5, 6)
0dc847c3b563024b2052b75a28952c2434d059d1.flv,55dde762dc283ee301065f670b6d7c08c3c32668.flv	(0, 10)(1, 11)(2, 12)(4, 13)(5, 14)(8, 15)(10, 16)(11, 17)(12, 18)(13, 19)(14, 20)(15, 21)(17, 22)(18, 23)(19, 24)(24, 27)(27, 30)(28, 31)(30, 32)
0dc847c3b563024b2052b75a28952c2434d059d1.flv,66246823d79897fd7d93677c6c0244a3cbd4657f.flv	(0, 7)(1, 8)(2, 9)(4, 10)(5, 11)
0dc847c3b563024b2052b75a28952c2434d059d1.flv,69bcf906c79504494d9f23192f4801b61b4fd966.flv	(0, 8)(1, 9)(2, 10)(4, 11)(5, 12)(8, 13)(10, 14)(11, 15)(12, 16)(13, 17)(14, 18)(15, 19)(18, 21)(19, 22)(24, 25)(30, 28)
0dc847c3b563024b2052b75a28952c2434d059d1.flv,750357acf34899c1c99eb2ae22880c88a776c946.flv	(2, 0)(4, 1)(5, 2)
0dc847c3b563024b2052b75a28952c2434d059d1.flv,7c34e7d6022bcd3c7c225feed3fca1e8e72249a4.flv	(0, 0)(1, 1)(2, 2)(4, 3)(5, 4)
0dc847c3b563024b2052b75a28952c2434d059d1.flv,7c34e7d6022bcd3c7c225feed3fca1e8e72249a4.flv	(19, 13)(20, 14)
0dc847c3b563024b2052b75a28952c2434d059d1.flv,855f0c045b8b0f8f74a6e8a8d7cfc4aff5fbcc4b.flv	(1, 6)(2, 7)
0dc847c3b563024b2052b75a28952c2434d059d1.flv,8cd04dbb4576f83ebe1f480d6a33a24c3a5882bd.flv	(0, 0)(1, 1)(2, 2)(4, 3)(5, 4)
0dc847c3b563024b2052b75a28952c2434d059d1.flv,8cd04dbb4576f83ebe1f480d6a33a24c3a5882bd.flv	(19, 13)(20, 14)
0dc847c3b563024b2052b75a28952c2434d059d1.flv,8f95e2c9940b1ea46fa23702ca70f4cbefd9e3ef.flv	(0, 0)(1, 1)(2, 2)(4, 3)(5, 4)
0dc847c3b563024b2052b75a28952c2434d059d1.flv,8f95e2c9940b1ea46fa23702ca70f4cbefd9e3ef.flv	(19, 15)(20, 16)
0dc847c3b563024b2052b75a28952c2434d059d1.flv,9d4fe306b83253fdd9734daaf6d56df5a5ec648f.flv	(0, 0)(2, 1)(4, 2)(5, 3)(6, 4)
0dc847c3b563024b2052b75a28952c2434d059d1.flv,9e9f2730f5f2bb277d07f7125372352597274f6b.flv	(0, 0)(1, 1)(2, 2)(4, 3)(5, 4)
0dc847c3b563024b2052b75a28952c2434d059d1.flv,9e9f2730f5f2bb277d07f7125372352597274f6b.flv	(19, 13)(20, 14)
0dc847c3b563024b2052b75a28952c2434d059d1.flv,9efa8c1165cc587476f284ecda53b88c9fd92697.flv	(0, 0)(2, 1)(4, 2)(5, 3)(6, 4)
0dc847c3b563024b2052b75a28952c2434d059d1.flv,a9edef40077c3d7c638dae4a24a83bf6e42b34b1.flv	(0, 0)(2, 2)(4, 3)
0dc847c3b563024b2052b75a28952c2434d059d1.flv,b728eae73b1705d4ef3884b5d536273c5cb47fbd.flv	(0, 0)(1, 1)(2, 2)(4, 3)(5, 4)
0dc847c3b563024b2052b75a28952c2434d059d1.flv,b728eae73b1705d4ef3884b5d536273c5cb47fbd.flv	(19, 13)(20, 14)
0dc847c3b563024b2052b75a28952c2434d059d1.flv,d083d6a9a987fb0e37dddc0f134704a29677899c.flv	(0, 0)(2, 2)(4, 3)(5, 4)
0dc847c3b563024b2052b75a28952c2434d059d1.flv,df097cb467b3a43683f48082099cfdfddae84f37.flv	(0, 0)(2, 1)(4, 2)(5, 3)(6, 4)
0dc847c3b563024b2052b75a28952c2434d059d1.flv,e29e65d0e362b8e7d450d833227ea3c0f5f65f12.flv	(0, 0)(1, 1)(2, 2)(4, 3)(5, 4)
0dc847c3b563024b2052b75a28952c2434d059d1.flv,e29e65d0e362b8e7d450d833227ea3c0f5f65f12.flv	(19, 13)(20, 14)
0dc847c3b563024b2052b75a28952c2434d059d1.flv,e2cecbbd4e5683a610152e4b0e83deaa5090384a.flv	(0, 2)(1, 4)(2, 5)(4, 13)(5, 14)
0dc847c3b563024b2052b75a28952c2434d059d1.flv,e2cecbbd4e5683a610152e4b0e83deaa5090384a.flv	(21, 33)(21, 34)
0dc847c3b563024b2052b75a28952c2434d059d1.flv,ea224722e7d3ef9c44d8140a2e435469384204d8.flv	(0, 14)(1, 15)(2, 16)(3, 17)(4, 19)(5, 20)(6, 21)
0dc847c3b563024b2052b75a28952c2434d059d1.flv,f410b354eec142d6e0f1124bffe6aad83d8dc427.flv	(0, 5)(1, 6)(2, 7)(4, 8)(5, 9)(7, 10)
0dc847c3b563024b2052b75a28952c2434d059d1.flv,fca7e9c46b6ec4b8cb53ff17d93bef484a341c5b.flv	(0, 7)(1, 8)(2, 9)(4, 11)(5, 12)
0dc847c3b563024b2052b75a28952c2434d059d1.flv,fca7e9c46b6ec4b8cb53ff17d93bef484a341c5b.flv	(21, 32)
10f0d273cc6c1f888004537f30d5ef577b6d95e3.flv,10f0d273cc6c1f888004537f30d5ef577b6d95e3.flv	(0, 0)(1, 1)(2, 2)(3, 3)(4, 4)(5, 5)
10f0d273cc6c1f888004537f30d5ef577b6d95e3.flv,1d4062ded72a30caa898d2bb9c105994c8a96acc.flv	(0, 0)(0, 1)(1, 2)(2, 3)(3, 4)(4, 5)(5, 6)
10f0d273cc6c1f888004537f30d5ef577b6d95e3.flv,1f025a1f075ff2d25d5469a1343932e09ea13b2a.flv	(0, 6)(1, 7)(2, 8)(3, 9)(4, 10)(5, 11)
10f0d273cc6c1f888004537f30d5ef577b6d95e3.flv,32b25dee50d2c710b1122afe7371b9fa274241d6.flv	(1, 2)(2, 5)(3, 6)(4, 7)(5, 8)
10f0d273cc6c1f888004537f30d5ef577b6d95e3.flv,3f4c158b7f419867204968bd5e1f70003fefc889.flv	(3, 4)(5, 5)
10f0d273cc6c1f888004537f30d5ef577b6d95e3.flv,4120e70bc6332bd6010e76b0054c45653bfa6f94.flv	(0, 0)(1, 2)(2, 3)(3, 4)(4, 5)(5, 6)
10f0d273cc6c1f888004537f30d5ef577b6d95e3.flv,50267c2376f0e05d38f8d468d4bb403fab5cc454.flv	(0, 2)(0, 3)(1, 4)(2, 5)
10f0d273cc6c1f888004537f30d5ef577b6d95e3.flv,50267c2376f0e05d38f8d468d4bb403fab5cc454.flv	(1, 8)
10f0d273cc6c1f888004537f30d5ef577b6d95e3.flv,54b8c1ae26a16400c15badbae407c809b3ebf03c.flv	(0, 2)(1, 4)(2, 5)(3, 6)
10f0d273cc6c1f888004537f30d5ef577b6d95e3.flv,55dde762dc283ee301065f670b6d7c08c3c32668.flv	(0, 10)(0, 11)(1, 12)(2, 13)(3, 14)
10f0d273cc6c1f888004537f30d5ef577b6d95e3.flv,66246823d79897fd7d93677c6c0244a3cbd4657f.flv	(0, 7)(0, 8)(1, 9)(2, 10)(3, 11)(4, 12)(5, 13)
10f0d273cc6c1f888004537f30d5ef577b6d95e3.flv,69bcf906c79504494d9f23192f4801b61b4fd966.flv	(0, 9)(1, 10)(2, 11)(3, 12)
10f0d273cc6c1f888004537f30d5ef577b6d95e3.flv,750357acf34899c1c99eb2ae22880c88a776c946.flv	(1, 0)(2, 1)(3, 2)(4, 3)
10f0d273cc6c1f888004537f30d5ef577b6d95e3.flv,7c34e7d6022bcd3c7c225feed3fca1e8e72249a4.flv	(0, 0)(1, 2)(2, 3)(3, 4)(4, 5)(5, 6)
10f0d273cc6c1f888004537f30d5ef577b6d95e3.flv,855f0c045b8b0f8f74a6e8a8d7cfc4aff5fbcc4b.flv	(1, 7)
10f0d273cc6c1f888004537f30d5ef577b6d95e3.flv,8cd04dbb4576f83ebe1f480d6a33a24c3a5882bd.flv	(0, 0)(1, 2)(2, 3)(3, 4)(4, 5)(5, 6)
10f0d273cc6c1f888004537f30d5ef577b6d95e3.flv,8f95e2c9940b1ea46fa23702ca70f4cbefd9e3ef.flv	(0, 0)(1, 2)(2, 3)(3, 4)(4, 5)(5, 6)
10f0d273cc6c1f888004537f30d5ef577b6d95e3.flv,9d4fe306b83253fdd9734daaf6d56df5a5ec648f.flv	(1, 1)(2, 2)(5, 5)
10f0d273cc6c1f888004537f30d5ef577b6d95e3.flv,9e9f2730f5f2bb277d07f7125372352597274f6b.flv	(0, 0)(1, 2)(2, 3)(3, 4)(4, 5)(5, 6)
10f0d273cc6c1f888004537f30d5ef577b6d95e3.flv,9efa8c1165cc587476f284ecda53b88c9fd92697.flv	(1, 1)(2, 2)(5, 5)
10f0d273cc6c1f888004537f30d5ef577b6d95e3.flv,a9edef40077c3d7c638dae4a24a83bf6e42b34b1.flv	(0, 1)(1, 2)(2, 3)
10f0d273cc6c1f888004537f30d5ef577b6d95e3.flv,b728eae73b1705d4ef3884b5d536273c5cb47fbd.flv	(0, 0)(0, 1)(1, 2)(2, 3)(3, 4)(4, 5)(5, 6)
10f0d273cc6c1f888004537f30d5ef577b6d95e3.flv,d083d6a9a987fb0e37dddc0f134704a29677899c.flv	(0, 1)(1, 2)(2, 3)(3, 4)(4, 5)(5, 6)
10f0d273cc6c1f888004537f30d5ef577b6d95e3.flv,df097cb467b3a43683f48082099cfdfddae84f37.flv	(1, 1)(2, 2)(5, 5)
10f0d273cc6c1f888004537f30d5ef577b6d95e3.flv,e29e65d0e362b8e7d450d833227ea3c0f5f65f12.flv	(1, 2)(2, 3)
10f0d273cc6c1f888004537f30d5ef577b6d95e3.flv,e2cecbbd4e5683a610152e4b0e83deaa5090384a.flv	(0, 3)(1, 5)(3, 14)(4, 15)(5, 16)
10f0d273cc6c1f888004537f30d5ef577b6d95e3.flv,ea224722e7d3ef9c44d8140a2e435469384204d8.flv	(0, 14)(1, 16)(3, 20)
10f0d273cc6c1f888004537f30d5ef577b6d95e3.flv,f410b354eec142d6e0f1124bffe6aad83d8dc427.flv	(0, 5)(1, 7)(2, 8)(3, 9)
10f0d273cc6c1f888004537f30d5ef577b6d95e3.flv,fca7e9c46b6ec4b8cb53ff17d93bef484a341c5b.flv	(0, 7)(1, 9)(2, 10)(3, 12)
1d4062ded72a30caa898d2bb9c105994c8a96acc.flv,1d4062ded72a30caa898d2bb9c105994c8a96acc.flv	(0, 0)(1, 1)(2, 2)(3, 3)(4, 4)(5, 5)(6, 6)(7, 7)(8, 8)(9, 9)(10, 10)(11, 11)(12, 12)(13, 13)(14, 14)(15, 15)(16, 16)(17, 17)(18, 18)(19, 19)(20, 20)(21, 21)
1d4062ded72a30caa898d2bb9c105994c8a96acc.flv,1f025a1f075ff2d25d5469a1343932e09ea13b2a.flv	(0, 6)(2, 7)(3, 8)(4, 9)(5, 10)(6, 11)
1d4062ded72a30caa898d2bb9c105994c8a96acc.flv,32b25dee50d2c710b1122afe7371b9fa274241d6.flv	(2, 2)(3, 5)(4, 6)(5, 7)(6, 8)
1d4062ded72a30caa898d2bb9c105994c8a96acc.flv,3f4c158b7f419867204968bd5e1f70003fefc889.flv	(4, 4)(6, 5)
1d4062ded72a30caa898d2bb9c105994c8a96acc.flv,4120e70bc6332bd6010e76b0054c45653bfa6f94.flv	(0, 0)(1, 1)(2, 2)(3, 3)(4, 4)(5, 5)(6, 6)
1d4062ded72a30caa898d2bb9c105994c8a96acc.flv,4120e70bc6332bd6010e76b0054c45653bfa6f94.flv	(9, 9)(10, 10)(11, 11)(12, 12)(13, 13)(14, 14)(15, 15)(16, 16)(17, 17)(18, 18)(19, 19)(20, 20)(21, 21)
1d4062ded72a30caa898d2bb9c105994c8a96acc.flv,50267c2376f0e05d38f8d468d4bb403fab5cc454.flv	(0, 2)(1, 3)(2, 4)(3, 5)
1d4062ded72a30caa898d2bb9c105994c8a96acc.flv,50267c2376f0e05d38f8d468d4bb403fab5cc454.flv	(2, 8)
1d4062ded72a30caa898d2bb9c105994c8a96acc.flv,54b8c1ae26a16400c15badbae407c809b3ebf03c.flv	(0, 2)(2, 4)(3, 5)(4, 6)(5, 7)(6, 8)(7, 9)
1d4062ded72a30caa898d2bb9c105994c8a96acc.flv,55dde762dc283ee301065f670b6d7c08c3c32668.flv	(0, 10)(1, 11)(2, 12)(3, 13)(4, 14)
1d4062ded72a30caa898d2bb9c105994c8a96acc.flv,55dde762dc283ee301065f670b6d7c08c3c32668.flv	(13, 24)(14, 26)
1d4062ded72a30caa898d2bb9c105994c8a96acc.flv,66246823d79897fd7d93677c6c0244a3cbd4657f.flv	(0, 7)(1, 8)(2, 9)(3, 10)(4, 11)(5, 12)(6, 13)
1d4062ded72a30caa898d2bb9c105994c8a96acc.flv,69bcf906c79504494d9f23192f4801b61b4fd966.flv	(0, 8)(2, 10)(3, 11)(4, 12)
1d4062ded72a30caa898d2bb9c105994c8a96acc.flv,69bcf906c79504494d9f23192f4801b61b4fd966.flv	(13, 22)(14, 24)
1d4062ded72a30caa898d2bb9c105994c8a96acc.flv,750357acf34899c1c99eb2ae22880c88a776c946.flv	(2, 0)(3, 1)(4, 2)(5, 3)(6, 5)(7, 6)(8, 7)
1d4062ded72a30caa898d2bb9c105994c8a96acc.flv,750357acf34899c1c99eb2ae22880c88a776c946.flv	(10, 11)(11, 12)
1d4062ded72a30caa898d2bb9c105994c8a96acc.flv,7c34e7d6022bcd3c7c225feed3fca1e8e72249a4.flv	(0, 0)(1, 1)(2, 2)(3, 3)(4, 4)(5, 5)(6, 6)
1d4062ded72a30caa898d2bb9c105994c8a96acc.flv,7c34e7d6022bcd3c7c225feed3fca1e8e72249a4.flv	(10, 10)(11, 11)(12, 12)(13, 13)(14, 14)(15, 15)(16, 16)(17, 17)(18, 18)(19, 19)(20, 20)(21, 21)
1d4062ded72a30caa898d2bb9c105994c8a96acc.flv,855f0c045b8b0f8f74a6e8a8d7cfc4aff5fbcc4b.flv	(2, 7)
1d4062ded72a30caa898d2bb9c105994c8a96acc.flv,8cd04dbb4576f83ebe1f480d6a33a24c3a5882bd.flv	(0, 0)(1, 1)(2, 2)(3, 3)(4, 4)(5, 5)(6, 6)(8, 8)(9, 9)
1d4062ded72a30caa898d2bb9c105994c8a96acc.flv,8cd04dbb4576f83ebe1f480d6a33a24c3a5882bd.flv	(12, 12)(13, 13)(16, 16)(17, 17)(18, 18)(19, 19)
1d4062ded72a30caa898d2bb9c105994c8a96acc.flv,8f95e2c9940b1ea46fa23702ca70f4cbefd9e3ef.flv	(0, 0)(2, 2)(3, 3)(4, 4)(5, 5)(6, 6)(7, 7)(8, 8)
1d4062ded72a30caa898d2bb9c105994c8a96acc.flv,8f95e2c9940b1ea46fa23702ca70f4cbefd9e3ef.flv	(9, 11)(10, 12)(11, 13)(12, 14)(13, 15)(14, 16)
1d4062ded72a30caa898d2bb9c105994c8a96acc.flv,9d4fe306b83253fdd9734daaf6d56df5a5ec648f.flv	(0, 0)(2, 1)(3, 2)(4, 3)(5, 4)(6, 5)
1d4062ded72a30caa898d2bb9c105994c8a96acc.flv,9e9f2730f5f2bb277d07f7125372352597274f6b.flv	(0, 0)(1, 1)(2, 2)(3, 3)(4, 4)(5, 5)(6, 6)(7, 7)(8, 8)(9, 9)(10, 10)(11, 11)(12, 12)(13, 13)(14, 14)(15, 15)(16, 16)
1d4062ded72a30caa898d2bb9c105994c8a96acc.flv,9efa8c1165cc587476f284ecda53b88c9fd92697.flv	(0, 0)(2, 1)(3, 2)(4, 3)(5, 4)(6, 5)
1d4062ded72a30caa898d2bb9c105994c8a96acc.flv,a9edef40077c3d7c638dae4a24a83bf6e42b34b1.flv	(0, 0)(1, 1)(2, 2)(3, 3)
1d4062ded72a30caa898d2bb9c105994c8a96acc.flv,b728eae73b1705d4ef3884b5d536273c5cb47fbd.flv	(0, 0)(1, 1)(2, 2)(3, 3)(4, 4)(5, 5)(6, 6)(7, 7)(8, 8)(9, 9)(10, 10)(11, 11)(12, 12)(13, 13)(14, 14)(15, 15)(16, 16)(17, 17)(18, 18)(19, 19)(20, 20)(21, 21)
1d4062ded72a30caa898d2bb9c105994c8a96acc.flv,d083d6a9a987fb0e37dddc0f134704a29677899c.flv	(0, 0)(1, 1)(2, 2)(3, 3)(4, 4)(5, 5)(6, 6)
1d4062ded72a30caa898d2bb9c105994c8a96acc.flv,df097cb467b3a43683f48082099cfdfddae84f37.flv	(0, 0)(2, 1)(3, 2)(4, 3)(5, 4)(6, 5)
1d4062ded72a30caa898d2bb9c105994c8a96acc.flv,e29e65d0e362b8e7d450d833227ea3c0f5f65f12.flv	(0, 0)(1, 1)(2, 2)(3, 3)(4, 4)(5, 5)(6, 6)
1d4062ded72a30caa898d2bb9c105994c8a96acc.flv,e29e65d0e362b8e7d450d833227ea3c0f5f65f12.flv	(10, 10)(11, 11)(12, 12)(13, 13)(14, 14)(15, 15)(16, 16)(17, 17)(18, 18)(19, 19)(20, 20)(21, 21)
1d4062ded72a30caa898d2bb9c105994c8a96acc.flv,e2cecbbd4e5683a610152e4b0e83deaa5090384a.flv	(0, 2)(1, 4)(2, 5)(4, 14)(5, 15)(6, 16)
1d4062ded72a30caa898d2bb9c105994c8a96acc.flv,ea224722e7d3ef9c44d8140a2e435469384204d8.flv	(0, 14)(1, 15)(2, 16)(4, 20)(5, 22)(6, 23)
1d4062ded72a30caa898d2bb9c105994c8a96acc.flv,f410b354eec142d6e0f1124bffe6aad83d8dc427.flv	(0, 5)(1, 6)(2, 7)(3, 8)(4, 9)
1d4062ded72a30caa898d2bb9c105994c8a96acc.flv,fca7e9c46b6ec4b8cb53ff17d93bef484a341c5b.flv	(0, 7)(1, 8)(2, 9)(3, 10)(4, 12)(5, 13)
1f025a1f075ff2d25d5469a1343932e09ea13b2a.flv,1f025a1f075ff2d25d5469a1343932e09ea13b2a.flv	(0, 0)(1, 1)(2, 2)(3, 3)(4, 4)(5, 5)(6, 6)(7, 7)(8, 8)(9, 9)(10, 10)(11, 11)(12, 12)(13, 13)(14, 14)(15, 15)(16, 16)(17, 17)(18, 18)(19, 19)(20, 20)(21, 21)(22, 22)(23, 23)(24, 24)(25, 25)(26, 26)(27, 27)(28, 28)(29, 29)(30, 30)(31, 31)(32, 32)
1f025a1f075ff2d25d5469a1343932e09ea13b2a.flv,32b25dee50d2c710b1122afe7371b9fa274241d6.flv	(7, 2)(8, 5)(9, 6)(10, 7)(11, 8)(12, 9)(13, 10)(14, 11)(15, 13)(17, 16)
1f025a1f075ff2d25d5469a1343932e09ea13b2a.flv,3f4c158b7f419867204968bd5e1f70003fefc889.flv	(5, 0)(9, 4)(11, 5)
1f025a1f075ff2d25d5469a1343932e09ea13b2a.flv,4120e70bc6332bd6010e76b0054c45653bfa6f94.flv	(6, 0)(7, 2)(8, 3)(9, 4)(10, 5)(11, 6)
1f025a1f075ff2d25d5469a1343932e09ea13b2a.flv,50267c2376f0e05d38f8d468d4bb403fab5cc454.flv	(6, 7)
1f025a1f075ff2d25d5469a1343932e09ea13b2a.flv,50267c2376f0e05d38f8d468d4bb403fab5cc454.flv	(6, 2)(7, 4)(8, 5)
1f025a1f075ff2d25d5469a1343932e09ea13b2a.flv,50267c2376f0e05d38f8d468d4bb403fab5cc454.flv	(7, 8)
1f025a1f075ff2d25d5469a1343932e09ea13b2a.flv,54b8c1ae26a16400c15badbae407c809b3ebf03c.flv	(6, 2)(7, 4)(8, 5)(9, 6)(10, 7)(11, 8)
1f025a1f075ff2d25d5469a1343932e09ea13b2a.flv,55dde762dc283ee301065f670b6d7c08c3c32668.flv	(0, 3)(1, 4)(2, 5)(3, 6)(4, 7)(5, 9)(6, 10)(7, 12)(8, 13)(9, 14)
1f025a1f075ff2d25d5469a1343932e09ea13b2a.flv,55dde762dc283ee301065f670b6d7c08c3c32668.flv	(22, 26)
1f025a1f075ff2d25d5469a1343932e09ea13b2a.flv,66246823d79897fd7d93677c6c0244a3cbd4657f.flv	(0, 0)(1, 1)(2, 2)(3, 3)(4, 4)(5, 5)(6, 7)(7, 9)(8, 10)(9, 11)(10, 12)(11, 13)(12, 14)(13, 15)(14, 16)(15, 18)(16, 19)(17, 21)(18, 22)(19, 23)(20, 24)(21, 25)(22, 26)(23, 27)(24, 28)(25, 29)(26, 30)(27, 31)
1f025a1f075ff2d25d5469a1343932e09ea13b2a.flv,69bcf906c79504494d9f23192f4801b61b4fd966.flv	(0, 1)(1, 2)(2, 3)(3, 4)(4, 5)(5, 7)(6, 8)(7, 10)(8, 11)(9, 12)
1f025a1f075ff2d25d5469a1343932e09ea13b2a.flv,69bcf906c79504494d9f23192f4801b61b4fd966.flv	(22, 24)
1f025a1f075ff2d25d5469a1343932e09ea13b2a.flv,750357acf34899c1c99eb2ae22880c88a776c946.flv	(7, 0)(8, 1)(9, 2)(10, 3)(11, 5)
1f025a1f075ff2d25d5469a1343932e09ea13b2a.flv,7c34e7d6022bcd3c7c225feed3fca1e8e72249a4.flv	(6, 0)(7, 2)(8, 3)(9, 4)(10, 5)(11, 6)
1f025a1f075ff2d25d5469a1343932e09ea13b2a.flv,855f0c045b8b0f8f74a6e8a8d7cfc4aff5fbcc4b.flv	(7, 7)
1f025a1f075ff2d25d5469a1343932e09ea13b2a.flv,8cd04dbb4576f83ebe1f480d6a33a24c3a5882bd.flv	(6, 0)(7, 2)(8, 3)(9, 4)(10, 5)(11, 6)
1f025a1f075ff2d25d5469a1343932e09ea13b2a.flv,8f95e2c9940b1ea46fa23702ca70f4cbefd9e3ef.flv	(6, 0)(7, 2)(8, 3)(9, 4)(10, 5)(11, 6)
1f025a1f075ff2d25d5469a1343932e09ea13b2a.flv,9d4fe306b83253fdd9734daaf6d56df5a5ec648f.flv	(6, 0)(7, 1)(8, 2)(9, 3)(10, 4)(11, 5)
1f025a1f075ff2d25d5469a1343932e09ea13b2a.flv,9e9f2730f5f2bb277d07f7125372352597274f6b.flv	(6, 0)(7, 2)(8, 3)(9, 4)(10, 5)(11, 6)
1f025a1f075ff2d25d5469a1343932e09ea13b2a.flv,9efa8c1165cc587476f284ecda53b88c9fd92697.flv	(6, 0)(7, 1)(8, 2)(9, 3)(10, 4)(11, 5)
1f025a1f075ff2d25d5469a1343932e09ea13b2a.flv,a9edef40077c3d7c638dae4a24a83bf6e42b34b1.flv	(6, 0)(7, 2)(8, 3)
1f025a1f075ff2d25d5469a1343932e09ea13b2a.flv,b728eae73b1705d4ef3884b5d536273c5cb47fbd.flv	(6, 0)(7, 2)(8, 3)(9, 4)(10, 5)(11, 6)
1f025a1f075ff2d25d5469a1343932e09ea13b2a.flv,d083d6a9a987fb0e37dddc0f134704a29677899c.flv	(6, 0)(7, 2)
1f025a1f075ff2d25d5469a1343932e09ea13b2a.flv,df097cb467b3a43683f48082099cfdfddae84f37.flv	(6, 0)(7, 1)(8, 2)(9, 3)(10, 4)(11, 5)
1f025a1f075ff2d25d5469a1343932e09ea13b2a.flv,e29e65d0e362b8e7d450d833227ea3c0f5f65f12.flv	(6, 0)(7, 2)(8, 3)(9, 4)(10, 5)(11, 6)
1f025a1f075ff2d25d5469a1343932e09ea13b2a.flv,e2cecbbd4e5683a610152e4b0e83deaa5090384a.flv	(5, 0)(6, 1)(7, 5)(9, 14)(10, 15)(11, 16)(12, 18)(15, 24)(16, 25)(17, 27)(18, 28)(19, 29)(20, 30)(21, 31)(23, 36)(25, 38)(26, 39)(28, 44)(30, 48)(31, 50)(32, 51)(32, 52)
1f025a1f075ff2d25d5469a1343932e09ea13b2a.flv,ea224722e7d3ef9c44d8140a2e435469384204d8.flv	(0, 5)(2, 7)(3, 8)(4, 9)(6, 14)(7, 16)(9, 20)(10, 22)(11, 23)
1f025a1f075ff2d25d5469a1343932e09ea13b2a.flv,f410b354eec142d6e0f1124bffe6aad83d8dc427.flv	(2, 0)(3, 1)(4, 2)(5, 4)(6, 5)(7, 7)(8, 8)(9, 9)
1f025a1f075ff2d25d5469a1343932e09ea13b2a.flv,fca7e9c46b6ec4b8cb53ff17d93bef484a341c5b.flv	(1, 0)(2, 1)(3, 2)(4, 3)(5, 4)(6, 7)(7, 9)(8, 10)(9, 12)(10, 13)(11, 15)(12, 16)(13, 17)(15, 20)(16, 21)(18, 25)(20, 26)(22, 32)(23, 33)(24, 34)(25, 35)(26, 36)(28, 41)(31, 45)(32, 46)
32b25dee50d2c710b1122afe7371b9fa274241d6.flv,32b25dee50d2c710b1122afe7371b9fa274241d6.flv	(0, 0)(1, 1)(2, 2)(3, 3)(4, 4)(5, 5)(6, 6)(7, 7)(8, 8)(9, 9)(10, 10)(11, 11)(12, 12)(13, 13)(14, 14)(15, 15)(16, 16)(17, 17)
32b25dee50d2c710b1122afe7371b9fa274241d6.flv,3f4c158b7f419867204968bd5e1f70003fefc889.flv	(8, 5)
32b25dee50d2c710b1122afe7371b9fa274241d6.flv,4120e70bc6332bd6010e76b0054c45653bfa6f94.flv	(2, 2)(5, 3)(6, 4)(7, 5)(8, 6)
32b25dee50d2c710b1122afe7371b9fa274241d6.flv,50267c2376f0e05d38f8d468d4bb403fab5cc454.flv	(2, 4)(5, 5)
32b25dee50d2c710b1122afe7371b9fa274241d6.flv,50267c2376f0e05d38f8d468d4bb403fab5cc454.flv	(4, 8)
32b25dee50d2c710b1122afe7371b9fa274241d6.flv,54b8c1ae26a16400c15badbae407c809b3ebf03c.flv	(5, 5)(6, 6)(8, 8)
32b25dee50d2c710b1122afe7371b9fa274241d6.flv,55dde762dc283ee301065f670b6d7c08c3c32668.flv	(2, 12)(5, 13)(6, 14)
32b25dee50d2c710b1122afe7371b9fa274241d6.flv,66246823d79897fd7d93677c6c0244a3cbd4657f.flv	(2, 9)(5, 10)(6, 11)(7, 12)(8, 13)(9, 14)(10, 15)(11, 16)(12, 17)(13, 18)(16, 21)
32b25dee50d2c710b1122afe7371b9fa274241d6.flv,69bcf906c79504494d9f23192f4801b61b4fd966.flv	(5, 11)(6, 12)
32b25dee50d2c710b1122afe7371b9fa274241d6.flv,750357acf34899c1c99eb2ae22880c88a776c946.flv	(5, 1)(6, 2)(8, 5)
32b25dee50d2c710b1122afe7371b9fa274241d6.flv,7c34e7d6022bcd3c7c225feed3fca1e8e72249a4.flv	(2, 2)(5, 3)(6, 4)(7, 5)(8, 6)
32b25dee50d2c710b1122afe7371b9fa274241d6.flv,855f0c045b8b0f8f74a6e8a8d7cfc4aff5fbcc4b.flv	(2, 7)
32b25dee50d2c710b1122afe7371b9fa274241d6.flv,8cd04dbb4576f83ebe1f480d6a33a24c3a5882bd.flv	(5, 3)(6, 4)(7, 5)(8, 6)
32b25dee50d2c710b1122afe7371b9fa274241d6.flv,8f95e2c9940b1ea46fa23702ca70f4cbefd9e3ef.flv	(5, 3)(6, 4)(7, 5)(8, 6)
32b25dee50d2c710b1122afe7371b9fa274241d6.flv,9d4fe306b83253fdd9734daaf6d56df5a5ec648f.flv	(2, 1)(5, 2)(6, 3)(7, 4)(8, 5)
32b25dee50d2c710b1122afe7371b9fa274241d6.flv,9e9f2730f5f2bb277d07f7125372352597274f6b.flv	(5, 3)(6, 4)(7, 5)(8, 6)
32b25dee50d2c710b1122afe7371b9fa274241d6.flv,9efa8c1165cc587476f284ecda53b88c9fd92697.flv	(2, 1)(5, 2)(6, 3)(7, 4)(8, 5)
32b25dee50d2c710b1122afe7371b9fa274241d6.flv,a9edef40077c3d7c638dae4a24a83bf6e42b34b1.flv	(5, 3)
32b25dee50d2c710b1122afe7371b9fa274241d6.flv,b728eae73b1705d4ef3884b5d536273c5cb47fbd.flv	(2, 2)(5, 3)(6, 4)(7, 5)(8, 6)
32b25dee50d2c710b1122afe7371b9fa274241d6.flv,d083d6a9a987fb0e37dddc0f134704a29677899c.flv	(2, 2)(5, 3)(6, 4)(7, 5)(8, 6)
32b25dee50d2c710b1122afe7371b9fa274241d6.flv,df097cb467b3a43683f48082099cfdfddae84f37.flv	(2, 1)(5, 2)(6, 3)(7, 4)(8, 5)
32b25dee50d2c710b1122afe7371b9fa274241d6.flv,e29e65d0e362b8e7d450d833227ea3c0f5f65f12.flv	(2, 2)(5, 3)(6, 4)(7, 5)(8, 6)
32b25dee50d2c710b1122afe7371b9fa274241d6.flv,e2cecbbd4e5683a610152e4b0e83deaa5090384a.flv	(6, 14)(7, 15)(8, 16)(10, 20)(11, 21)(12, 22)(12, 23)(13, 24)(14, 25)(15, 26)(16, 27)
32b25dee50d2c710b1122afe7371b9fa274241d6.flv,ea224722e7d3ef9c44d8140a2e435469384204d8.flv	(6, 20)(7, 21)(8, 23)
32b25dee50d2c710b1122afe7371b9fa274241d6.flv,f410b354eec142d6e0f1124bffe6aad83d8dc427.flv	(2, 7)(5, 8)(6, 9)
32b25dee50d2c710b1122afe7371b9fa274241d6.flv,fca7e9c46b6ec4b8cb53ff17d93bef484a341c5b.flv	(5, 10)(6, 12)(9, 16)(10, 17)(11, 18)(12, 19)(13, 20)(14, 21)(15, 22)(16, 24)
3f4c158b7f419867204968bd5e1f70003fefc889.flv,3f4c158b7f419867204968bd5e1f70003fefc889.flv	(0, 0)(1, 1)(2, 2)(3, 3)(4, 4)(5, 5)(6, 6)(7, 7)(8, 8)(9, 9)(10, 10)(11, 11)(12, 12)(13, 13)(14, 14)(15, 15)(16, 16)(17, 17)(18, 18)(19, 19)(20, 20)(21, 21)(22, 22)(23, 23)(24, 24)(25, 25)(26, 26)(27, 27)(28, 28)
3f4c158b7f419867204968bd5e1f70003fefc889.flv,4120e70bc6332bd6010e76b0054c45653bfa6f94.flv	(4, 4)(5, 6)
3f4c158b7f419867204968bd5e1f70003fefc889.flv,50267c2376f0e05d38f8d468d4bb403fab5cc454.flv	(2, 7)
3f4c158b7f419867204968bd5e1f70003fefc889.flv,50267c2376f0e05d38f8d468d4bb403fab5cc454.flv	
3f4c158b7f419867204968bd5e1f70003fefc889.flv,50267c2376f0e05d38f8d468d4bb403fab5cc454.flv	(2, 8)
3f4c158b7f419867204968bd5e1f70003fefc889.flv,54b8c1ae26a16400c15badbae407c809b3ebf03c.flv	(5, 8)
3f4c158b7f419867204968bd5e1f70003fefc889.flv,55dde762dc283ee301065f670b6d7c08c3c32668.flv	(0, 9)(4, 14)
3f4c158b7f419867204968bd5e1f70003fefc889.flv,66246823d79897fd7d93677c6c0244a3cbd4657f.flv	(0, 6)(4, 11)(5, 13)
3f4c158b7f419867204968bd5e1f70003fefc889.flv,69bcf906c79504494d9f23192f4801b61b4fd966.flv	(0, 7)(4, 12)
3f4c158b7f419867204968bd5e1f70003fefc889.flv,750357acf34899c1c99eb2ae22880c88a776c946.flv	(2, 1)(4, 2)(5, 5)
3f4c158b7f419867204968bd5e1f70003fefc889.flv,7c34e7d6022bcd3c7c225feed3fca1e8e72249a4.flv	(4, 4)(5, 6)
3f4c158b7f419867204968bd5e1f70003fefc889.flv,855f0c045b8b0f8f74a6e8a8d7cfc4aff5fbcc4b.flv	(2, 7)
3f4c158b7f419867204968bd5e1f70003fefc889.flv,8cd04dbb4576f83ebe1f480d6a33a24c3a5882bd.flv	(4, 4)(5, 6)
3f4c158b7f419867204968bd5e1f70003fefc889.flv,8f95e2c9940b1ea46fa23702ca70f4cbefd9e3ef.flv	(5, 6)
3f4c158b7f419867204968bd5e1f70003fefc889.flv,9d4fe306b83253fdd9734daaf6d56df5a5ec648f.flv	(4, 3)(5, 5)
3f4c158b7f419867204968bd5e1f70003fefc889.flv,9e9f2730f5f2bb277d07f7125372352597274f6b.flv	(4, 4)(5, 6)
3f4c158b7f419867204968bd5e1f70003fefc889.flv,9efa8c1165cc587476f284ecda53b88c9fd92697.flv	(4, 3)(5, 5)
3f4c158b7f419867204968bd5e1f70003fefc889.flv,a9edef40077c3d7c638dae4a24a83bf6e42b34b1.flv	(2, 2)
3f4c158b7f419867204968bd5e1f70003fefc889.flv,b728eae73b1705d4ef3884b5d536273c5cb47fbd.flv	(4, 4)(5, 6)
3f4c158b7f419867204968bd5e1f70003fefc889.flv,d083d6a9a987fb0e37dddc0f134704a29677899c.flv	(4, 4)(5, 6)
3f4c158b7f419867204968bd5e1f70003fefc889.flv,df097cb467b3a43683f48082099cfdfddae84f37.flv	(4, 3)(5, 5)
3f4c158b7f419867204968bd5e1f70003fefc889.flv,e29e65d0e362b8e7d450d833227ea3c0f5f65f12.flv	(4, 4)(5, 6)
3f4c158b7f419867204968bd5e1f70003fefc889.flv,e2cecbbd4e5683a610152e4b0e83deaa5090384a.flv	(0, 0)(4, 14)(5, 16)
3f4c158b7f419867204968bd5e1f70003fefc889.flv,ea224722e7d3ef9c44d8140a2e435469384204d8.flv	(3, 23)
3f4c158b7f419867204968bd5e1f70003fefc889.flv,f410b354eec142d6e0f1124bffe6aad83d8dc427.flv	(0, 4)(4, 9)
3f4c158b7f419867204968bd5e1f70003fefc889.flv,fca7e9c46b6ec4b8cb53ff17d93bef484a341c5b.flv	(0, 5)(4, 12)
4120e70bc6332bd6010e76b0054c45653bfa6f94.flv,4120e70bc6332bd6010e76b0054c45653bfa6f94.flv	(0, 0)(1, 1)(2, 2)(3, 3)(4, 4)(5, 5)(6, 6)(7, 7)(8, 8)(9, 9)(10, 10)(11, 11)(12, 12)(13, 13)(14, 14)(15, 15)(16, 16)(17, 17)(18, 18)(19, 19)(20, 20)(21, 21)(22, 22)(23, 23)(24, 24)
4120e70bc6332bd6010e76b0054c45653bfa6f94.flv,50267c2376f0e05d38f8d468d4bb403fab5cc454.flv	(0, 2)(1, 3)(2, 4)(3, 5)
4120e70bc6332bd6010e76b0054c45653bfa6f94.flv,50267c2376f0e05d38f8d468d4bb403fab5cc454.flv	(2, 8)
4120e70bc6332bd6010e76b0054c45653bfa6f94.flv,54b8c1ae26a16400c15badbae407c809b3ebf03c.flv	(0, 2)(1, 3)(2, 4)(3, 5)(4, 6)(5, 7)(6, 8)
4120e70bc6332bd6010e76b0054c45653bfa6f94.flv,55dde762dc283ee301065f670b6d7c08c3c32668.flv	(0, 10)(1, 11)(2, 12)(3, 13)(4, 14)
4120e70bc6332bd6010e76b0054c45653bfa6f94.flv,55dde762dc283ee301065f670b6d7c08c3c32668.flv	(13, 24)(14, 26)
4120e70bc6332bd6010e76b0054c45653bfa6f94.flv,66246823d79897fd7d93677c6c0244a3cbd4657f.flv	(0, 7)(1, 8)(2, 9)(3, 10)(4, 11)(5, 12)(6, 13)
4120e70bc6332bd6010e76b0054c45653bfa6f94.flv,69bcf906c79504494d9f23192f4801b61b4fd966.flv	(0, 8)(1, 9)(2, 10)(3, 11)(4, 12)
4120e70bc6332bd6010e76b0054c45653bfa6f94.flv,69bcf906c79504494d9f23192f4801b61b4fd966.flv	(13, 22)(14, 23)
4120e70bc6332bd6010e76b0054c45653bfa6f94.flv,750357acf34899c1c99eb2ae22880c88a776c946.flv	(2, 0)(3, 1)(4, 2)(5, 3)(6, 5)
4120e70bc6332bd6010e76b0054c45653bfa6f94.flv,7c34e7d6022bcd3c7c225feed3fca1e8e72249a4.flv	(0, 0)(1, 1)(2, 2)(3, 3)(4, 4)(5, 5)(6, 6)(7, 7)(8, 8)(9, 9)(10, 10)(11, 11)(12, 12)(13, 13)(14, 14)(15, 15)(16, 16)(17, 17)(18, 18)(19, 19)(20, 20)(21, 21)(22, 22)(23, 23)(24, 24)
4120e70bc6332bd6010e76b0054c45653bfa6f94.flv,855f0c045b8b0f8f74a6e8a8d7cfc4aff5fbcc4b.flv	(1, 6)(2, 7)
4120e70bc6332bd6010e76b0054c45653bfa6f94.flv,8cd04dbb4576f83ebe1f480d6a33a24c3a5882bd.flv	(0, 0)(1, 1)(2, 2)(3, 3)(4, 4)(5, 5)(6, 6)
4120e70bc6332bd6010e76b0054c45653bfa6f94.flv,8f95e2c9940b1ea46fa23702ca70f4cbefd9e3ef.flv	(0, 0)(1, 1)(2, 2)(3, 3)(4, 4)(5, 5)(6, 6)
4120e70bc6332bd6010e76b0054c45653bfa6f94.flv,8f95e2c9940b1ea46fa23702ca70f4cbefd9e3ef.flv	(13, 15)(14, 16)
4120e70bc6332bd6010e76b0054c45653bfa6f94.flv,9d4fe306b83253fdd9734daaf6d56df5a5ec648f.flv	(0, 0)(2, 1)(3, 2)(4, 3)(5, 4)(6, 5)
4120e70bc6332bd6010e76b0054c45653bfa6f94.flv,9e9f2730f5f2bb277d07f7125372352597274f6b.flv	(0, 0)(1, 1)(2, 2)(3, 3)(4, 4)(5, 5)(6, 6)
4120e70bc6332bd6010e76b0054c45653bfa6f94.flv,9e9f2730f5f2bb277d07f7125372352597274f6b.flv	(9, 9)(10, 10)(11, 11)(12, 12)(13, 13)(14, 14)(15, 15)(16, 16)
4120e70bc6332bd6010e76b0054c45653bfa6f94.flv,9efa8c1165cc587476f284ecda53b88c9fd92697.flv	(0, 0)(2, 1)(3, 2)(4, 3)(5, 4)(6, 5)
4120e70bc6332bd6010e76b0054c45653bfa6f94.flv,a9edef40077c3d7c638dae4a24a83bf6e42b34b1.flv	(0, 0)(2, 2)(3, 3)
4120e70bc6332bd6010e76b0054c45653bfa6f94.flv,b728eae73b1705d4ef3884b5d536273c5cb47fbd.flv	(0, 0)(1, 1)(2, 2)(3, 3)(4, 4)(5, 5)(6, 6)
4120e70bc6332bd6010e76b0054c45653bfa6f94.flv,b728eae73b1705d4ef3884b5d536273c5cb47fbd.flv	(9, 9)(10, 10)(11, 11)(12, 12)(13, 13)(14, 14)(15, 15)(16, 16)(17, 17)(18, 18)(19, 19)(20, 20)(21, 21)
4120e70bc6332bd6010e76b0054c45653bfa6f94.flv,d083d6a9a987fb0e37dddc0f134704a29677899c.flv	(0, 0)(2, 2)(3, 3)(4, 4)(5, 5)(6, 6)
4120e70bc6332bd6010e76b0054c45653bfa6f94.flv,df097cb467b3a43683f48082099cfdfddae84f37.flv	(0, 0)(2, 1)(3, 2)(4, 3)(5, 4)(6, 5)
4120e70bc6332bd6010e76b0054c45653bfa6f94.flv,e29e65d0e362b8e7d450d833227ea3c0f5f65f12.flv	(0, 0)(1, 1)(2, 2)(3, 3)(4, 4)(5, 5)(6, 6)(7, 7)(8, 8)(9, 9)(10, 10)(11, 11)(12, 12)(13, 13)(14, 14)(15, 15)(16, 16)(17, 17)(18, 18)(19, 19)(20, 20)(21, 21)(22, 22)(23, 23)(24, 24)
4120e70bc6332bd6010e76b0054c45653bfa6f94.flv,e2cecbbd4e5683a610152e4b0e83deaa5090384a.flv	(0, 2)(0, 3)(1, 4)(2, 5)(4, 14)(5, 15)(6, 16)
4120e70bc6332bd6010e76b0054c45653bfa6f94.flv,ea224722e7d3ef9c44d8140a2e435469384204d8.flv	(0, 14)(1, 15)(2, 16)(4, 20)(5, 22)(6, 23)
4120e70bc6332bd6010e76b0054c45653bfa6f94.flv,f410b354eec142d6e0f1124bffe6aad83d8dc427.flv	(0, 5)(1, 6)(2, 7)(3, 8)(4, 9)
4120e70bc6332bd6010e76b0054c45653bfa6f94.flv,fca7e9c46b6ec4b8cb53ff17d93bef484a341c5b.flv	(0, 7)(1, 8)(2, 9)(3, 10)(4, 12)(5, 13)(6, 15)
50267c2376f0e05d38f8d468d4bb403fab5cc454.flv,50267c2376f0e05d38f8d468d4bb403fab5cc454.flv	(0, 0)(1, 1)(2, 2)(3, 3)(4, 4)(5, 5)(6, 6)(7, 7)(8, 8)(9, 9)(10, 10)
50267c2376f0e05d38f8d468d4bb403fab5cc454.flv,54b8c1ae26a16400c15badbae407c809b3ebf03c.flv	(2, 2)(3, 3)(4, 4)(5, 5)
50267c2376f0e05d38f8d468d4bb403fab5cc454.flv,54b8c1ae26a16400c15badbae407c809b3ebf03c.flv	(7, 1)(7, 2)
50267c2376f0e05d38f8d468d4bb403fab5cc454.flv,54b8c1ae26a16400c15badbae407c809b3ebf03c.flv	(8, 4)
50267c2376f0e05d38f8d468d4bb403fab5cc454.flv,55dde762dc283ee301065f670b6d7c08c3c32668.flv	(2, 10)(3, 11)(4, 12)(5, 13)
50267c2376f0e05d38f8d468d4bb403fab5cc454.flv,55dde762dc283ee301065f670b6d7c08c3c32668.flv	(7, 10)
50267c2376f0e05d38f8d468d4bb403fab5cc454.flv,55dde762dc283ee301065f670b6d7c08c3c32668.flv	(8, 12)
50267c2376f0e05d38f8d468d4bb403fab5cc454.flv,66246823d79897fd7d93677c6c0244a3cbd4657f.flv	(2, 7)(3, 8)(4, 9)(5, 10)
50267c2376f0e05d38f8d468d4bb403fab5cc454.flv,66246823d79897fd7d93677c6c0244a3cbd4657f.flv	(7, 7)
50267c2376f0e05d38f8d468d4bb403fab5cc454.flv,66246823d79897fd7d93677c6c0244a3cbd4657f.flv	(8, 9)
50267c2376f0e05d38f8d468d4bb403fab5cc454.flv,69bcf906c79504494d9f23192f4801b61b4fd966.flv	(2, 8)(4, 10)(5, 11)
50267c2376f0e05d38f8d468d4bb403fab5cc454.flv,69bcf906c79504494d9f23192f4801b61b4fd966.flv	(7, 8)
50267c2376f0e05d38f8d468d4bb403fab5cc454.flv,69bcf906c79504494d9f23192f4801b61b4fd966.flv	(8, 10)
50267c2376f0e05d38f8d468d4bb403fab5cc454.flv,750357acf34899c1c99eb2ae22880c88a776c946.flv	(4, 0)(5, 1)
50267c2376f0e05d38f8d468d4bb403fab5cc454.flv,750357acf34899c1c99eb2ae22880c88a776c946.flv	(8, 0)
50267c2376f0e05d38f8d468d4bb403fab5cc454.flv,7c34e7d6022bcd3c7c225feed3fca1e8e72249a4.flv	(2, 0)(3, 1)(4, 2)(5, 3)
50267c2376f0e05d38f8d468d4bb403fab5cc454.flv,7c34e7d6022bcd3c7c225feed3fca1e8e72249a4.flv	(8, 2)
50267c2376f0e05d38f8d468d4bb403fab5cc454.flv,855f0c045b8b0f8f74a6e8a8d7cfc4aff5fbcc4b.flv	(4, 7)
50267c2376f0e05d38f8d468d4bb403fab5cc454.flv,855f0c045b8b0f8f74a6e8a8d7cfc4aff5fbcc4b.flv	(8, 7)
50267c2376f0e05d38f8d468d4bb403fab5cc454.flv,8cd04dbb4576f83ebe1f480d6a33a24c3a5882bd.flv	(2, 0)(3, 1)(4, 2)(5, 3)
50267c2376f0e05d38f8d468d4bb403fab5cc454.flv,8cd04dbb4576f83ebe1f480d6a33a24c3a5882bd.flv	(7, 0)
50267c2376f0e05d38f8d468d4bb403fab5cc454.flv,8cd04dbb4576f83ebe1f480d6a33a24c3a5882bd.flv	(8, 2)
50267c2376f0e05d38f8d468d4bb403fab5cc454.flv,8f95e2c9940b1ea46fa23702ca70f4cbefd9e3ef.flv	(2, 0)(3, 1)(4, 2)(5, 3)
50267c2376f0e05d38f8d468d4bb403fab5cc454.flv,8f95e2c9940b1ea46fa23702ca70f4cbefd9e3ef.flv	(7, 0)
50267c2376f0e05d38f8d468d4bb403fab5cc454.flv,8f95e2c9940b1ea46fa23702ca70f4cbefd9e3ef.flv	(8, 2)
50267c2376f0e05d38f8d468d4bb403fab5cc454.flv,9d4fe306b83253fdd9734daaf6d56df5a5ec648f.flv	(2, 0)(4, 1)(5, 2)
50267c2376f0e05d38f8d468d4bb403fab5cc454.flv,9d4fe306b83253fdd9734daaf6d56df5a5ec648f.flv	(7, 0)
50267c2376f0e05d38f8d468d4bb403fab5cc454.flv,9d4fe306b83253fdd9734daaf6d56df5a5ec648f.flv	(8, 1)
50267c2376f0e05d38f8d468d4bb403fab5cc454.flv,9e9f2730f5f2bb277d07f7125372352597274f6b.flv	(2, 0)(3, 1)(4, 2)(5, 3)
50267c2376f0e05d38f8d468d4bb403fab5cc454.flv,9e9f2730f5f2bb277d07f7125372352597274f6b.flv	(7, 0)
50267c2376f0e05d38f8d468d4bb403fab5cc454.flv,9e9f2730f5f2bb277d07f7125372352597274f6b.flv	(8, 2)
50267c2376f0e05d38f8d468d4bb403fab5cc454.flv,9efa8c1165cc587476f284ecda53b88c9fd92697.flv	(2, 0)(4, 1)(5, 2)
50267c2376f0e05d38f8d468d4bb403fab5cc454.flv,9efa8c1165cc587476f284ecda53b88c9fd92697.flv	(7, 0)
50267c2376f0e05d38f8d468d4bb403fab5cc454.flv,9efa8c1165cc587476f284ecda53b88c9fd92697.flv	(8, 1)
50267c2376f0e05d38f8d468d4bb403fab5cc454.flv,a9edef40077c3d7c638dae4a24a83bf6e42b34b1.flv	(2, 0)(3, 1)(4, 2)
50267c2376f0e05d38f8d468d4bb403fab5cc454.flv,a9edef40077c3d7c638dae4a24a83bf6e42b34b1.flv	(7, 0)
50267c2376f0e05d38f8d468d4bb403fab5cc454.flv,a9edef40077c3d7c638dae4a24a83bf6e42b34b1.flv	(8, 2)
50267c2376f0e05d38f8d468d4bb403fab5cc454.flv,b728eae73b1705d4ef3884b5d536273c5cb47fbd.flv	(2, 0)(3, 1)(4, 2)(5, 3)
50267c2376f0e05d38f8d468d4bb403fab5cc454.flv,b728eae73b1705d4ef3884b5d536273c5cb47fbd.flv	(7, 0)
50267c2376f0e05d38f8d468d4bb403fab5cc454.flv,b728eae73b1705d4ef3884b5d536273c5cb47fbd.flv	(8, 2)
50267c2376f0e05d38f8d468d4bb403fab5cc454.flv,d083d6a9a987fb0e37dddc0f134704a29677899c.flv	(2, 0)(3, 1)(4, 2)(5, 3)
50267c2376f0e05d38f8d468d4bb403fab5cc454.flv,d083d6a9a987fb0e37dddc0f134704a29677899c.flv	(7, 0)
50267c2376f0e05d38f8d468d4bb403fab5cc454.flv,d083d6a9a987fb0e37dddc0f134704a29677899c.flv	(8, 3)
50267c2376f0e05d38f8d468d4bb403fab5cc454.flv,df097cb467b3a43683f48082099cfdfddae84f37.flv	(2, 0)(4, 1)(5, 2)
50267c2376f0e05d38f8d468d4bb403fab5cc454.flv,df097cb467b3a43683f48082099cfdfddae84f37.flv	(7, 0)
50267c2376f0e05d38f8d468d4bb403fab5cc454.flv,df097cb467b3a43683f48082099cfdfddae84f37.flv	(8, 1)
50267c2376f0e05d38f8d468d4bb403fab5cc454.flv,e29e65d0e362b8e7d450d833227ea3c0f5f65f12.flv	(2, 0)(3, 1)(4, 2)(5, 3)
50267c2376f0e05d38f8d468d4bb403fab5cc454.flv,e29e65d0e362b8e7d450d833227ea3c0f5f65f12.flv	(8, 2)
50267c2376f0e05d38f8d468d4bb403fab5cc454.flv,e2cecbbd4e5683a610152e4b0e83deaa5090384a.flv	(2, 2)(3, 4)(4, 5)
50267c2376f0e05d38f8d468d4bb403fab5cc454.flv,e2cecbbd4e5683a610152e4b0e83deaa5090384a.flv	(7, 1)
50267c2376f0e05d38f8d468d4bb403fab5cc454.flv,e2cecbbd4e5683a610152e4b0e83deaa5090384a.flv	(8, 5)
50267c2376f0e05d38f8d468d4bb403fab5cc454.flv,ea224722e7d3ef9c44d8140a2e435469384204d8.flv	(2, 14)(3, 15)(4, 16)
50267c2376f0e05d38f8d468d4bb403fab5cc454.flv,ea224722e7d3ef9c44d8140a2e435469384204d8.flv	(7, 14)
50267c2376f0e05d38f8d468d4bb403fab5cc454.flv,ea224722e7d3ef9c44d8140a2e435469384204d8.flv	(8, 16)
50267c2376f0e05d38f8d468d4bb403fab5cc454.flv,f410b354eec142d6e0f1124bffe6aad83d8dc427.flv	(2, 5)(3, 6)(4, 7)(5, 8)
50267c2376f0e05d38f8d468d4bb403fab5cc454.flv,f410b354eec142d6e0f1124bffe6aad83d8dc427.flv	(7, 5)
50267c2376f0e05d38f8d468d4bb403fab5cc454.flv,f410b354eec142d6e0f1124bffe6aad83d8dc427.flv	(8, 7)
50267c2376f0e05d38f8d468d4bb403fab5cc454.flv,fca7e9c46b6ec4b8cb53ff17d93bef484a341c5b.flv	(2, 7)(3, 8)(4, 9)(5, 10)
50267c2376f0e05d38f8d468d4bb403fab5cc454.flv,fca7e9c46b6ec4b8cb53ff17d93bef484a341c5b.flv	(7, 7)
50267c2376f0e05d38f8d468d4bb403fab5cc454.flv,fca7e9c46b6ec4b8cb53ff17d93bef484a341c5b.flv	(8, 9)
54b8c1ae26a16400c15badbae407c809b3ebf03c.flv,54b8c1ae26a16400c15badbae407c809b3ebf03c.flv	(0, 0)(1, 1)(2, 2)(3, 3)(4, 4)(5, 5)(6, 6)(7, 7)(8, 8)(9, 9)(10, 10)(11, 11)(12, 12)(13, 13)(14, 14)(15, 15)(16, 16)(17, 17)(18, 18)(19, 19)(20, 20)(21, 21)(22, 22)(23, 23)(24, 24)(25, 25)(26, 26)(27, 27)(28, 28)(29, 29)(30, 30)(31, 31)(32, 32)(33, 33)(34, 34)(35, 35)(36, 36)(37, 37)(38, 38)(39, 39)(40, 40)(41, 41)(42, 42)(43, 43)(44, 44)(45, 45)(46, 46)(47, 47)(48, 48)(49, 49)(50, 50)(51, 51)(52, 52)(53, 53)(54, 54)(55, 55)(56, 56)(57, 57)(58, 58)(59, 59)(60, 60)(61, 61)(62, 62)(63, 63)(64, 64)(65, 65)(66, 66)(67, 67)(68, 68)(69, 69)(70, 70)(71, 71)(72, 72)(73, 73)(74, 74)(75, 75)(76, 76)(77, 77)(78, 78)(79, 79)(80, 80)(81, 81)(82, 82)(83, 83)(84, 84)(85, 85)(86, 86)(87, 87)(88, 88)(89, 89)(90, 90)(91, 91)(92, 92)(93, 93)(94, 94)(95, 95)(96, 96)(97, 97)(98, 98)(99, 99)(100, 100)(101, 101)(102, 102)(103, 103)(104, 104)(105, 105)(106, 106)(107, 107)(108, 108)(109, 109)(110, 110)(111, 111)(112, 112)(113, 113)(114, 114)(115, 115)(116, 116)(117, 117)(118, 118)(119, 119)(120, 120)(121, 121)(122, 122)(123, 123)(124, 124)(125, 125)(126, 126)(127, 127)(128, 128)(129, 129)(130, 130)(131, 131)(132, 132)(133, 133)(134, 134)(135, 135)(136, 136)(137, 137)(138, 138)(139, 139)(140, 140)(141, 141)(142, 142)(143, 143)(144, 144)(145, 145)(146, 146)(147, 147)(148, 148)(149, 149)(150, 150)(151, 151)(152, 152)(153, 153)(154, 154)(155, 155)(156, 156)(157, 157)(158, 158)(159, 159)(160, 160)(161, 161)(162, 162)(163, 163)(164, 164)(165, 165)(166, 166)(167, 167)(168, 168)(169, 169)(170, 170)(171, 171)(172, 172)
54b8c1ae26a16400c15badbae407c809b3ebf03c.flv,55dde762dc283ee301065f670b6d7c08c3c32668.flv	(2, 10)(3, 11)(4, 12)(5, 13)(6, 14)
54b8c1ae26a16400c15badbae407c809b3ebf03c.flv,66246823d79897fd7d93677c6c0244a3cbd4657f.flv	(2, 7)(4, 9)(5, 10)(6, 11)(7, 12)(8, 13)
54b8c1ae26a16400c15badbae407c809b3ebf03c.flv,69bcf906c79504494d9f23192f4801b61b4fd966.flv	(3, 9)(4, 10)(5, 11)(6, 12)
54b8c1ae26a16400c15badbae407c809b3ebf03c.flv,750357acf34899c1c99eb2ae22880c88a776c946.flv	(4, 0)(5, 1)(6, 2)(7, 3)(8, 5)
54b8c1ae26a16400c15badbae407c809b3ebf03c.flv,7c34e7d6022bcd3c7c225feed3fca1e8e72249a4.flv	(2, 0)(3, 1)(4, 2)(5, 3)(6, 4)(7, 5)(8, 6)
54b8c1ae26a16400c15badbae407c809b3ebf03c.flv,855f0c045b8b0f8f74a6e8a8d7cfc4aff5fbcc4b.flv	(3, 6)(4, 7)
54b8c1ae26a16400c15badbae407c809b3ebf03c.flv,8cd04dbb4576f83ebe1f480d6a33a24c3a5882bd.flv	(4, 2)(5, 3)(6, 4)(9, 7)
54b8c1ae26a16400c15badbae407c809b3ebf03c.flv,8f95e2c9940b1ea46fa23702ca70f4cbefd9e3ef.flv	(2, 0)(3, 1)(4, 2)(5, 3)(6, 4)(7, 5)(8, 6)(9, 7)
54b8c1ae26a16400c15badbae407c809b3ebf03c.flv,9d4fe306b83253fdd9734daaf6d56df5a5ec648f.flv	(2, 0)(4, 1)(5, 2)(6, 3)(7, 4)(8, 5)
54b8c1ae26a16400c15badbae407c809b3ebf03c.flv,9e9f2730f5f2bb277d07f7125372352597274f6b.flv	(2, 0)(3, 1)(4, 2)(5, 3)(6, 4)(7, 5)(8, 6)
54b8c1ae26a16400c15badbae407c809b3ebf03c.flv,9efa8c1165cc587476f284ecda53b88c9fd92697.flv	(4, 1)(5, 2)(6, 3)(8, 5)
54b8c1ae26a16400c15badbae407c809b3ebf03c.flv,a9edef40077c3d7c638dae4a24a83bf6e42b34b1.flv	(2, 0)(4, 2)(5, 3)
54b8c1ae26a16400c15badbae407c809b3ebf03c.flv,b728eae73b1705d4ef3884b5d536273c5cb47fbd.flv	(2, 0)(4, 2)(5, 3)(6, 4)(7, 5)(8, 6)(9, 7)
54b8c1ae26a16400c15badbae407c809b3ebf03c.flv,d083d6a9a987fb0e37dddc0f134704a29677899c.flv	(2, 1)
54b8c1ae26a16400c15badbae407c809b3ebf03c.flv,df097cb467b3a43683f48082099cfdfddae84f37.flv	(4, 1)(5, 2)(6, 3)(8, 5)
54b8c1ae26a16400c15badbae407c809b3ebf03c.flv,e29e65d0e362b8e7d450d833227ea3c0f5f65f12.flv	(2, 0)(3, 1)(4, 2)(5, 3)(6, 4)(7, 5)(8, 6)
54b8c1ae26a16400c15badbae407c809b3ebf03c.flv,e2cecbbd4e5683a610152e4b0e83deaa5090384a.flv	(3, 4)(4, 5)(6, 14)(7, 15)
54b8c1ae26a16400c15badbae407c809b3ebf03c.flv,ea224722e7d3ef9c44d8140a2e435469384204d8.flv	(2, 14)(3, 15)(4, 16)(6, 20)(7, 22)(8, 23)
54b8c1ae26a16400c15badbae407c809b3ebf03c.flv,f410b354eec142d6e0f1124bffe6aad83d8dc427.flv	(2, 5)(3, 6)(4, 7)(5, 8)(6, 9)
54b8c1ae26a16400c15badbae407c809b3ebf03c.flv,fca7e9c46b6ec4b8cb53ff17d93bef484a341c5b.flv	(2, 7)(3, 8)(4, 9)(5, 10)(6, 12)(7, 13)(8, 15)
55dde762dc283ee301065f670b6d7c08c3c32668.flv,55dde762dc283ee301065f670b6d7c08c3c32668.flv	(0, 0)(1, 1)(2, 2)(3, 3)(4, 4)(5, 5)(6, 6)(7, 7)(8, 8)(9, 9)(10, 10)(11, 11)(12, 12)(13, 13)(14, 14)(15, 15)(16, 16)(17, 17)(18, 18)(19, 19)(20, 20)(21, 21)(22, 22)(23, 23)(24, 24)(25, 25)(26, 26)(27, 27)(28, 28)(29, 29)(30, 30)(31, 31)(32, 32)(33, 33)(34, 34)(35, 35)(36, 36)
55dde762dc283ee301065f670b6d7c08c3c32668.flv,66246823d79897fd7d93677c6c0244a3cbd4657f.flv	(3, 0)(4, 1)(5, 2)(6, 3)(7, 4)(8, 5)(9, 6)(10, 7)(11, 8)(12, 9)(13, 10)(14, 11)
55dde762dc283ee301065f670b6d7c08c3c32668.flv,69bcf906c79504494d9f23192f4801b61b4fd966.flv	(2, 0)(3, 1)(4, 2)(5, 3)(6, 4)(7, 5)(8, 6)(9, 7)(10, 8)(12, 10)(13, 11)(14, 12)(15, 13)(16, 14)(17, 15)(18, 16)(19, 17)(20, 18)(21, 19)(22, 20)(23, 21)(24, 22)(25, 23)(26, 24)(27, 25)(28, 26)(32, 28)(33, 29)(34, 29)(35, 30)(36, 31)
55dde762dc283ee301065f670b6d7c08c3c32668.flv,750357acf34899c1c99eb2ae22880c88a776c946.flv	(12, 0)(13, 1)(14, 2)
55dde762dc283ee301065f670b6d7c08c3c32668.flv,7c34e7d6022bcd3c7c225feed3fca1e8e72249a4.flv	(10, 0)(11, 1)(12, 2)(13, 3)(14, 4)
55dde762dc283ee301065f670b6d7c08c3c32668.flv,7c34e7d6022bcd3c7c225feed3fca1e8e72249a4.flv	(24, 13)(26, 14)
55dde762dc283ee301065f670b6d7c08c3c32668.flv,855f0c045b8b0f8f74a6e8a8d7cfc4aff5fbcc4b.flv	(12, 7)
55dde762dc283ee301065f670b6d7c08c3c32668.flv,8cd04dbb4576f83ebe1f480d6a33a24c3a5882bd.flv	(10, 0)(12, 2)(13, 3)(14, 4)
55dde762dc283ee301065f670b6d7c08c3c32668.flv,8cd04dbb4576f83ebe1f480d6a33a24c3a5882bd.flv	(24, 13)
55dde762dc283ee301065f670b6d7c08c3c32668.flv,8f95e2c9940b1ea46fa23702ca70f4cbefd9e3ef.flv	(10, 0)(12, 2)(13, 3)(14, 4)
55dde762dc283ee301065f670b6d7c08c3c32668.flv,8f95e2c9940b1ea46fa23702ca70f4cbefd9e3ef.flv	(24, 15)(25, 16)
55dde762dc283ee301065f670b6d7c08c3c32668.flv,9d4fe306b83253fdd9734daaf6d56df5a5ec648f.flv	(10, 0)(12, 1)(13, 2)(14, 3)
55dde762dc283ee301065f670b6d7c08c3c32668.flv,9e9f2730f5f2bb277d07f7125372352597274f6b.flv	(10, 0)(11, 1)(12, 2)(13, 3)(14, 4)
55dde762dc283ee301065f670b6d7c08c3c32668.flv,9e9f2730f5f2bb277d07f7125372352597274f6b.flv	(24, 13)
55dde762dc283ee301065f670b6d7c08c3c32668.flv,9efa8c1165cc587476f284ecda53b88c9fd92697.flv	(12, 1)(13, 2)(14, 3)
55dde762dc283ee301065f670b6d7c08c3c32668.flv,a9edef40077c3d7c638dae4a24a83bf6e42b34b1.flv	(10, 1)(11, 1)(12, 2)(13, 3)
55dde762dc283ee301065f670b6d7c08c3c32668.flv,b728eae73b1705d4ef3884b5d536273c5cb47fbd.flv	(10, 0)(11, 1)(12, 2)(13, 3)(14, 4)
55dde762dc283ee301065f670b6d7c08c3c32668.flv,b728eae73b1705d4ef3884b5d536273c5cb47fbd.flv	(24, 13)
55dde762dc283ee301065f670b6d7c08c3c32668.flv,d083d6a9a987fb0e37dddc0f134704a29677899c.flv	(10, 0)(12, 2)(13, 3)(14, 4)
55dde762dc283ee301065f670b6d7c08c3c32668.flv,df097cb467b3a43683f48082099cfdfddae84f37.flv	(10, 0)(12, 1)(13, 2)(14, 3)
55dde762dc283ee301065f670b6d7c08c3c32668.flv,e29e65d0e362b8e7d450d833227ea3c0f5f65f12.flv	(10, 0)(11, 1)(12, 2)(13, 3)(14, 4)
55dde762dc283ee301065f670b6d7c08c3c32668.flv,e29e65d0e362b8e7d450d833227ea3c0f5f65f12.flv	(24, 13)
55dde762dc283ee301065f670b6d7c08c3c32668.flv,e2cecbbd4e5683a610152e4b0e83deaa5090384a.flv	(9, 0)(10, 1)(11, 4)(12, 5)(14, 14)
55dde762dc283ee301065f670b6d7c08c3c32668.flv,e2cecbbd4e5683a610152e4b0e83deaa5090384a.flv	(26, 33)(26, 34)
55dde762dc283ee301065f670b6d7c08c3c32668.flv,ea224722e7d3ef9c44d8140a2e435469384204d8.flv	(3, 5)(4, 6)(5, 7)(6, 8)(7, 9)(8, 10)(9, 11)(9, 12)(10, 14)(11, 15)(12, 16)(14, 20)
55dde762dc283ee301065f670b6d7c08c3c32668.flv,f410b354eec142d6e0f1124bffe6aad83d8dc427.flv	(5, 0)(6, 1)(7, 2)(8, 3)(9, 4)(10, 5)(11, 6)(12, 7)(13, 8)(14, 9)
55dde762dc283ee301065f670b6d7c08c3c32668.flv,fca7e9c46b6ec4b8cb53ff17d93bef484a341c5b.flv	(4, 0)(5, 1)(7, 3)(10, 7)(11, 8)(12, 9)(13, 10)(14, 12)
55dde762dc283ee301065f670b6d7c08c3c32668.flv,fca7e9c46b6ec4b8cb53ff17d93bef484a341c5b.flv	(26, 32)
66246823d79897fd7d93677c6c0244a3cbd4657f.flv,66246823d79897fd7d93677c6c0244a3cbd4657f.flv	(0, 0)(1, 1)(2, 2)(3, 3)(4, 4)(5, 5)(6, 6)(7, 7)(8, 8)(9, 9)(10, 10)(11, 11)(12, 12)(13, 13)(14, 14)(15, 15)(16, 16)(17, 17)(18, 18)(19, 19)(20, 20)(21, 21)(22, 22)(23, 23)(24, 24)(25, 25)(26, 26)(27, 27)(28, 28)(29, 29)(30, 30)(31, 31)
66246823d79897fd7d93677c6c0244a3cbd4657f.flv,69bcf906c79504494d9f23192f4801b61b4fd966.flv	(7, 8)(9, 10)(10, 11)(11, 12)
66246823d79897fd7d93677c6c0244a3cbd4657f.flv,69bcf906c79504494d9f23192f4801b61b4fd966.flv	(26, 24)
66246823d79897fd7d93677c6c0244a3cbd4657f.flv,750357acf34899c1c99eb2ae22880c88a776c946.flv	(9, 0)(10, 1)(11, 2)(12, 3)(13, 5)
66246823d79897fd7d93677c6c0244a3cbd4657f.flv,7c34e7d6022bcd3c7c225feed3fca1e8e72249a4.flv	(7, 0)(8, 1)(9, 2)(10, 3)(11, 4)(12, 5)(13, 6)
66246823d79897fd7d93677c6c0244a3cbd4657f.flv,855f0c045b8b0f8f74a6e8a8d7cfc4aff5fbcc4b.flv	(9, 7)
66246823d79897fd7d93677c6c0244a3cbd4657f.flv,8cd04dbb4576f83ebe1f480d6a33a24c3a5882bd.flv	(7, 0)(8, 1)(9, 2)(10, 3)(11, 4)(12, 5)(13, 6)
66246823d79897fd7d93677c6c0244a3cbd4657f.flv,8f95e2c9940b1ea46fa23702ca70f4cbefd9e3ef.flv	(7, 0)(9, 2)(10, 3)(11, 4)(12, 5)(13, 6)
66246823d79897fd7d93677c6c0244a3cbd4657f.flv,9d4fe306b83253fdd9734daaf6d56df5a5ec648f.flv	(7, 0)(9, 1)(10, 2)(11, 3)(12, 4)(13, 5)
66246823d79897fd7d93677c6c0244a3cbd4657f.flv,9e9f2730f5f2bb277d07f7125372352597274f6b.flv	(7, 0)(8, 1)(9, 2)(10, 3)(11, 4)(12, 5)(13, 6)
66246823d79897fd7d93677c6c0244a3cbd4657f.flv,9efa8c1165cc587476f284ecda53b88c9fd92697.flv	(7, 0)(9, 1)(10, 2)(11, 3)(12, 4)(13, 5)
66246823d79897fd7d93677c6c0244a3cbd4657f.flv,a9edef40077c3d7c638dae4a24a83bf6e42b34b1.flv	(7, 0)(9, 2)(10, 3)
66246823d79897fd7d93677c6c0244a3cbd4657f.flv,b728eae73b1705d4ef3884b5d536273c5cb47fbd.flv	(7, 0)(8, 1)(9, 2)(10, 3)(11, 4)(12, 5)(13, 6)
66246823d79897fd7d93677c6c0244a3cbd4657f.flv,d083d6a9a987fb0e37dddc0f134704a29677899c.flv	(7, 0)(9, 2)
66246823d79897fd7d93677c6c0244a3cbd4657f.flv,df097cb467b3a43683f48082099cfdfddae84f37.flv	(7, 0)(9, 1)(10, 2)(11, 3)(12, 4)(13, 5)
66246823d79897fd7d93677c6c0244a3cbd4657f.flv,e29e65d0e362b8e7d450d833227ea3c0f5f65f12.flv	(7, 0)(8, 1)(9, 2)(10, 3)(11, 4)(12, 5)(13, 6)
66246823d79897fd7d93677c6c0244a3cbd4657f.flv,e2cecbbd4e5683a610152e4b0e83deaa5090384a.flv	(6, 0)(7, 1)(8, 4)(9, 5)(11, 14)(12, 15)(13, 16)(14, 18)(15, 20)(16, 21)(17, 22)(18, 24)(19, 25)(20, 26)(21, 27)(22, 28)(23, 29)(24, 30)(25, 31)(27, 36)(29, 38)(30, 39)(31, 41)
66246823d79897fd7d93677c6c0244a3cbd4657f.flv,ea224722e7d3ef9c44d8140a2e435469384204d8.flv	(7, 14)(9, 16)(11, 20)(12, 22)(13, 23)
66246823d79897fd7d93677c6c0244a3cbd4657f.flv,f410b354eec142d6e0f1124bffe6aad83d8dc427.flv	(2, 0)(3, 1)(4, 2)(5, 3)(6, 4)(7, 5)(8, 6)(9, 7)(10, 8)(11, 9)
66246823d79897fd7d93677c6c0244a3cbd4657f.flv,fca7e9c46b6ec4b8cb53ff17d93bef484a341c5b.flv	(1, 0)(2, 1)(3, 2)(4, 3)(7, 7)(9, 9)(10, 10)(11, 12)(12, 13)(13, 15)(14, 16)(17, 19)(18, 20)(21, 24)(22, 25)(24, 26)(26, 32)(27, 33)(29, 35)(30, 36)(31, 38)
69bcf906c79504494d9f23192f4801b61b4fd966.flv,69bcf906c79504494d9f23192f4801b61b4fd966.flv	(0, 0)(1, 1)(2, 2)(3, 3)(4, 4)(5, 5)(6, 6)(7, 7)(8, 8)(9, 9)(10, 10)(11, 11)(12, 12)(13, 13)(14, 14)(15, 15)(16, 16)(17, 17)(18, 18)(19, 19)(20, 20)(21, 21)(22, 22)(23, 23)(24, 24)(25, 25)(26, 26)(27, 27)(28, 28)(29, 29)(30, 30)(31, 31)(32, 32)(33, 33)(34, 34)(35, 35)(36, 36)(37, 37)
69bcf906c79504494d9f23192f4801b61b4fd966.flv,750357acf34899c1c99eb2ae22880c88a776c946.flv	(10, 0)(11, 1)(12, 2)
69bcf906c79504494d9f23192f4801b61b4fd966.flv,7c34e7d6022bcd3c7c225feed3fca1e8e72249a4.flv	(8, 0)(9, 1)(10, 2)(11, 3)(12, 4)
69bcf906c79504494d9f23192f4801b61b4fd966.flv,855f0c045b8b0f8f74a6e8a8d7cfc4aff5fbcc4b.flv	(9, 6)(10, 7)
69bcf906c79504494d9f23192f4801b61b4fd966.flv,8cd04dbb4576f83ebe1f480d6a33a24c3a5882bd.flv	(8, 0)(9, 1)(10, 2)(11, 3)(12, 4)
69bcf906c79504494d9f23192f4801b61b4fd966.flv,8cd04dbb4576f83ebe1f480d6a33a24c3a5882bd.flv	(22, 13)(22, 14)
69bcf906c79504494d9f23192f4801b61b4fd966.flv,8f95e2c9940b1ea46fa23702ca70f4cbefd9e3ef.flv	(8, 0)(9, 1)(10, 2)(11, 3)(12, 4)
69bcf906c79504494d9f23192f4801b61b4fd966.flv,8f95e2c9940b1ea46fa23702ca70f4cbefd9e3ef.flv	(22, 15)(23, 16)
69bcf906c79504494d9f23192f4801b61b4fd966.flv,9d4fe306b83253fdd9734daaf6d56df5a5ec648f.flv	(8, 0)(10, 1)(11, 2)(12, 3)
69bcf906c79504494d9f23192f4801b61b4fd966.flv,9e9f2730f5f2bb277d07f7125372352597274f6b.flv	(8, 0)(9, 1)(10, 2)(11, 3)(12, 4)
69bcf906c79504494d9f23192f4801b61b4fd966.flv,9e9f2730f5f2bb277d07f7125372352597274f6b.flv	(22, 13)(24, 14)
69bcf906c79504494d9f23192f4801b61b4fd966.flv,9efa8c1165cc587476f284ecda53b88c9fd92697.flv	(8, 0)(10, 1)(11, 2)(12, 3)
69bcf906c79504494d9f23192f4801b61b4fd966.flv,a9edef40077c3d7c638dae4a24a83bf6e42b34b1.flv	(8, 0)(9, 1)(10, 2)(11, 3)
69bcf906c79504494d9f23192f4801b61b4fd966.flv,b728eae73b1705d4ef3884b5d536273c5cb47fbd.flv	(8, 0)(10, 2)(11, 3)(12, 4)
69bcf906c79504494d9f23192f4801b61b4fd966.flv,b728eae73b1705d4ef3884b5d536273c5cb47fbd.flv	(22, 13)
69bcf906c79504494d9f23192f4801b61b4fd966.flv,d083d6a9a987fb0e37dddc0f134704a29677899c.flv	(8, 0)
69bcf906c79504494d9f23192f4801b61b4fd966.flv,df097cb467b3a43683f48082099cfdfddae84f37.flv	(8, 0)(10, 1)(11, 2)(12, 3)
69bcf906c79504494d9f23192f4801b61b4fd966.flv,e29e65d0e362b8e7d450d833227ea3c0f5f65f12.flv	(8, 0)(9, 1)(10, 2)(11, 3)(12, 4)
69bcf906c79504494d9f23192f4801b61b4fd966.flv,e29e65d0e362b8e7d450d833227ea3c0f5f65f12.flv	(22, 13)
69bcf906c79504494d9f23192f4801b61b4fd966.flv,e2cecbbd4e5683a610152e4b0e83deaa5090384a.flv	(7, 0)(8, 1)(9, 4)(10, 5)(12, 14)
69bcf906c79504494d9f23192f4801b61b4fd966.flv,e2cecbbd4e5683a610152e4b0e83deaa5090384a.flv	(24, 33)(24, 34)
69bcf906c79504494d9f23192f4801b61b4fd966.flv,ea224722e7d3ef9c44d8140a2e435469384204d8.flv	(1, 5)(2, 6)(3, 7)(4, 8)(5, 9)(6, 10)(7, 11)(7, 12)(8, 14)(9, 15)(10, 16)(12, 20)
69bcf906c79504494d9f23192f4801b61b4fd966.flv,f410b354eec142d6e0f1124bffe6aad83d8dc427.flv	(3, 0)(4, 1)(5, 2)(6, 3)(7, 4)(8, 5)(9, 6)(10, 7)(11, 8)(12, 9)
69bcf906c79504494d9f23192f4801b61b4fd966.flv,fca7e9c46b6ec4b8cb53ff17d93bef484a341c5b.flv	(2, 0)(3, 1)(5, 3)(8, 7)(9, 8)(10, 9)(11, 10)(12, 12)
69bcf906c79504494d9f23192f4801b61b4fd966.flv,fca7e9c46b6ec4b8cb53ff17d93bef484a341c5b.flv	(24, 32)
750357acf34899c1c99eb2ae22880c88a776c946.flv,750357acf34899c1c99eb2ae22880c88a776c946.flv	(0, 0)(1, 1)(2, 2)(3, 3)(4, 4)(5, 5)(6, 6)(7, 7)(8, 8)(9, 9)(10, 10)(11, 11)(12, 12)(13, 13)
750357acf34899c1c99eb2ae22880c88a776c946.flv,7c34e7d6022bcd3c7c225feed3fca1e8e72249a4.flv	(0, 2)(1, 3)(2, 4)(3, 5)(5, 6)
750357acf34899c1c99eb2ae22880c88a776c946.flv,7c34e7d6022bcd3c7c225feed3fca1e8e72249a4.flv	(11, 10)(12, 11)
750357acf34899c1c99eb2ae22880c88a776c946.flv,855f0c045b8b0f8f74a6e8a8d7cfc4aff5fbcc4b.flv	(0, 7)
750357acf34899c1c99eb2ae22880c88a776c946.flv,8cd04dbb4576f83ebe1f480d6a33a24c3a5882bd.flv	(0, 2)(1, 3)(2, 4)(3, 5)(5, 6)(6, 7)(7, 8)
750357acf34899c1c99eb2ae22880c88a776c946.flv,8f95e2c9940b1ea46fa23702ca70f4cbefd9e3ef.flv	(0, 2)(1, 3)(2, 4)(3, 5)(5, 6)
750357acf34899c1c99eb2ae22880c88a776c946.flv,8f95e2c9940b1ea46fa23702ca70f4cbefd9e3ef.flv	(11, 12)(12, 13)
750357acf34899c1c99eb2ae22880c88a776c946.flv,9d4fe306b83253fdd9734daaf6d56df5a5ec648f.flv	(0, 1)(1, 2)(2, 3)(5, 5)
750357acf34899c1c99eb2ae22880c88a776c946.flv,9e9f2730f5f2bb277d07f7125372352597274f6b.flv	(0, 2)(1, 3)(2, 4)(3, 5)(5, 6)
750357acf34899c1c99eb2ae22880c88a776c946.flv,9e9f2730f5f2bb277d07f7125372352597274f6b.flv	(11, 10)(12, 11)
750357acf34899c1c99eb2ae22880c88a776c946.flv,9efa8c1165cc587476f284ecda53b88c9fd92697.flv	(0, 1)(1, 2)(2, 3)(5, 5)
750357acf34899c1c99eb2ae22880c88a776c946.flv,a9edef40077c3d7c638dae4a24a83bf6e42b34b1.flv	(0, 2)(1, 3)
750357acf34899c1c99eb2ae22880c88a776c946.flv,b728eae73b1705d4ef3884b5d536273c5cb47fbd.flv	(0, 2)(1, 3)(2, 4)(3, 5)(5, 6)
750357acf34899c1c99eb2ae22880c88a776c946.flv,b728eae73b1705d4ef3884b5d536273c5cb47fbd.flv	(11, 10)(12, 11)
750357acf34899c1c99eb2ae22880c88a776c946.flv,d083d6a9a987fb0e37dddc0f134704a29677899c.flv	(0, 2)(1, 3)(2, 4)(3, 5)(5, 7)
750357acf34899c1c99eb2ae22880c88a776c946.flv,df097cb467b3a43683f48082099cfdfddae84f37.flv	(0, 1)(1, 2)(2, 3)(5, 5)
750357acf34899c1c99eb2ae22880c88a776c946.flv,e29e65d0e362b8e7d450d833227ea3c0f5f65f12.flv	(0, 2)(1, 3)(2, 4)(3, 5)(5, 6)
750357acf34899c1c99eb2ae22880c88a776c946.flv,e29e65d0e362b8e7d450d833227ea3c0f5f65f12.flv	(11, 10)(12, 11)
750357acf34899c1c99eb2ae22880c88a776c946.flv,e2cecbbd4e5683a610152e4b0e83deaa5090384a.flv	(0, 5)(2, 14)(3, 15)(4, 16)(5, 17)(5, 18)
750357acf34899c1c99eb2ae22880c88a776c946.flv,ea224722e7d3ef9c44d8140a2e435469384204d8.flv	(0, 16)(2, 20)(3, 22)(5, 23)
750357acf34899c1c99eb2ae22880c88a776c946.flv,f410b354eec142d6e0f1124bffe6aad83d8dc427.flv	(0, 7)(1, 8)(2, 9)
750357acf34899c1c99eb2ae22880c88a776c946.flv,fca7e9c46b6ec4b8cb53ff17d93bef484a341c5b.flv	(0, 9)(1, 10)(2, 12)(3, 13)(4, 14)(5, 15)
7c34e7d6022bcd3c7c225feed3fca1e8e72249a4.flv,7c34e7d6022bcd3c7c225feed3fca1e8e72249a4.flv	(0, 0)(1, 1)(2, 2)(3, 3)(4, 4)(5, 5)(6, 6)(7, 7)(8, 8)(9, 9)(10, 10)(11, 11)(12, 12)(13, 13)(14, 14)(15, 15)(16, 16)(17, 17)(18, 18)(19, 19)(20, 20)(21, 21)(22, 22)(23, 23)(24, 24)
7c34e7d6022bcd3c7c225feed3fca1e8e72249a4.flv,855f0c045b8b0f8f74a6e8a8d7cfc4aff5fbcc4b.flv	(1, 6)(2, 7)
7c34e7d6022bcd3c7c225feed3fca1e8e72249a4.flv,8cd04dbb4576f83ebe1f480d6a33a24c3a5882bd.flv	(0, 0)(1, 1)(2, 2)(3, 3)(4, 4)(5, 5)(6, 6)
7c34e7d6022bcd3c7c225feed3fca1e8e72249a4.flv,8cd04dbb4576f83ebe1f480d6a33a24c3a5882bd.flv	(12, 12)(13, 13)(14, 14)(15, 15)(16, 16)(17, 17)(18, 18)(20, 19)
7c34e7d6022bcd3c7c225feed3fca1e8e72249a4.flv,8f95e2c9940b1ea46fa23702ca70f4cbefd9e3ef.flv	(0, 0)(1, 1)(2, 2)(3, 3)(4, 4)(5, 5)(6, 6)
7c34e7d6022bcd3c7c225feed3fca1e8e72249a4.flv,8f95e2c9940b1ea46fa23702ca70f4cbefd9e3ef.flv	(10, 12)(11, 13)(12, 14)(13, 15)(14, 16)
7c34e7d6022bcd3c7c225feed3fca1e8e72249a4.flv,9d4fe306b83253fdd9734daaf6d56df5a5ec648f.flv	(0, 0)(2, 1)(3, 2)(4, 3)(5, 4)(6, 5)
7c34e7d6022bcd3c7c225feed3fca1e8e72249a4.flv,9e9f2730f5f2bb277d07f7125372352597274f6b.flv	(0, 0)(1, 1)(2, 2)(3, 3)(4, 4)(5, 5)(6, 6)
7c34e7d6022bcd3c7c225feed3fca1e8e72249a4.flv,9e9f2730f5f2bb277d07f7125372352597274f6b.flv	(9, 9)(10, 10)(11, 11)(12, 12)(13, 13)(14, 14)(15, 15)(16, 16)
7c34e7d6022bcd3c7c225feed3fca1e8e72249a4.flv,9efa8c1165cc587476f284ecda53b88c9fd92697.flv	(0, 0)(2, 1)(3, 2)(4, 3)(5, 4)(6, 5)
7c34e7d6022bcd3c7c225feed3fca1e8e72249a4.flv,a9edef40077c3d7c638dae4a24a83bf6e42b34b1.flv	(0, 0)(2, 2)(3, 3)
7c34e7d6022bcd3c7c225feed3fca1e8e72249a4.flv,b728eae73b1705d4ef3884b5d536273c5cb47fbd.flv	(0, 0)(1, 1)(2, 2)(3, 3)(4, 4)(5, 5)(6, 6)
7c34e7d6022bcd3c7c225feed3fca1e8e72249a4.flv,b728eae73b1705d4ef3884b5d536273c5cb47fbd.flv	(9, 9)(10, 10)(11, 11)(12, 12)(13, 13)(14, 14)(15, 15)(16, 16)(17, 17)(18, 18)(19, 19)(20, 20)(21, 21)
7c34e7d6022bcd3c7c225feed3fca1e8e72249a4.flv,d083d6a9a987fb0e37dddc0f134704a29677899c.flv	(0, 1)(2, 2)
7c34e7d6022bcd3c7c225feed3fca1e8e72249a4.flv,df097cb467b3a43683f48082099cfdfddae84f37.flv	(0, 0)(2, 1)(3, 2)(4, 3)(5, 4)(6, 5)
7c34e7d6022bcd3c7c225feed3fca1e8e72249a4.flv,e29e65d0e362b8e7d450d833227ea3c0f5f65f12.flv	(0, 0)(1, 1)(2, 2)(3, 3)(4, 4)(5, 5)(6, 6)(7, 7)(8, 8)(9, 9)(10, 10)(11, 11)(12, 12)(13, 13)(14, 14)(15, 15)(16, 16)(17, 17)(18, 18)(19, 19)(20, 20)(21, 21)(22, 22)(23, 23)(24, 24)
7c34e7d6022bcd3c7c225feed3fca1e8e72249a4.flv,e2cecbbd4e5683a610152e4b0e83deaa5090384a.flv	(0, 2)(0, 3)(1, 4)(2, 5)(4, 14)(5, 15)(6, 16)
7c34e7d6022bcd3c7c225feed3fca1e8e72249a4.flv,ea224722e7d3ef9c44d8140a2e435469384204d8.flv	(0, 14)(1, 15)(2, 16)(4, 20)(5, 22)(6, 23)
7c34e7d6022bcd3c7c225feed3fca1e8e72249a4.flv,f410b354eec142d6e0f1124bffe6aad83d8dc427.flv	(0, 5)(1, 6)(2, 7)(3, 8)(4, 9)
7c34e7d6022bcd3c7c225feed3fca1e8e72249a4.flv,fca7e9c46b6ec4b8cb53ff17d93bef484a341c5b.flv	(0, 7)(1, 8)(2, 9)(3, 10)(4, 12)(5, 13)(6, 15)
855f0c045b8b0f8f74a6e8a8d7cfc4aff5fbcc4b.flv,855f0c045b8b0f8f74a6e8a8d7cfc4aff5fbcc4b.flv	(0, 0)(1, 1)(2, 2)(3, 3)(4, 4)(5, 5)(6, 6)(7, 7)(8, 8)(9, 9)(10, 10)(11, 11)(12, 12)(13, 13)(14, 14)(15, 15)(16, 16)(17, 17)(18, 18)(19, 19)(20, 20)(21, 21)
855f0c045b8b0f8f74a6e8a8d7cfc4aff5fbcc4b.flv,8cd04dbb4576f83ebe1f480d6a33a24c3a5882bd.flv	(7, 2)
855f0c045b8b0f8f74a6e8a8d7cfc4aff5fbcc4b.flv,8f95e2c9940b1ea46fa23702ca70f4cbefd9e3ef.flv	(6, 1)(7, 2)
855f0c045b8b0f8f74a6e8a8d7cfc4aff5fbcc4b.flv,9d4fe306b83253fdd9734daaf6d56df5a5ec648f.flv	(7, 1)
855f0c045b8b0f8f74a6e8a8d7cfc4aff5fbcc4b.flv,9e9f2730f5f2bb277d07f7125372352597274f6b.flv	(6, 1)(7, 2)
855f0c045b8b0f8f74a6e8a8d7cfc4aff5fbcc4b.flv,9efa8c1165cc587476f284ecda53b88c9fd92697.flv	(7, 1)
855f0c045b8b0f8f74a6e8a8d7cfc4aff5fbcc4b.flv,a9edef40077c3d7c638dae4a24a83bf6e42b34b1.flv	(7, 2)
855f0c045b8b0f8f74a6e8a8d7cfc4aff5fbcc4b.flv,b728eae73b1705d4ef3884b5d536273c5cb47fbd.flv	(7, 2)
855f0c045b8b0f8f74a6e8a8d7cfc4aff5fbcc4b.flv,d083d6a9a987fb0e37dddc0f134704a29677899c.flv	(7, 3)
855f0c045b8b0f8f74a6e8a8d7cfc4aff5fbcc4b.flv,df097cb467b3a43683f48082099cfdfddae84f37.flv	(7, 1)
855f0c045b8b0f8f74a6e8a8d7cfc4aff5fbcc4b.flv,e29e65d0e362b8e7d450d833227ea3c0f5f65f12.flv	(6, 1)(7, 2)
855f0c045b8b0f8f74a6e8a8d7cfc4aff5fbcc4b.flv,e2cecbbd4e5683a610152e4b0e83deaa5090384a.flv	(6, 4)(7, 5)
855f0c045b8b0f8f74a6e8a8d7cfc4aff5fbcc4b.flv,ea224722e7d3ef9c44d8140a2e435469384204d8.flv	(6, 15)(7, 16)
855f0c045b8b0f8f74a6e8a8d7cfc4aff5fbcc4b.flv,f410b354eec142d6e0f1124bffe6aad83d8dc427.flv	(6, 6)(7, 7)
855f0c045b8b0f8f74a6e8a8d7cfc4aff5fbcc4b.flv,fca7e9c46b6ec4b8cb53ff17d93bef484a341c5b.flv	(6, 8)(7, 9)
8cd04dbb4576f83ebe1f480d6a33a24c3a5882bd.flv,8cd04dbb4576f83ebe1f480d6a33a24c3a5882bd.flv	(0, 0)(1, 1)(2, 2)(3, 3)(4, 4)(5, 5)(6, 6)(7, 7)(8, 8)(9, 9)(10, 10)(11, 11)(12, 12)(13, 13)(14, 14)(15, 15)(16, 16)(17, 17)(18, 18)(19, 19)
8cd04dbb4576f83ebe1f480d6a33a24c3a5882bd.flv,8f95e2c9940b1ea46fa23702ca70f4cbefd9e3ef.flv	(0, 0)(1, 1)(2, 2)(3, 3)(4, 4)(5, 5)(6, 6)
8cd04dbb4576f83ebe1f480d6a33a24c3a5882bd.flv,8f95e2c9940b1ea46fa23702ca70f4cbefd9e3ef.flv	(13, 15)(14, 16)
8cd04dbb4576f83ebe1f480d6a33a24c3a5882bd.flv,9d4fe306b83253fdd9734daaf6d56df5a5ec648f.flv	(0, 0)(2, 1)(3, 2)(4, 3)(5, 4)(6, 5)
8cd04dbb4576f83ebe1f480d6a33a24c3a5882bd.flv,9e9f2730f5f2bb277d07f7125372352597274f6b.flv	(0, 0)(1, 1)(2, 2)(3, 3)(4, 4)(5, 5)(6, 6)
8cd04dbb4576f83ebe1f480d6a33a24c3a5882bd.flv,9e9f2730f5f2bb277d07f7125372352597274f6b.flv	(12, 12)(13, 13)(14, 14)(15, 15)(16, 16)
8cd04dbb4576f83ebe1f480d6a33a24c3a5882bd.flv,9efa8c1165cc587476f284ecda53b88c9fd92697.flv	(0, 0)(2, 1)(3, 2)(4, 3)(5, 4)(6, 5)
8cd04dbb4576f83ebe1f480d6a33a24c3a5882bd.flv,a9edef40077c3d7c638dae4a24a83bf6e42b34b1.flv	(0, 0)(2, 2)(3, 3)
8cd04dbb4576f83ebe1f480d6a33a24c3a5882bd.flv,b728eae73b1705d4ef3884b5d536273c5cb47fbd.flv	(0, 0)(1, 1)(2, 2)(3, 3)(4, 4)(5, 5)(6, 6)
8cd04dbb4576f83ebe1f480d6a33a24c3a5882bd.flv,b728eae73b1705d4ef3884b5d536273c5cb47fbd.flv	(12, 12)(13, 13)(14, 14)(15, 15)(16, 16)(18, 18)(19, 20)
8cd04dbb4576f83ebe1f480d6a33a24c3a5882bd.flv,d083d6a9a987fb0e37dddc0f134704a29677899c.flv	(0, 0)(2, 2)(3, 3)(4, 4)(5, 5)(6, 6)
8cd04dbb4576f83ebe1f480d6a33a24c3a5882bd.flv,df097cb467b3a43683f48082099cfdfddae84f37.flv	(0, 0)(2, 1)(3, 2)(4, 3)(5, 4)(6, 5)
8cd04dbb4576f83ebe1f480d6a33a24c3a5882bd.flv,e29e65d0e362b8e7d450d833227ea3c0f5f65f12.flv	(0, 0)(1, 1)(2, 2)(3, 3)(4, 4)(5, 5)(6, 6)
8cd04dbb4576f83ebe1f480d6a33a24c3a5882bd.flv,e29e65d0e362b8e7d450d833227ea3c0f5f65f12.flv	(12, 12)(13, 13)(16, 16)(17, 17)(18, 18)(19, 19)
8cd04dbb4576f83ebe1f480d6a33a24c3a5882bd.flv,e2cecbbd4e5683a610152e4b0e83deaa5090384a.flv	(1, 4)(2, 5)(4, 14)(5, 15)(6, 16)
8cd04dbb4576f83ebe1f480d6a33a24c3a5882bd.flv,ea224722e7d3ef9c44d8140a2e435469384204d8.flv	(0, 14)(2, 16)(4, 20)(5, 21)(6, 22)
8cd04dbb4576f83ebe1f480d6a33a24c3a5882bd.flv,f410b354eec142d6e0f1124bffe6aad83d8dc427.flv	(0, 5)(1, 6)(2, 7)(3, 8)(4, 9)
8cd04dbb4576f83ebe1f480d6a33a24c3a5882bd.flv,fca7e9c46b6ec4b8cb53ff17d93bef484a341c5b.flv	(0, 7)(1, 8)(2, 9)(3, 10)(4, 12)(5, 13)(6, 15)
8f95e2c9940b1ea46fa23702ca70f4cbefd9e3ef.flv,8f95e2c9940b1ea46fa23702ca70f4cbefd9e3ef.flv	(0, 0)(1, 1)(2, 2)(3, 3)(4, 4)(5, 5)(6, 6)(7, 7)(8, 8)(9, 9)(10, 10)(11, 11)(12, 12)(13, 13)(14, 14)(15, 15)(16, 16)(17, 17)(18, 18)
8f95e2c9940b1ea46fa23702ca70f4cbefd9e3ef.flv,9d4fe306b83253fdd9734daaf6d56df5a5ec648f.flv	(0, 0)(2, 1)(3, 2)(4, 3)(5, 4)(6, 5)
8f95e2c9940b1ea46fa23702ca70f4cbefd9e3ef.flv,9e9f2730f5f2bb277d07f7125372352597274f6b.flv	(0, 0)(1, 1)(2, 2)(3, 3)(4, 4)(5, 5)(6, 6)(8, 8)
8f95e2c9940b1ea46fa23702ca70f4cbefd9e3ef.flv,9e9f2730f5f2bb277d07f7125372352597274f6b.flv	(11, 9)(12, 10)(13, 11)(14, 12)(15, 13)(16, 14)
8f95e2c9940b1ea46fa23702ca70f4cbefd9e3ef.flv,9efa8c1165cc587476f284ecda53b88c9fd92697.flv	(0, 0)(2, 1)(3, 2)(4, 3)(5, 4)(6, 5)
8f95e2c9940b1ea46fa23702ca70f4cbefd9e3ef.flv,a9edef40077c3d7c638dae4a24a83bf6e42b34b1.flv	(0, 0)(2, 2)(3, 3)
8f95e2c9940b1ea46fa23702ca70f4cbefd9e3ef.flv,b728eae73b1705d4ef3884b5d536273c5cb47fbd.flv	(0, 0)(1, 1)(2, 2)(3, 3)(4, 4)(5, 5)(6, 6)
8f95e2c9940b1ea46fa23702ca70f4cbefd9e3ef.flv,b728eae73b1705d4ef3884b5d536273c5cb47fbd.flv	(11, 9)(12, 10)(13, 11)(14, 12)(15, 13)(16, 14)
8f95e2c9940b1ea46fa23702ca70f4cbefd9e3ef.flv,d083d6a9a987fb0e37dddc0f134704a29677899c.flv	(0, 0)(2, 2)(3, 3)(4, 4)(5, 5)(6, 6)
8f95e2c9940b1ea46fa23702ca70f4cbefd9e3ef.flv,df097cb467b3a43683f48082099cfdfddae84f37.flv	(0, 0)(2, 1)(3, 2)(4, 3)(5, 4)(6, 5)
8f95e2c9940b1ea46fa23702ca70f4cbefd9e3ef.flv,e29e65d0e362b8e7d450d833227ea3c0f5f65f12.flv	(0, 0)(1, 1)(2, 2)(3, 3)(4, 4)(5, 5)(6, 6)
8f95e2c9940b1ea46fa23702ca70f4cbefd9e3ef.flv,e29e65d0e362b8e7d450d833227ea3c0f5f65f12.flv	(12, 10)(13, 11)
8f95e2c9940b1ea46fa23702ca70f4cbefd9e3ef.flv,e29e65d0e362b8e7d450d833227ea3c0f5f65f12.flv	(15, 13)
8f95e2c9940b1ea46fa23702ca70f4cbefd9e3ef.flv,e2cecbbd4e5683a610152e4b0e83deaa5090384a.flv	(0, 2)(1, 4)(2, 5)(4, 14)(5, 15)(6, 16)
8f95e2c9940b1ea46fa23702ca70f4cbefd9e3ef.flv,ea224722e7d3ef9c44d8140a2e435469384204d8.flv	(0, 14)(1, 15)(2, 16)(4, 20)(5, 22)(6, 23)
8f95e2c9940b1ea46fa23702ca70f4cbefd9e3ef.flv,f410b354eec142d6e0f1124bffe6aad83d8dc427.flv	(0, 5)(1, 6)(2, 7)(3, 8)(4, 9)
8f95e2c9940b1ea46fa23702ca70f4cbefd9e3ef.flv,fca7e9c46b6ec4b8cb53ff17d93bef484a341c5b.flv	(0, 7)(1, 8)(2, 9)(3, 10)(4, 12)(5, 13)(6, 15)
9d4fe306b83253fdd9734daaf6d56df5a5ec648f.flv,9d4fe306b83253fdd9734daaf6d56df5a5ec648f.flv	(0, 0)(1, 1)(2, 2)(3, 3)(4, 4)(5, 5)(6, 6)(7, 7)(8, 8)(9, 9)(10, 10)(11, 11)(12, 12)
9d4fe306b83253fdd9734daaf6d56df5a5ec648f.flv,9e9f2730f5f2bb277d07f7125372352597274f6b.flv	(0, 0)(1, 2)(2, 3)(3, 4)(4, 5)(5, 6)
9d4fe306b83253fdd9734daaf6d56df5a5ec648f.flv,9efa8c1165cc587476f284ecda53b88c9fd92697.flv	(0, 0)(1, 1)(2, 2)(3, 3)(4, 4)(5, 5)(6, 6)(7, 7)(8, 8)(9, 9)(10, 10)(11, 11)(12, 12)
9d4fe306b83253fdd9734daaf6d56df5a5ec648f.flv,a9edef40077c3d7c638dae4a24a83bf6e42b34b1.flv	(0, 0)(1, 2)(2, 3)
9d4fe306b83253fdd9734daaf6d56df5a5ec648f.flv,b728eae73b1705d4ef3884b5d536273c5cb47fbd.flv	(0, 0)(1, 2)(2, 3)(3, 4)(4, 5)(5, 6)
9d4fe306b83253fdd9734daaf6d56df5a5ec648f.flv,d083d6a9a987fb0e37dddc0f134704a29677899c.flv	(0, 0)(1, 2)(2, 3)(3, 4)(4, 5)(5, 6)
9d4fe306b83253fdd9734daaf6d56df5a5ec648f.flv,df097cb467b3a43683f48082099cfdfddae84f37.flv	(0, 0)(1, 1)(2, 2)(3, 3)(4, 4)(5, 5)(6, 6)(7, 7)(8, 8)(9, 9)(10, 10)(11, 11)(12, 12)
9d4fe306b83253fdd9734daaf6d56df5a5ec648f.flv,e29e65d0e362b8e7d450d833227ea3c0f5f65f12.flv	(0, 0)(1, 2)(2, 3)(3, 4)(4, 5)(5, 6)
9d4fe306b83253fdd9734daaf6d56df5a5ec648f.flv,e2cecbbd4e5683a610152e4b0e83deaa5090384a.flv	(0, 2)(1, 5)(3, 14)(4, 15)(5, 16)
9d4fe306b83253fdd9734daaf6d56df5a5ec648f.flv,ea224722e7d3ef9c44d8140a2e435469384204d8.flv	(0, 14)(1, 16)(3, 20)(4, 22)(5, 23)(6, 24)(7, 25)(8, 26)(9, 27)(10, 28)(11, 29)
9d4fe306b83253fdd9734daaf6d56df5a5ec648f.flv,f410b354eec142d6e0f1124bffe6aad83d8dc427.flv	(0, 5)(1, 7)(2, 8)(3, 9)
9d4fe306b83253fdd9734daaf6d56df5a5ec648f.flv,fca7e9c46b6ec4b8cb53ff17d93bef484a341c5b.flv	(0, 7)(1, 9)(2, 10)(3, 12)
9e9f2730f5f2bb277d07f7125372352597274f6b.flv,9e9f2730f5f2bb277d07f7125372352597274f6b.flv	(0, 0)(1, 1)(2, 2)(3, 3)(4, 4)(5, 5)(6, 6)(7, 7)(8, 8)(9, 9)(10, 10)(11, 11)(12, 12)(13, 13)(14, 14)(15, 15)(16, 16)
9e9f2730f5f2bb277d07f7125372352597274f6b.flv,9efa8c1165cc587476f284ecda53b88c9fd92697.flv	(0, 0)(2, 1)(3, 2)(4, 3)(5, 4)(6, 5)
9e9f2730f5f2bb277d07f7125372352597274f6b.flv,a9edef40077c3d7c638dae4a24a83bf6e42b34b1.flv	(0, 0)(2, 2)(3, 3)
9e9f2730f5f2bb277d07f7125372352597274f6b.flv,b728eae73b1705d4ef3884b5d536273c5cb47fbd.flv	(0, 0)(1, 1)(2, 2)(3, 3)(4, 4)(5, 5)(6, 6)(7, 7)(8, 8)(9, 9)(10, 10)(11, 11)(12, 12)(13, 13)(14, 14)(15, 15)(16, 16)
9e9f2730f5f2bb277d07f7125372352597274f6b.flv,d083d6a9a987fb0e37dddc0f134704a29677899c.flv	(0, 0)(2, 2)(3, 3)(4, 4)(5, 5)(6, 6)
9e9f2730f5f2bb277d07f7125372352597274f6b.flv,df097cb467b3a43683f48082099cfdfddae84f37.flv	(0, 0)(2, 1)(3, 2)(4, 3)(5, 4)(6, 5)
9e9f2730f5f2bb277d07f7125372352597274f6b.flv,e29e65d0e362b8e7d450d833227ea3c0f5f65f12.flv	(0, 0)(1, 1)(2, 2)(3, 3)(4, 4)(5, 5)(6, 6)
9e9f2730f5f2bb277d07f7125372352597274f6b.flv,e29e65d0e362b8e7d450d833227ea3c0f5f65f12.flv	(10, 10)(11, 11)(12, 12)(13, 13)(14, 14)(15, 15)(16, 16)
9e9f2730f5f2bb277d07f7125372352597274f6b.flv,e2cecbbd4e5683a610152e4b0e83deaa5090384a.flv	(0, 2)(1, 4)(2, 5)(4, 14)(5, 15)(6, 16)
9e9f2730f5f2bb277d07f7125372352597274f6b.flv,ea224722e7d3ef9c44d8140a2e435469384204d8.flv	(0, 14)(1, 15)(2, 16)(4, 20)(5, 22)(6, 23)
9e9f2730f5f2bb277d07f7125372352597274f6b.flv,f410b354eec142d6e0f1124bffe6aad83d8dc427.flv	(0, 5)(1, 6)(2, 7)(3, 8)(4, 9)
9e9f2730f5f2bb277d07f7125372352597274f6b.flv,fca7e9c46b6ec4b8cb53ff17d93bef484a341c5b.flv	(0, 7)(1, 8)(2, 9)(3, 10)(4, 12)(5, 13)
9efa8c1165cc587476f284ecda53b88c9fd92697.flv,9efa8c1165cc587476f284ecda53b88c9fd92697.flv	(0, 0)(1, 1)(2, 2)(3, 3)(4, 4)(5, 5)(6, 6)(7, 7)(8, 8)(9, 9)(10, 10)(11, 11)(12, 12)
9efa8c1165cc587476f284ecda53b88c9fd92697.flv,a9edef40077c3d7c638dae4a24a83bf6e42b34b1.flv	(0, 0)(1, 2)(2, 3)
9efa8c1165cc587476f284ecda53b88c9fd92697.flv,b728eae73b1705d4ef3884b5d536273c5cb47fbd.flv	(0, 0)(1, 2)(2, 3)(3, 4)(4, 5)(5, 6)
9efa8c1165cc587476f284ecda53b88c9fd92697.flv,d083d6a9a987fb0e37dddc0f134704a29677899c.flv	(0, 0)(1, 2)(2, 3)(3, 4)(4, 5)(5, 6)
9efa8c1165cc587476f284ecda53b88c9fd92697.flv,df097cb467b3a43683f48082099cfdfddae84f37.flv	(0, 0)(1, 1)(2, 2)(3, 3)(4, 4)(5, 5)(6, 6)(7, 7)(8, 8)(9, 9)(10, 10)(11, 11)(12, 12)
9efa8c1165cc587476f284ecda53b88c9fd92697.flv,e29e65d0e362b8e7d450d833227ea3c0f5f65f12.flv	(0, 0)(1, 2)(2, 3)(3, 4)(4, 5)(5, 6)
9efa8c1165cc587476f284ecda53b88c9fd92697.flv,e2cecbbd4e5683a610152e4b0e83deaa5090384a.flv	(0, 2)(1, 5)(3, 14)(4, 15)(5, 16)
9efa8c1165cc587476f284ecda53b88c9fd92697.flv,ea224722e7d3ef9c44d8140a2e435469384204d8.flv	(0, 14)(1, 16)(3, 20)(4, 22)(5, 23)(6, 24)(7, 25)(8, 26)(9, 27)(10, 28)(11, 29)
9efa8c1165cc587476f284ecda53b88c9fd92697.flv,f410b354eec142d6e0f1124bffe6aad83d8dc427.flv	(0, 5)(1, 7)(2, 8)(3, 9)
9efa8c1165cc587476f284ecda53b88c9fd92697.flv,fca7e9c46b6ec4b8cb53ff17d93bef484a341c5b.flv	(0, 7)(1, 9)(2, 10)(3, 12)
a9edef40077c3d7c638dae4a24a83bf6e42b34b1.flv,a9edef40077c3d7c638dae4a24a83bf6e42b34b1.flv	(0, 0)(1, 1)(2, 2)(3, 3)
a9edef40077c3d7c638dae4a24a83bf6e42b34b1.flv,b728eae73b1705d4ef3884b5d536273c5cb47fbd.flv	(0, 0)(1, 1)(2, 2)(3, 3)
a9edef40077c3d7c638dae4a24a83bf6e42b34b1.flv,d083d6a9a987fb0e37dddc0f134704a29677899c.flv	(0, 0)(2, 3)
a9edef40077c3d7c638dae4a24a83bf6e42b34b1.flv,df097cb467b3a43683f48082099cfdfddae84f37.flv	(0, 0)(2, 1)(3, 2)
a9edef40077c3d7c638dae4a24a83bf6e42b34b1.flv,e29e65d0e362b8e7d450d833227ea3c0f5f65f12.flv	(0, 0)(2, 2)(3, 3)
a9edef40077c3d7c638dae4a24a83bf6e42b34b1.flv,e2cecbbd4e5683a610152e4b0e83deaa5090384a.flv	(0, 2)(1, 3)(2, 5)
a9edef40077c3d7c638dae4a24a83bf6e42b34b1.flv,ea224722e7d3ef9c44d8140a2e435469384204d8.flv	(0, 14)(2, 16)(3, 19)
a9edef40077c3d7c638dae4a24a83bf6e42b34b1.flv,f410b354eec142d6e0f1124bffe6aad83d8dc427.flv	(0, 5)(2, 7)(3, 8)
a9edef40077c3d7c638dae4a24a83bf6e42b34b1.flv,fca7e9c46b6ec4b8cb53ff17d93bef484a341c5b.flv	(0, 7)(2, 9)
b728eae73b1705d4ef3884b5d536273c5cb47fbd.flv,b728eae73b1705d4ef3884b5d536273c5cb47fbd.flv	(0, 0)(1, 1)(2, 2)(3, 3)(4, 4)(5, 5)(6, 6)(7, 7)(8, 8)(9, 9)(10, 10)(11, 11)(12, 12)(13, 13)(14, 14)(15, 15)(16, 16)(17, 17)(18, 18)(19, 19)(20, 20)(21, 21)
b728eae73b1705d4ef3884b5d536273c5cb47fbd.flv,d083d6a9a987fb0e37dddc0f134704a29677899c.flv	(0, 0)(1, 1)(2, 2)(3, 3)(4, 4)(5, 5)(6, 6)
b728eae73b1705d4ef3884b5d536273c5cb47fbd.flv,df097cb467b3a43683f48082099cfdfddae84f37.flv	(0, 0)(2, 1)(3, 2)(4, 3)(5, 4)(6, 5)
b728eae73b1705d4ef3884b5d536273c5cb47fbd.flv,e29e65d0e362b8e7d450d833227ea3c0f5f65f12.flv	(0, 0)(1, 1)(2, 2)(3, 3)(4, 4)(5, 5)(6, 6)
b728eae73b1705d4ef3884b5d536273c5cb47fbd.flv,e29e65d0e362b8e7d450d833227ea3c0f5f65f12.flv	(10, 10)(11, 11)(12, 12)(13, 13)(14, 14)(15, 15)(16, 16)(17, 17)(18, 18)(19, 19)(20, 20)(21, 21)
b728eae73b1705d4ef3884b5d536273c5cb47fbd.flv,e2cecbbd4e5683a610152e4b0e83deaa5090384a.flv	(0, 2)(1, 4)(2, 5)(4, 14)(5, 15)(6, 16)
b728eae73b1705d4ef3884b5d536273c5cb47fbd.flv,ea224722e7d3ef9c44d8140a2e435469384204d8.flv	(0, 14)(1, 15)(2, 16)(4, 20)(5, 22)(6, 23)
b728eae73b1705d4ef3884b5d536273c5cb47fbd.flv,f410b354eec142d6e0f1124bffe6aad83d8dc427.flv	(0, 5)(1, 6)(2, 7)(3, 8)(4, 9)
b728eae73b1705d4ef3884b5d536273c5cb47fbd.flv,fca7e9c46b6ec4b8cb53ff17d93bef484a341c5b.flv	(0, 7)(1, 8)(2, 9)(3, 10)(4, 12)(5, 13)
d083d6a9a987fb0e37dddc0f134704a29677899c.flv,d083d6a9a987fb0e37dddc0f134704a29677899c.flv	(0, 0)(1, 1)(2, 2)(3, 3)(4, 4)(5, 5)(6, 6)(7, 7)
d083d6a9a987fb0e37dddc0f134704a29677899c.flv,df097cb467b3a43683f48082099cfdfddae84f37.flv	(0, 0)(2, 1)(3, 2)(4, 3)(5, 4)(6, 5)
d083d6a9a987fb0e37dddc0f134704a29677899c.flv,e29e65d0e362b8e7d450d833227ea3c0f5f65f12.flv	(0, 0)(2, 2)(3, 3)(4, 4)(5, 5)(6, 6)
d083d6a9a987fb0e37dddc0f134704a29677899c.flv,e2cecbbd4e5683a610152e4b0e83deaa5090384a.flv	(0, 1)(0, 2)(2, 5)(4, 14)(5, 15)(6, 16)(7, 18)
d083d6a9a987fb0e37dddc0f134704a29677899c.flv,ea224722e7d3ef9c44d8140a2e435469384204d8.flv	(0, 14)
d083d6a9a987fb0e37dddc0f134704a29677899c.flv,f410b354eec142d6e0f1124bffe6aad83d8dc427.flv	(0, 5)(2, 7)(3, 8)(4, 9)
d083d6a9a987fb0e37dddc0f134704a29677899c.flv,fca7e9c46b6ec4b8cb53ff17d93bef484a341c5b.flv	(0, 7)(2, 9)(3, 10)(4, 12)(5, 13)(7, 15)
df097cb467b3a43683f48082099cfdfddae84f37.flv,df097cb467b3a43683f48082099cfdfddae84f37.flv	(0, 0)(1, 1)(2, 2)(3, 3)(4, 4)(5, 5)(6, 6)(7, 7)(8, 8)(9, 9)(10, 10)(11, 11)(12, 12)
df097cb467b3a43683f48082099cfdfddae84f37.flv,e29e65d0e362b8e7d450d833227ea3c0f5f65f12.flv	(0, 0)(1, 2)(2, 3)(3, 4)(4, 5)(5, 6)
df097cb467b3a43683f48082099cfdfddae84f37.flv,e2cecbbd4e5683a610152e4b0e83deaa5090384a.flv	(0, 2)(1, 5)(3, 14)(4, 15)(5, 16)
df097cb467b3a43683f48082099cfdfddae84f37.flv,ea224722e7d3ef9c44d8140a2e435469384204d8.flv	(0, 14)(1, 16)(3, 20)(4, 22)(5, 23)(6, 24)(7, 25)(8, 26)(9, 27)(10, 28)(11, 29)
df097cb467b3a43683f48082099cfdfddae84f37.flv,f410b354eec142d6e0f1124bffe6aad83d8dc427.flv	(0, 5)(1, 7)(2, 8)(3, 9)
df097cb467b3a43683f48082099cfdfddae84f37.flv,fca7e9c46b6ec4b8cb53ff17d93bef484a341c5b.flv	(0, 7)(1, 9)(2, 10)(3, 12)
e29e65d0e362b8e7d450d833227ea3c0f5f65f12.flv,e29e65d0e362b8e7d450d833227ea3c0f5f65f12.flv	(0, 0)(1, 1)(2, 2)(3, 3)(4, 4)(5, 5)(6, 6)(7, 7)(8, 8)(9, 9)(10, 10)(11, 11)(12, 12)(13, 13)(14, 14)(15, 15)(16, 16)(17, 17)(18, 18)(19, 19)(20, 20)(21, 21)(22, 22)(23, 23)(24, 24)
e29e65d0e362b8e7d450d833227ea3c0f5f65f12.flv,e2cecbbd4e5683a610152e4b0e83deaa5090384a.flv	(0, 2)(0, 3)(1, 4)(2, 5)(4, 14)(5, 15)(6, 16)
e29e65d0e362b8e7d450d833227ea3c0f5f65f12.flv,ea224722e7d3ef9c44d8140a2e435469384204d8.flv	(0, 14)(1, 15)(2, 16)(4, 20)(5, 22)(6, 23)
e29e65d0e362b8e7d450d833227ea3c0f5f65f12.flv,f410b354eec142d6e0f1124bffe6aad83d8dc427.flv	(0, 5)(1, 6)(2, 7)(3, 8)(4, 9)
e29e65d0e362b8e7d450d833227ea3c0f5f65f12.flv,fca7e9c46b6ec4b8cb53ff17d93bef484a341c5b.flv	(0, 7)(1, 8)(2, 9)(3, 10)(4, 12)(5, 13)(6, 15)
e2cecbbd4e5683a610152e4b0e83deaa5090384a.flv,e2cecbbd4e5683a610152e4b0e83deaa5090384a.flv	(0, 0)(1, 1)(2, 2)(3, 3)(4, 4)(5, 5)(6, 6)(7, 7)(8, 8)(9, 9)(10, 10)(11, 11)(12, 12)(13, 13)(14, 14)(15, 15)(16, 16)(17, 17)(18, 18)(19, 19)(20, 20)(21, 21)(22, 22)(23, 23)(24, 24)(25, 25)(26, 26)(27, 27)(28, 28)(29, 29)(30, 30)(31, 31)(32, 32)(33, 33)(34, 34)(35, 35)(36, 36)(37, 37)(38, 38)(39, 39)(40, 40)(41, 41)(42, 42)(43, 43)(44, 44)(45, 45)(46, 46)(47, 47)(48, 48)(49, 49)(50, 50)(51, 51)(52, 52)(53, 53)
e2cecbbd4e5683a610152e4b0e83deaa5090384a.flv,ea224722e7d3ef9c44d8140a2e435469384204d8.flv	(0, 12)(4, 15)(5, 16)(10, 18)(13, 19)(14, 20)
e2cecbbd4e5683a610152e4b0e83deaa5090384a.flv,f410b354eec142d6e0f1124bffe6aad83d8dc427.flv	(0, 4)(1, 5)(4, 6)(5, 7)(14, 9)
e2cecbbd4e5683a610152e4b0e83deaa5090384a.flv,fca7e9c46b6ec4b8cb53ff17d93bef484a341c5b.flv	(0, 5)(4, 8)(5, 9)(13, 11)(14, 12)(16, 14)(18, 15)
ea224722e7d3ef9c44d8140a2e435469384204d8.flv,ea224722e7d3ef9c44d8140a2e435469384204d8.flv	(0, 0)(1, 1)(2, 2)(3, 3)(4, 4)(5, 5)(6, 6)(7, 7)(8, 8)(9, 9)(10, 10)(11, 11)(12, 12)(13, 13)(14, 14)(15, 15)(16, 16)(17, 17)(18, 18)(19, 19)(20, 20)(21, 21)(22, 22)(23, 23)(24, 24)(25, 25)(26, 26)(27, 27)(28, 28)(29, 29)(30, 30)(31, 31)(32, 32)(33, 33)(34, 34)(35, 35)(36, 36)(37, 37)(38, 38)(39, 39)(40, 40)(41, 41)(42, 42)(43, 43)(44, 44)(45, 45)(46, 46)(47, 47)(48, 48)(49, 49)(50, 50)(51, 51)(52, 52)(53, 53)(54, 54)(55, 55)(56, 56)(57, 57)(58, 58)(59, 59)(60, 60)(61, 61)(62, 62)(63, 63)(64, 64)(65, 65)(66, 66)
ea224722e7d3ef9c44d8140a2e435469384204d8.flv,ea224722e7d3ef9c44d8140a2e435469384204d8.flv	(4, 4)(5, 5)(6, 6)(7, 7)(8, 8)(9, 9)(10, 10)(11, 11)(12, 12)(13, 13)(14, 14)(15, 15)(16, 16)(17, 17)(18, 18)(19, 19)(20, 20)(21, 21)(22, 22)(23, 23)
ea224722e7d3ef9c44d8140a2e435469384204d8.flv,f410b354eec142d6e0f1124bffe6aad83d8dc427.flv	(7, 0)(9, 2)(10, 3)(11, 4)(12, 4)(14, 5)(15, 6)(16, 7)(20, 9)
ea224722e7d3ef9c44d8140a2e435469384204d8.flv,fca7e9c46b6ec4b8cb53ff17d93bef484a341c5b.flv	(6, 0)(7, 1)(8, 2)(9, 3)(10, 4)(12, 5)(13, 6)(14, 7)(15, 8)(16, 9)(19, 11)(20, 12)(22, 13)(23, 15)
f410b354eec142d6e0f1124bffe6aad83d8dc427.flv,f410b354eec142d6e0f1124bffe6aad83d8dc427.flv	(0, 0)(1, 1)(2, 2)(3, 3)(4, 4)(5, 5)(6, 6)(7, 7)(8, 8)(9, 9)(10, 10)
f410b354eec142d6e0f1124bffe6aad83d8dc427.flv,fca7e9c46b6ec4b8cb53ff17d93bef484a341c5b.flv	(0, 1)(2, 3)(3, 4)(4, 5)(5, 7)(6, 8)(7, 9)(8, 10)(9, 12)
fca7e9c46b6ec4b8cb53ff17d93bef484a341c5b.flv,fca7e9c46b6ec4b8cb53ff17d93bef484a341c5b.flv	(0, 0)(1, 1)(2, 2)(3, 3)(4, 4)(5, 5)(6, 6)(7, 7)(8, 8)(9, 9)(10, 10)(11, 11)(12, 12)(13, 13)(14, 14)(15, 15)(16, 16)(17, 17)(18, 18)(19, 19)(20, 20)(21, 21)(22, 22)(23, 23)(24, 24)(25, 25)(26, 26)(27, 27)(28, 28)(29, 29)(30, 30)(31, 31)(32, 32)(33, 33)(34, 34)(35, 35)(36, 36)(37, 37)(38, 38)(39, 39)(40, 40)(41, 41)(42, 42)(43, 43)(44, 44)(45, 45)(46, 46)(47, 47)(48, 48)(49, 49)(50, 50)(51, 51)(52, 52)(53, 53)(54, 54)
