0c3c3c22cd9caef7491e07a3176e6e27a0ef06a2.flv,0c3c3c22cd9caef7491e07a3176e6e27a0ef06a2.flv	(0, 0)(1, 1)(2, 2)(3, 3)(4, 4)(5, 5)(6, 6)(7, 7)(8, 8)
0c3c3c22cd9caef7491e07a3176e6e27a0ef06a2.flv,275ca13a391d89d08b7de46c23c4430070c3251c.flv	(0, 13)(1, 14)(2, 14)(3, 15)(4, 16)(5, 17)(7, 18)
0c3c3c22cd9caef7491e07a3176e6e27a0ef06a2.flv,4f1435d832285500d7663d893b9eeba69262321a.flv	(0, 9)(2, 10)(3, 11)(4, 12)(5, 13)(7, 14)
0c3c3c22cd9caef7491e07a3176e6e27a0ef06a2.flv,5567a1bb5b9767342dc99baea8d67508ca22c046.flv	(0, 9)(2, 10)(3, 11)(4, 12)(5, 13)(7, 14)
0c3c3c22cd9caef7491e07a3176e6e27a0ef06a2.flv,64c86092addbb5b3de44a4412d52509fdda5c38c.flv	(0, 21)(1, 22)(2, 22)
0c3c3c22cd9caef7491e07a3176e6e27a0ef06a2.flv,980970c70070421c46fb122e7a6ebc59682e697d.flv	(0, 13)(1, 14)(2, 14)(3, 15)(4, 16)(5, 17)(7, 18)
0c3c3c22cd9caef7491e07a3176e6e27a0ef06a2.flv,a5df43e25319b10af46225849677bd30b916ce81.flv	(0, 13)(1, 14)(2, 14)(3, 15)(4, 16)(5, 17)(7, 18)
0c3c3c22cd9caef7491e07a3176e6e27a0ef06a2.flv,ab2879d4e100749bb69b5892c86778853022af77.flv	(0, 13)(1, 14)(2, 14)(3, 15)(4, 16)(5, 17)(7, 18)
0c3c3c22cd9caef7491e07a3176e6e27a0ef06a2.flv,af580b9a475c8f5c4143ab604f85751a68e3beb1.flv	(0, 9)(2, 10)(3, 11)(4, 12)(5, 13)(7, 14)
0c3c3c22cd9caef7491e07a3176e6e27a0ef06a2.flv,b88ae034eae2bb791dd880f003eb73882380a488.mp4	(0, 31)(2, 34)(3, 37)(5, 46)(6, 47)
0c3c3c22cd9caef7491e07a3176e6e27a0ef06a2.flv,d909ebd329acb38fdfd631252e05c273e58e60d3.mp4	(0, 10)(2, 11)(3, 12)(4, 13)(5, 14)(7, 15)
275ca13a391d89d08b7de46c23c4430070c3251c.flv,275ca13a391d89d08b7de46c23c4430070c3251c.flv	(0, 0)(1, 1)(2, 2)(3, 3)(4, 4)(5, 5)(6, 6)(7, 7)(8, 8)(9, 9)(10, 10)(11, 11)(12, 12)(13, 13)(14, 14)(15, 15)(16, 16)(17, 17)(18, 18)(19, 19)(20, 20)(21, 21)
275ca13a391d89d08b7de46c23c4430070c3251c.flv,4f1435d832285500d7663d893b9eeba69262321a.flv	(5, 0)(6, 1)(7, 3)(8, 5)(10, 6)(11, 7)(12, 8)(13, 9)(14, 10)(15, 11)(16, 12)(17, 13)(18, 14)
275ca13a391d89d08b7de46c23c4430070c3251c.flv,5567a1bb5b9767342dc99baea8d67508ca22c046.flv	(5, 0)(6, 1)(7, 3)(8, 5)(10, 6)(11, 7)(12, 8)(13, 9)(14, 10)(15, 11)(16, 12)(17, 13)(18, 14)
275ca13a391d89d08b7de46c23c4430070c3251c.flv,64c86092addbb5b3de44a4412d52509fdda5c38c.flv	(0, 0)(1, 1)(2, 2)(3, 3)(4, 4)(5, 5)(7, 11)(8, 12)(9, 15)(10, 16)(11, 17)(12, 18)(12, 19)(13, 21)(14, 22)(15, 24)
275ca13a391d89d08b7de46c23c4430070c3251c.flv,980970c70070421c46fb122e7a6ebc59682e697d.flv	(0, 0)(1, 1)(2, 2)(3, 3)(4, 4)(5, 5)(6, 6)(7, 7)(8, 8)(9, 9)(10, 10)(11, 11)(12, 12)(13, 13)(14, 14)(15, 15)(16, 16)(17, 17)(18, 18)(19, 19)(20, 20)(21, 21)
275ca13a391d89d08b7de46c23c4430070c3251c.flv,a5df43e25319b10af46225849677bd30b916ce81.flv	(0, 0)(1, 1)(2, 2)(3, 3)(4, 4)(5, 5)(6, 6)(7, 7)(8, 8)(9, 9)(10, 10)(11, 11)(12, 12)(13, 13)(14, 14)(15, 15)(16, 16)(17, 17)(18, 18)(19, 19)(20, 20)(21, 21)
275ca13a391d89d08b7de46c23c4430070c3251c.flv,ab2879d4e100749bb69b5892c86778853022af77.flv	(0, 0)(1, 1)(2, 2)(3, 3)(4, 4)(5, 5)(6, 6)(7, 7)(8, 8)(9, 9)(10, 10)(11, 11)(12, 12)(13, 13)(14, 14)(15, 15)(16, 16)(17, 17)(18, 18)(19, 19)(20, 20)(21, 21)
275ca13a391d89d08b7de46c23c4430070c3251c.flv,af580b9a475c8f5c4143ab604f85751a68e3beb1.flv	(5, 0)(6, 1)(7, 3)(8, 5)(10, 6)(11, 7)(12, 8)(13, 9)(14, 10)(15, 11)(16, 12)(17, 13)(18, 14)
275ca13a391d89d08b7de46c23c4430070c3251c.flv,b88ae034eae2bb791dd880f003eb73882380a488.mp4	(5, 0)(7, 7)(9, 19)(12, 23)(14, 34)(15, 37)
275ca13a391d89d08b7de46c23c4430070c3251c.flv,d909ebd329acb38fdfd631252e05c273e58e60d3.mp4	(5, 0)(6, 1)(7, 3)(8, 5)(10, 7)(11, 8)(12, 9)(13, 10)(14, 11)(15, 12)(16, 13)(17, 14)(18, 15)
4f1435d832285500d7663d893b9eeba69262321a.flv,4f1435d832285500d7663d893b9eeba69262321a.flv	(0, 0)(1, 1)(2, 2)(3, 3)(4, 4)(5, 5)(6, 6)(7, 7)(8, 8)(9, 9)(10, 10)(11, 11)(12, 12)(13, 13)(14, 14)(15, 15)(16, 16)
4f1435d832285500d7663d893b9eeba69262321a.flv,5567a1bb5b9767342dc99baea8d67508ca22c046.flv	(0, 0)(1, 1)(2, 2)(3, 3)(4, 4)(5, 5)(6, 6)(7, 7)(8, 8)(9, 9)(10, 10)(11, 11)(12, 12)(13, 13)(14, 14)(15, 15)(16, 16)
4f1435d832285500d7663d893b9eeba69262321a.flv,64c86092addbb5b3de44a4412d52509fdda5c38c.flv	(0, 5)(0, 6)(1, 7)(2, 9)(3, 11)(5, 12)(7, 17)(8, 19)(9, 21)(10, 22)(11, 24)
4f1435d832285500d7663d893b9eeba69262321a.flv,980970c70070421c46fb122e7a6ebc59682e697d.flv	(0, 5)(1, 6)(3, 7)(5, 8)(6, 10)(7, 11)(8, 12)(9, 13)(10, 14)(11, 15)(12, 16)(13, 17)(14, 18)
4f1435d832285500d7663d893b9eeba69262321a.flv,a5df43e25319b10af46225849677bd30b916ce81.flv	(0, 5)(1, 6)(3, 7)(5, 8)(6, 10)(7, 11)(8, 12)(9, 13)(10, 14)(11, 15)(12, 16)(13, 17)(14, 18)
4f1435d832285500d7663d893b9eeba69262321a.flv,ab2879d4e100749bb69b5892c86778853022af77.flv	(0, 5)(1, 6)(3, 7)(5, 8)(6, 10)(7, 11)(8, 12)(9, 13)(10, 14)(11, 15)(12, 16)(13, 17)(14, 18)
4f1435d832285500d7663d893b9eeba69262321a.flv,af580b9a475c8f5c4143ab604f85751a68e3beb1.flv	(0, 0)(1, 1)(2, 2)(3, 3)(4, 4)(5, 5)(6, 6)(7, 7)(8, 8)(9, 9)(10, 10)(11, 11)(12, 12)(13, 13)(14, 14)(15, 15)(16, 16)
4f1435d832285500d7663d893b9eeba69262321a.flv,b88ae034eae2bb791dd880f003eb73882380a488.mp4	(0, 0)(3, 7)(6, 19)(7, 20)(8, 23)(10, 35)(11, 37)(13, 46)(13, 47)
4f1435d832285500d7663d893b9eeba69262321a.flv,d909ebd329acb38fdfd631252e05c273e58e60d3.mp4	(0, 0)(1, 1)(2, 2)(3, 3)(4, 4)(5, 5)(6, 7)(7, 8)(8, 9)(9, 10)(10, 11)(11, 12)(12, 13)(13, 14)(14, 15)(15, 16)(16, 17)
5567a1bb5b9767342dc99baea8d67508ca22c046.flv,5567a1bb5b9767342dc99baea8d67508ca22c046.flv	(0, 0)(1, 1)(2, 2)(3, 3)(4, 4)(5, 5)(6, 6)(7, 7)(8, 8)(9, 9)(10, 10)(11, 11)(12, 12)(13, 13)(14, 14)(15, 15)(16, 16)
5567a1bb5b9767342dc99baea8d67508ca22c046.flv,64c86092addbb5b3de44a4412d52509fdda5c38c.flv	(0, 5)(0, 6)(1, 7)(2, 9)(3, 11)(5, 12)(7, 17)(8, 19)(9, 21)(10, 22)(11, 24)
5567a1bb5b9767342dc99baea8d67508ca22c046.flv,980970c70070421c46fb122e7a6ebc59682e697d.flv	(0, 5)(1, 6)(3, 7)(5, 8)(6, 10)(7, 11)(8, 12)(9, 13)(10, 14)(11, 15)(12, 16)(13, 17)(14, 18)
5567a1bb5b9767342dc99baea8d67508ca22c046.flv,a5df43e25319b10af46225849677bd30b916ce81.flv	(0, 5)(1, 6)(3, 7)(5, 8)(6, 10)(7, 11)(8, 12)(9, 13)(10, 14)(11, 15)(12, 16)(13, 17)(14, 18)
5567a1bb5b9767342dc99baea8d67508ca22c046.flv,ab2879d4e100749bb69b5892c86778853022af77.flv	(0, 5)(1, 6)(3, 7)(5, 8)(6, 10)(7, 11)(8, 12)(9, 13)(10, 14)(11, 15)(12, 16)(13, 17)(14, 18)
5567a1bb5b9767342dc99baea8d67508ca22c046.flv,af580b9a475c8f5c4143ab604f85751a68e3beb1.flv	(0, 0)(1, 1)(2, 2)(3, 3)(4, 4)(5, 5)(6, 6)(7, 7)(8, 8)(9, 9)(10, 10)(11, 11)(12, 12)(13, 13)(14, 14)(15, 15)(16, 16)
5567a1bb5b9767342dc99baea8d67508ca22c046.flv,b88ae034eae2bb791dd880f003eb73882380a488.mp4	(0, 0)(3, 7)(6, 19)(7, 20)(8, 23)(10, 35)(11, 37)(13, 46)(13, 47)
5567a1bb5b9767342dc99baea8d67508ca22c046.flv,d909ebd329acb38fdfd631252e05c273e58e60d3.mp4	(0, 0)(1, 1)(2, 2)(3, 3)(4, 4)(5, 5)(6, 7)(7, 8)(8, 9)(9, 10)(10, 11)(11, 12)(12, 13)(13, 14)(14, 15)(15, 16)(16, 17)
64c86092addbb5b3de44a4412d52509fdda5c38c.flv,64c86092addbb5b3de44a4412d52509fdda5c38c.flv	(0, 0)(1, 1)(2, 2)(3, 3)(4, 4)(5, 5)(6, 6)(7, 7)(8, 8)(9, 9)(10, 10)(11, 11)(12, 12)(13, 13)(14, 14)(15, 15)(16, 16)(17, 17)(18, 18)(19, 19)(20, 20)(21, 21)(22, 22)(23, 23)(24, 24)(25, 25)
64c86092addbb5b3de44a4412d52509fdda5c38c.flv,980970c70070421c46fb122e7a6ebc59682e697d.flv	(0, 0)(1, 1)(2, 2)(3, 3)(4, 4)(5, 5)(11, 7)(12, 8)(15, 9)(16, 10)(17, 11)(18, 12)(19, 12)(21, 13)(22, 14)(24, 15)
64c86092addbb5b3de44a4412d52509fdda5c38c.flv,a5df43e25319b10af46225849677bd30b916ce81.flv	(0, 0)(1, 1)(2, 2)(3, 3)(4, 4)(5, 5)(11, 7)(12, 8)(15, 9)(16, 10)(17, 11)(18, 12)(19, 12)(21, 13)(22, 14)(24, 15)
64c86092addbb5b3de44a4412d52509fdda5c38c.flv,ab2879d4e100749bb69b5892c86778853022af77.flv	(0, 0)(1, 1)(2, 2)(3, 3)(4, 4)(5, 5)(11, 7)(12, 8)(15, 9)(16, 10)(17, 11)(18, 12)(19, 12)(21, 13)(22, 14)(24, 15)
64c86092addbb5b3de44a4412d52509fdda5c38c.flv,af580b9a475c8f5c4143ab604f85751a68e3beb1.flv	(5, 0)(6, 0)(7, 1)(9, 2)(11, 3)(12, 5)(17, 7)(19, 8)(21, 9)(22, 10)(24, 11)
64c86092addbb5b3de44a4412d52509fdda5c38c.flv,b88ae034eae2bb791dd880f003eb73882380a488.mp4	(5, 0)(6, 1)(7, 2)(8, 3)(9, 4)(12, 9)(14, 17)(15, 19)(16, 20)(18, 23)(19, 24)(22, 35)(24, 36)(25, 37)
64c86092addbb5b3de44a4412d52509fdda5c38c.flv,d909ebd329acb38fdfd631252e05c273e58e60d3.mp4	(5, 0)(6, 0)(7, 1)(9, 2)(11, 3)(12, 5)(14, 6)(17, 8)(19, 9)(21, 10)(22, 11)(24, 12)
980970c70070421c46fb122e7a6ebc59682e697d.flv,980970c70070421c46fb122e7a6ebc59682e697d.flv	(0, 0)(1, 1)(2, 2)(3, 3)(4, 4)(5, 5)(6, 6)(7, 7)(8, 8)(9, 9)(10, 10)(11, 11)(12, 12)(13, 13)(14, 14)(15, 15)(16, 16)(17, 17)(18, 18)(19, 19)(20, 20)(21, 21)
980970c70070421c46fb122e7a6ebc59682e697d.flv,a5df43e25319b10af46225849677bd30b916ce81.flv	(0, 0)(1, 1)(2, 2)(3, 3)(4, 4)(5, 5)(6, 6)(7, 7)(8, 8)(9, 9)(10, 10)(11, 11)(12, 12)(13, 13)(14, 14)(15, 15)(16, 16)(17, 17)(18, 18)(19, 19)(20, 20)(21, 21)
980970c70070421c46fb122e7a6ebc59682e697d.flv,ab2879d4e100749bb69b5892c86778853022af77.flv	(0, 0)(1, 1)(2, 2)(3, 3)(4, 4)(5, 5)(6, 6)(7, 7)(8, 8)(9, 9)(10, 10)(11, 11)(12, 12)(13, 13)(14, 14)(15, 15)(16, 16)(17, 17)(18, 18)(19, 19)(20, 20)(21, 21)
980970c70070421c46fb122e7a6ebc59682e697d.flv,af580b9a475c8f5c4143ab604f85751a68e3beb1.flv	(5, 0)(6, 1)(7, 3)(8, 5)(10, 6)(11, 7)(12, 8)(13, 9)(14, 10)(15, 11)(16, 12)(17, 13)(18, 14)
980970c70070421c46fb122e7a6ebc59682e697d.flv,b88ae034eae2bb791dd880f003eb73882380a488.mp4	(5, 0)(7, 7)(9, 19)(12, 23)(14, 34)(15, 37)
980970c70070421c46fb122e7a6ebc59682e697d.flv,d909ebd329acb38fdfd631252e05c273e58e60d3.mp4	(5, 0)(6, 1)(7, 3)(8, 5)(10, 7)(11, 8)(12, 9)(13, 10)(14, 11)(15, 12)(16, 13)(17, 14)(18, 15)
a5df43e25319b10af46225849677bd30b916ce81.flv,a5df43e25319b10af46225849677bd30b916ce81.flv	(0, 0)(1, 1)(2, 2)(3, 3)(4, 4)(5, 5)(6, 6)(7, 7)(8, 8)(9, 9)(10, 10)(11, 11)(12, 12)(13, 13)(14, 14)(15, 15)(16, 16)(17, 17)(18, 18)(19, 19)(20, 20)(21, 21)
a5df43e25319b10af46225849677bd30b916ce81.flv,ab2879d4e100749bb69b5892c86778853022af77.flv	(0, 0)(1, 1)(2, 2)(3, 3)(4, 4)(5, 5)(6, 6)(7, 7)(8, 8)(9, 9)(10, 10)(11, 11)(12, 12)(13, 13)(14, 14)(15, 15)(16, 16)(17, 17)(18, 18)(19, 19)(20, 20)(21, 21)
a5df43e25319b10af46225849677bd30b916ce81.flv,af580b9a475c8f5c4143ab604f85751a68e3beb1.flv	(5, 0)(6, 1)(7, 3)(8, 5)(10, 6)(11, 7)(12, 8)(13, 9)(14, 10)(15, 11)(16, 12)(17, 13)(18, 14)
a5df43e25319b10af46225849677bd30b916ce81.flv,b88ae034eae2bb791dd880f003eb73882380a488.mp4	(5, 0)(7, 7)(9, 19)(12, 23)(14, 34)(15, 37)
a5df43e25319b10af46225849677bd30b916ce81.flv,d909ebd329acb38fdfd631252e05c273e58e60d3.mp4	(5, 0)(6, 1)(7, 3)(8, 5)(10, 7)(11, 8)(12, 9)(13, 10)(14, 11)(15, 12)(16, 13)(17, 14)(18, 15)
ab2879d4e100749bb69b5892c86778853022af77.flv,ab2879d4e100749bb69b5892c86778853022af77.flv	(0, 0)(1, 1)(2, 2)(3, 3)(4, 4)(5, 5)(6, 6)(7, 7)(8, 8)(9, 9)(10, 10)(11, 11)(12, 12)(13, 13)(14, 14)(15, 15)(16, 16)(17, 17)(18, 18)(19, 19)(20, 20)(21, 21)
ab2879d4e100749bb69b5892c86778853022af77.flv,af580b9a475c8f5c4143ab604f85751a68e3beb1.flv	(5, 0)(6, 1)(7, 3)(8, 5)(10, 6)(11, 7)(12, 8)(13, 9)(14, 10)(15, 11)(16, 12)(17, 13)(18, 14)
ab2879d4e100749bb69b5892c86778853022af77.flv,b88ae034eae2bb791dd880f003eb73882380a488.mp4	(5, 0)(7, 7)(9, 19)(12, 23)(14, 34)(15, 37)
ab2879d4e100749bb69b5892c86778853022af77.flv,d909ebd329acb38fdfd631252e05c273e58e60d3.mp4	(5, 0)(6, 1)(7, 3)(8, 5)(10, 7)(11, 8)(12, 9)(13, 10)(14, 11)(15, 12)(16, 13)(17, 14)(18, 15)
af580b9a475c8f5c4143ab604f85751a68e3beb1.flv,af580b9a475c8f5c4143ab604f85751a68e3beb1.flv	(0, 0)(1, 1)(2, 2)(3, 3)(4, 4)(5, 5)(6, 6)(7, 7)(8, 8)(9, 9)(10, 10)(11, 11)(12, 12)(13, 13)(14, 14)(15, 15)(16, 16)
af580b9a475c8f5c4143ab604f85751a68e3beb1.flv,b88ae034eae2bb791dd880f003eb73882380a488.mp4	(0, 0)(3, 7)(6, 19)(7, 20)(8, 23)(10, 35)(11, 37)(13, 46)(13, 47)
af580b9a475c8f5c4143ab604f85751a68e3beb1.flv,d909ebd329acb38fdfd631252e05c273e58e60d3.mp4	(0, 0)(1, 1)(2, 2)(3, 3)(4, 4)(5, 5)(6, 7)(7, 8)(8, 9)(9, 10)(10, 11)(11, 12)(12, 13)(13, 14)(14, 15)(15, 16)(16, 17)
b88ae034eae2bb791dd880f003eb73882380a488.mp4,b88ae034eae2bb791dd880f003eb73882380a488.mp4	(0, 0)(1, 1)(2, 2)(3, 3)(4, 4)(5, 5)(6, 6)(7, 7)(8, 8)(9, 9)(10, 10)(11, 11)(12, 12)(13, 13)(14, 14)(15, 15)(16, 16)(17, 17)(18, 18)(19, 19)(20, 20)(21, 21)(22, 22)(23, 23)(24, 24)(25, 25)(26, 26)(27, 27)(28, 28)(29, 29)(30, 30)(31, 31)(32, 32)(33, 33)(34, 34)(35, 35)(36, 36)(37, 37)(38, 38)(39, 39)(40, 40)(41, 41)(42, 42)(43, 43)(44, 44)(45, 45)(46, 46)(47, 47)(48, 48)(49, 49)(50, 50)(51, 51)(52, 52)(53, 53)(54, 54)
b88ae034eae2bb791dd880f003eb73882380a488.mp4,d909ebd329acb38fdfd631252e05c273e58e60d3.mp4	(0, 0)(7, 3)(19, 7)(20, 8)(23, 9)(35, 11)(37, 12)(46, 14)(47, 14)
d909ebd329acb38fdfd631252e05c273e58e60d3.mp4,d909ebd329acb38fdfd631252e05c273e58e60d3.mp4	(0, 0)(1, 1)(2, 2)(3, 3)(4, 4)(5, 5)(6, 6)(7, 7)(8, 8)(9, 9)(10, 10)(11, 11)(12, 12)(13, 13)(14, 14)(15, 15)(16, 16)(17, 17)
