0421e862855ae81fd14e804d0758ab7917b5335c.flv,0421e862855ae81fd14e804d0758ab7917b5335c.flv	(0, 0)(1, 1)(2, 2)(3, 3)(4, 4)(5, 5)(6, 6)(7, 7)(8, 8)(9, 9)(10, 10)(11, 11)(12, 12)(13, 13)(14, 14)(15, 15)(16, 16)(17, 17)(18, 18)(19, 19)(20, 20)(21, 21)(22, 22)(23, 23)(24, 24)(25, 25)(26, 26)(27, 27)(28, 28)(29, 29)(30, 30)(31, 31)(32, 32)(33, 33)(34, 34)(35, 35)(36, 36)(37, 37)(38, 38)(39, 39)(40, 40)(41, 41)(42, 42)(43, 43)(44, 44)(45, 45)(46, 46)(47, 47)
0421e862855ae81fd14e804d0758ab7917b5335c.flv,1a9a30abe7dee2eaa52c82490ee117cc399f583e.flv	(47, 237)
0421e862855ae81fd14e804d0758ab7917b5335c.flv,200130e0c39f0239a22ad3f873feac30e88134df.flv	
0421e862855ae81fd14e804d0758ab7917b5335c.flv,25b4ccc2b3166b565dde7192ed3b7b43921439dd.flv	(2, 5)
0421e862855ae81fd14e804d0758ab7917b5335c.flv,25ba77da725f9247cf8a84bb370cf40ac74297d2.flv	(8, 40)(10, 42)(11, 43)(14, 45)
0421e862855ae81fd14e804d0758ab7917b5335c.flv,25ba77da725f9247cf8a84bb370cf40ac74297d2.flv	(41, 165)(42, 167)
0421e862855ae81fd14e804d0758ab7917b5335c.flv,283043f1c1433d9205416d2922764421d3d7e34e.flv	(42, 7)(44, 9)
0421e862855ae81fd14e804d0758ab7917b5335c.flv,31a250020d2cd699bc5fc42897f7522043713cf5.flv	(1, 4)
0421e862855ae81fd14e804d0758ab7917b5335c.flv,694b83f937e8ae9a390c5ed1004d5ef1f8643ae4.flv	(7, 0)(8, 1)(8, 2)(9, 3)(10, 4)(11, 6)(12, 8)
0421e862855ae81fd14e804d0758ab7917b5335c.flv,7033506abf8c15d8f22f26f9ad88dd531cbffb8f.flv	(6, 40)(10, 44)(12, 47)(13, 48)(14, 49)
0421e862855ae81fd14e804d0758ab7917b5335c.flv,704ed7f6755163d92e4344ede58a30e14ceb5ed4.flv	(6, 47)(7, 48)(8, 49)(12, 54)(13, 55)(14, 56)
0421e862855ae81fd14e804d0758ab7917b5335c.flv,743b4b30bf4fa11e3231dd0cc319016db1cb5b73.flv	(18, 80)
0421e862855ae81fd14e804d0758ab7917b5335c.flv,7759574accbb8bf3b47365c39f31ba8a728481c4.flv	(0, 1)(2, 7)
0421e862855ae81fd14e804d0758ab7917b5335c.flv,7759574accbb8bf3b47365c39f31ba8a728481c4.flv	(6, 21)(11, 26)
0421e862855ae81fd14e804d0758ab7917b5335c.flv,81898f5820b268138f9c80284d0118105ffc3712.flv	(0, 0)(1, 3)(2, 4)
0421e862855ae81fd14e804d0758ab7917b5335c.flv,81898f5820b268138f9c80284d0118105ffc3712.flv	(9, 18)
0421e862855ae81fd14e804d0758ab7917b5335c.flv,8bb9090a95a07edf2fd021d64335bf7b4f428eb2.flv	(0, 3)(2, 10)
0421e862855ae81fd14e804d0758ab7917b5335c.flv,952cdd6aa1a8c2f63f9900960b3e18ffb217b97f.flv	(2, 11)
0421e862855ae81fd14e804d0758ab7917b5335c.flv,96642d7998cdd226b395153b7d8f3d36655c0176.flv	(7, 27)(9, 35)
0421e862855ae81fd14e804d0758ab7917b5335c.flv,96642d7998cdd226b395153b7d8f3d36655c0176.flv	(33, 126)(36, 131)(37, 132)(38, 133)
0421e862855ae81fd14e804d0758ab7917b5335c.flv,9f3d3762943c662470d78368a29a067952a97933.flv	(0, 0)(1, 2)(2, 3)
0421e862855ae81fd14e804d0758ab7917b5335c.flv,a257de343d6734f0fc478da98cfedf773ea407a4.mp4	(0, 0)(2, 12)
0421e862855ae81fd14e804d0758ab7917b5335c.flv,aa314017a4a18f05208d8702c27d16d57df3f55f.mp4	(0, 1)(1, 2)(2, 3)
0421e862855ae81fd14e804d0758ab7917b5335c.flv,aba6851ca7f78f3a83216005bef58766e3dfb26d.flv	(0, 0)
0421e862855ae81fd14e804d0758ab7917b5335c.flv,aba6851ca7f78f3a83216005bef58766e3dfb26d.flv	
0421e862855ae81fd14e804d0758ab7917b5335c.flv,db06eed340d0873fc48b2129115f16c79c48678c.flv	(46, 66)
0421e862855ae81fd14e804d0758ab7917b5335c.flv,e7831eba03ee7083a9d547fdde6adadaa05f3eeb.flv	(8, 10)(10, 11)(14, 14)(16, 16)
1a9a30abe7dee2eaa52c82490ee117cc399f583e.flv,1a9a30abe7dee2eaa52c82490ee117cc399f583e.flv	(0, 0)(1, 1)(2, 2)(3, 3)(4, 4)(5, 5)(6, 6)(7, 7)(8, 8)(9, 9)(10, 10)(11, 11)(12, 12)(13, 13)(14, 14)(15, 15)(16, 16)(17, 17)(18, 18)(19, 19)(20, 20)(21, 21)(22, 22)(23, 23)(24, 24)(25, 25)(26, 26)(27, 27)(28, 28)(29, 29)(30, 30)(31, 31)(32, 32)(33, 33)(34, 34)(35, 35)(36, 36)(37, 37)(38, 38)(39, 39)(40, 40)(41, 41)(42, 42)(43, 43)(44, 44)(45, 45)(46, 46)(47, 47)(48, 48)(49, 49)(50, 50)(51, 51)(52, 52)(53, 53)(54, 54)(55, 55)(56, 56)(57, 57)(58, 58)(59, 59)(60, 60)(61, 61)(62, 62)(63, 63)(64, 64)(65, 65)(66, 66)(67, 67)(68, 68)(69, 69)(70, 70)(71, 71)(72, 72)(73, 73)(74, 74)(75, 75)(76, 76)(77, 77)(78, 78)(79, 79)(80, 80)(81, 81)(82, 82)(83, 83)(84, 84)(85, 85)(86, 86)(87, 87)(88, 88)(89, 89)(90, 90)(91, 91)(92, 92)(93, 93)(94, 94)(95, 95)(96, 96)(97, 97)(98, 98)(99, 99)(100, 100)(101, 101)(102, 102)(103, 103)(104, 104)(105, 105)(106, 106)(107, 107)(108, 108)(109, 109)(110, 110)(111, 111)(112, 112)(113, 113)(114, 114)(115, 115)(116, 116)(117, 117)(118, 118)(119, 119)(120, 120)(121, 121)(122, 122)(123, 123)(124, 124)(125, 125)(126, 126)(127, 127)(128, 128)(129, 129)(130, 130)(131, 131)(132, 132)(133, 133)(134, 134)(135, 135)(136, 136)(137, 137)(138, 138)(139, 139)(140, 140)(141, 141)(142, 142)(143, 143)(144, 144)(145, 145)(146, 146)(147, 147)(148, 148)(149, 149)(150, 150)(151, 151)(152, 152)(153, 153)(154, 154)(155, 155)(156, 156)(157, 157)(158, 158)(159, 159)(160, 160)(161, 161)(162, 162)(163, 163)(164, 164)(165, 165)(166, 166)(167, 167)(168, 168)(169, 169)(170, 170)(171, 171)(172, 172)(173, 173)(174, 174)(175, 175)(176, 176)(177, 177)(178, 178)(179, 179)(180, 180)(181, 181)(182, 182)(183, 183)(184, 184)(185, 185)(186, 186)(187, 187)(188, 188)(189, 189)(190, 190)(191, 191)(192, 192)(193, 193)(194, 194)(195, 195)(196, 196)(197, 197)(198, 198)(199, 199)(200, 200)(201, 201)(202, 202)(203, 203)(204, 204)(205, 205)(206, 206)(207, 207)(208, 208)(209, 209)(210, 210)(211, 211)(212, 212)(213, 213)(214, 214)(215, 215)(216, 216)(217, 217)(218, 218)(219, 219)(220, 220)(221, 221)(222, 222)(223, 223)(224, 224)(225, 225)(226, 226)(227, 227)(228, 228)(229, 229)(230, 230)(231, 231)(232, 232)(233, 233)(234, 234)(235, 235)(236, 236)(237, 237)(238, 238)(239, 239)(240, 240)(241, 241)(242, 242)(243, 243)(244, 244)(245, 245)(246, 246)(247, 247)(248, 248)(249, 249)(250, 250)(251, 251)(252, 252)(253, 253)(254, 254)(255, 255)(256, 256)(257, 257)(258, 258)(259, 259)(260, 260)(261, 261)(262, 262)(263, 263)(264, 264)(265, 265)(266, 266)(267, 267)(268, 268)(269, 269)(270, 270)(271, 271)(272, 272)(273, 273)(274, 274)(275, 275)(276, 276)(277, 277)(278, 278)(279, 279)(280, 280)(281, 281)(282, 282)(283, 283)(284, 284)(285, 285)(286, 286)(287, 287)(288, 288)(289, 289)(290, 290)(291, 291)(292, 292)(293, 293)(294, 294)(295, 295)(296, 296)(297, 297)(298, 298)(299, 299)(300, 300)(301, 301)(302, 302)(303, 303)(304, 304)(305, 305)(306, 306)(307, 307)(308, 308)(309, 309)(310, 310)(311, 311)(312, 312)(313, 313)(314, 314)(315, 315)(316, 316)(317, 317)(318, 318)(319, 319)(320, 320)(321, 321)(322, 322)(323, 323)(324, 324)(325, 325)(326, 326)(327, 327)(328, 328)(329, 329)(330, 330)(331, 331)(332, 332)(333, 333)(334, 334)(335, 335)(336, 336)(337, 337)(338, 338)(339, 339)(340, 340)(341, 341)(342, 342)(343, 343)(344, 344)(345, 345)(346, 346)(347, 347)(348, 348)(349, 349)(350, 350)(351, 351)(352, 352)(353, 353)(354, 354)(355, 355)(356, 356)(357, 357)(358, 358)(359, 359)(360, 360)(361, 361)(362, 362)(363, 363)(364, 364)(365, 365)(366, 366)(367, 367)(368, 368)(369, 369)(370, 370)(371, 371)(372, 372)
1a9a30abe7dee2eaa52c82490ee117cc399f583e.flv,200130e0c39f0239a22ad3f873feac30e88134df.flv	
1a9a30abe7dee2eaa52c82490ee117cc399f583e.flv,25b4ccc2b3166b565dde7192ed3b7b43921439dd.flv	(25, 18)(26, 18)(27, 19)(29, 20)(31, 21)(33, 22)(34, 23)
1a9a30abe7dee2eaa52c82490ee117cc399f583e.flv,25ba77da725f9247cf8a84bb370cf40ac74297d2.flv	(3, 17)(6, 20)(7, 21)(8, 22)(9, 23)(10, 25)(11, 26)(12, 27)(13, 29)(14, 30)(16, 31)(19, 34)(23, 37)(24, 38)(25, 39)(37, 49)(49, 60)(54, 65)(62, 71)(64, 72)(65, 73)(69, 75)(70, 76)(71, 78)(74, 80)(75, 81)(78, 83)(79, 84)(80, 85)(82, 88)(83, 89)(84, 90)(85, 92)(89, 94)(90, 95)(91, 97)(94, 99)(95, 100)(96, 101)(97, 102)(100, 104)(101, 106)(102, 107)(105, 109)(106, 110)(107, 111)(108, 112)(111, 114)(112, 115)(113, 116)(114, 117)(117, 119)(118, 120)(121, 122)(122, 123)(123, 124)(128, 128)(130, 130)(131, 131)(132, 132)(133, 133)(134, 134)(135, 135)(136, 136)(137, 137)(140, 140)(144, 143)(148, 147)(157, 158)(160, 162)(161, 164)(168, 170)(174, 175)(175, 176)(180, 179)(181, 181)(184, 183)(185, 184)(186, 185)(187, 186)(189, 188)(190, 190)(193, 192)(197, 196)(198, 197)(201, 199)(204, 201)
1a9a30abe7dee2eaa52c82490ee117cc399f583e.flv,283043f1c1433d9205416d2922764421d3d7e34e.flv	(157, 0)(160, 4)(161, 6)(163, 7)(164, 8)(166, 9)(167, 10)(170, 14)(171, 15)(172, 16)(173, 17)(174, 18)(174, 19)(175, 20)(180, 24)(181, 25)(182, 26)(183, 26)(184, 27)(185, 28)(186, 29)(187, 30)(188, 31)(189, 32)(191, 33)(192, 34)(193, 35)(194, 36)(195, 37)(196, 39)(197, 40)(198, 40)(199, 41)(200, 42)(201, 43)(203, 44)(204, 45)(205, 45)(206, 46)(207, 46)(210, 48)(211, 49)(212, 50)(213, 50)(214, 51)(215, 53)(216, 54)(217, 55)(218, 56)(219, 56)(220, 57)(221, 58)(222, 59)(223, 60)(224, 60)(225, 61)(226, 62)(227, 63)(230, 64)(231, 66)
1a9a30abe7dee2eaa52c82490ee117cc399f583e.flv,31a250020d2cd699bc5fc42897f7522043713cf5.flv	
1a9a30abe7dee2eaa52c82490ee117cc399f583e.flv,694b83f937e8ae9a390c5ed1004d5ef1f8643ae4.flv	(28, 1)(29, 2)(30, 3)(33, 7)(34, 8)(35, 9)(36, 10)(37, 11)(38, 13)(39, 14)(40, 15)(41, 16)(42, 17)(43, 18)(44, 19)(45, 20)(49, 24)(54, 29)(56, 31)(57, 32)(58, 34)(62, 36)(70, 41)(73, 45)(74, 46)(75, 47)(76, 48)(77, 49)(78, 50)(79, 51)(82, 54)(88, 60)(89, 61)(91, 63)(100, 73)(110, 82)(111, 83)(112, 84)(113, 85)(114, 86)(115, 87)(116, 88)(117, 89)(118, 90)(119, 91)(120, 92)(121, 93)(122, 94)(123, 95)(124, 96)(125, 97)(128, 99)(129, 100)(130, 101)(131, 102)(132, 103)(133, 104)(134, 106)(135, 107)(136, 108)(137, 109)(138, 110)(139, 111)(141, 113)(142, 114)(143, 115)(144, 116)(145, 117)(148, 120)(152, 126)(159, 131)(160, 133)(165, 136)(166, 137)(167, 138)(170, 143)(171, 144)(172, 145)(173, 146)(174, 148)(176, 149)(177, 150)(186, 160)(188, 163)(190, 166)(193, 168)(194, 169)(197, 173)(198, 174)(199, 175)(200, 176)(204, 179)(207, 181)(208, 183)(209, 184)
1a9a30abe7dee2eaa52c82490ee117cc399f583e.flv,7033506abf8c15d8f22f26f9ad88dd531cbffb8f.flv	(2, 16)(3, 17)(6, 20)(8, 25)(10, 27)(12, 31)(14, 32)(15, 33)(18, 36)(24, 39)(28, 47)(29, 48)(30, 49)(31, 51)(32, 53)(33, 54)
1a9a30abe7dee2eaa52c82490ee117cc399f583e.flv,704ed7f6755163d92e4344ede58a30e14ceb5ed4.flv	(3, 10)(4, 11)(5, 12)(6, 13)(12, 22)(14, 24)(17, 27)(19, 30)(22, 33)(24, 37)(31, 42)(40, 45)(43, 47)(59, 68)(60, 69)(61, 70)(64, 74)(65, 75)(67, 77)(68, 78)(71, 79)(77, 81)(78, 82)(84, 88)(85, 90)(91, 97)(98, 103)(99, 104)(102, 107)(103, 108)(104, 109)(105, 110)(106, 111)(107, 112)(108, 113)(109, 114)(116, 116)(117, 117)(125, 120)(129, 123)(130, 124)(131, 125)(132, 126)(137, 131)(149, 138)(150, 139)(151, 140)(153, 147)(155, 148)(156, 149)(158, 152)(162, 162)(163, 163)(164, 164)(165, 165)(166, 166)(167, 167)(171, 174)(178, 180)(180, 181)(181, 182)(182, 183)(183, 184)(184, 185)(186, 186)(187, 187)(189, 191)
1a9a30abe7dee2eaa52c82490ee117cc399f583e.flv,743b4b30bf4fa11e3231dd0cc319016db1cb5b73.flv	(3, 11)(4, 12)(6, 13)(9, 17)(13, 24)(16, 27)(20, 31)(22, 34)(31, 42)(37, 44)(39, 45)(41, 46)(42, 47)(59, 69)(60, 70)(61, 71)(63, 74)(66, 77)(68, 78)(71, 79)(76, 81)(77, 82)(83, 88)(91, 97)(97, 103)(101, 107)(102, 108)(103, 109)(104, 110)(105, 111)(106, 112)(107, 113)(108, 114)(115, 116)(116, 117)(124, 120)(129, 124)(130, 125)(131, 126)(134, 129)(136, 131)(150, 140)(151, 141)(154, 148)(155, 149)(158, 153)(159, 155)(162, 163)(163, 164)(164, 165)(165, 166)(166, 167)(167, 168)(170, 174)(178, 180)(182, 184)(183, 185)(187, 188)(189, 191)(190, 193)
1a9a30abe7dee2eaa52c82490ee117cc399f583e.flv,7759574accbb8bf3b47365c39f31ba8a728481c4.flv	(157, 98)(159, 100)(160, 102)(161, 104)(162, 105)(163, 106)(164, 106)(165, 107)(166, 108)(167, 108)(168, 110)
1a9a30abe7dee2eaa52c82490ee117cc399f583e.flv,81898f5820b268138f9c80284d0118105ffc3712.flv	(6, 6)(10, 7)(11, 8)(24, 11)(25, 13)(58, 21)(59, 22)(60, 23)(65, 26)(66, 27)(67, 28)(71, 29)(75, 31)(124, 38)(125, 39)(128, 40)(146, 44)(147, 45)(151, 47)(154, 51)(156, 52)(160, 55)(161, 56)(164, 58)(165, 59)(168, 60)(172, 61)
1a9a30abe7dee2eaa52c82490ee117cc399f583e.flv,8bb9090a95a07edf2fd021d64335bf7b4f428eb2.flv	(3, 11)(6, 13)(7, 14)(10, 15)
1a9a30abe7dee2eaa52c82490ee117cc399f583e.flv,8bb9090a95a07edf2fd021d64335bf7b4f428eb2.flv	(27, 22)(28, 23)(29, 24)(31, 25)(32, 26)(33, 27)(34, 28)(37, 31)(40, 34)(45, 38)(47, 39)(48, 40)(50, 42)(51, 43)(52, 44)
1a9a30abe7dee2eaa52c82490ee117cc399f583e.flv,952cdd6aa1a8c2f63f9900960b3e18ffb217b97f.flv	(3, 20)(4, 22)(6, 24)(7, 25)(9, 26)(20, 38)(21, 39)(22, 41)(23, 42)(31, 49)(32, 51)(33, 52)(41, 55)(42, 56)(43, 57)(49, 62)(52, 64)(53, 65)(54, 66)(55, 68)(56, 69)(57, 70)(58, 71)(59, 73)(62, 75)(71, 78)(77, 81)(78, 82)(81, 84)(82, 85)(84, 86)(85, 87)(86, 89)(91, 92)(93, 93)(94, 94)(98, 96)(99, 97)(100, 98)(104, 101)(105, 102)(106, 103)(107, 104)(110, 106)(111, 107)(116, 110)(119, 112)(122, 114)(123, 115)(125, 117)(127, 119)(128, 121)(131, 123)(132, 124)(133, 125)(139, 128)(140, 129)(145, 131)(147, 133)(148, 135)(149, 136)(150, 137)(180, 164)(181, 165)(188, 169)(189, 170)(198, 174)(199, 175)(200, 176)(201, 177)(210, 183)(216, 190)(217, 191)(218, 192)(219, 193)(220, 194)(221, 195)(226, 197)(240, 224)(241, 225)(242, 226)(243, 228)(250, 236)(256, 239)(260, 242)(261, 243)(262, 245)(264, 247)(266, 248)(267, 249)(268, 250)(269, 251)(270, 252)(271, 253)(272, 254)(273, 255)(274, 256)(278, 261)(279, 262)(282, 264)(287, 269)(288, 270)(291, 272)(292, 273)(293, 274)(294, 275)(296, 277)(297, 279)(298, 280)(299, 281)(300, 282)(301, 283)(302, 284)(303, 285)(304, 287)(308, 291)(309, 292)(310, 293)(311, 294)(314, 296)(315, 297)(321, 303)(322, 304)(323, 305)(324, 306)(331, 314)(332, 315)(333, 316)(335, 318)(342, 327)(344, 334)(346, 335)(347, 336)(348, 337)(349, 338)(354, 341)(355, 342)(356, 343)(357, 344)(358, 345)(359, 346)(364, 349)(365, 350)(366, 351)
1a9a30abe7dee2eaa52c82490ee117cc399f583e.flv,96642d7998cdd226b395153b7d8f3d36655c0176.flv	(3, 3)(6, 7)(10, 11)(15, 15)(16, 17)(18, 18)(19, 19)(24, 24)(33, 31)(34, 32)(37, 35)(45, 41)(46, 42)(49, 45)(50, 46)(51, 47)(54, 49)(55, 51)(56, 52)(57, 53)(62, 56)(65, 59)(66, 60)(69, 62)(71, 63)(77, 68)(78, 69)(81, 71)(82, 72)(84, 73)(85, 75)(91, 80)(94, 82)(95, 83)(96, 84)(97, 85)(100, 88)(101, 89)(105, 91)(106, 92)(107, 93)(108, 94)(118, 101)(119, 102)(120, 103)(121, 104)(124, 106)(125, 107)(128, 109)(130, 111)(133, 113)(138, 117)(139, 119)(142, 121)(143, 122)(148, 127)(149, 128)(156, 134)
1a9a30abe7dee2eaa52c82490ee117cc399f583e.flv,9f3d3762943c662470d78368a29a067952a97933.flv	(6, 9)(7, 10)(12, 15)(23, 19)(24, 21)(25, 23)(31, 27)
1a9a30abe7dee2eaa52c82490ee117cc399f583e.flv,a257de343d6734f0fc478da98cfedf773ea407a4.mp4	(10, 29)(16, 34)(23, 40)(24, 41)(26, 45)(43, 55)(49, 59)(58, 65)(65, 70)(89, 85)(100, 92)(106, 95)(114, 99)(121, 103)(125, 105)(132, 110)(133, 111)(139, 115)(143, 117)(144, 118)(148, 120)(155, 127)(157, 129)(160, 133)(172, 143)(173, 144)(178, 148)(179, 149)(180, 150)(186, 155)(188, 157)(189, 158)(190, 159)(191, 160)(201, 167)(208, 171)(210, 173)(215, 176)(216, 177)(237, 204)
1a9a30abe7dee2eaa52c82490ee117cc399f583e.flv,aa314017a4a18f05208d8702c27d16d57df3f55f.mp4	(12, 11)(14, 13)(16, 14)(18, 15)
1a9a30abe7dee2eaa52c82490ee117cc399f583e.flv,aba6851ca7f78f3a83216005bef58766e3dfb26d.flv	(3, 0)
1a9a30abe7dee2eaa52c82490ee117cc399f583e.flv,aba6851ca7f78f3a83216005bef58766e3dfb26d.flv	
1a9a30abe7dee2eaa52c82490ee117cc399f583e.flv,db06eed340d0873fc48b2129115f16c79c48678c.flv	(157, 0)(159, 3)(160, 4)(161, 6)(168, 12)(170, 14)(171, 15)(174, 18)(181, 24)(186, 28)(198, 38)(201, 40)(207, 44)(208, 45)(217, 51)(218, 52)(221, 54)(222, 55)(235, 65)(236, 66)
1a9a30abe7dee2eaa52c82490ee117cc399f583e.flv,e7831eba03ee7083a9d547fdde6adadaa05f3eeb.flv	(0, 2)(3, 3)
200130e0c39f0239a22ad3f873feac30e88134df.flv,200130e0c39f0239a22ad3f873feac30e88134df.flv	(0, 0)(1, 1)(2, 2)(3, 3)
200130e0c39f0239a22ad3f873feac30e88134df.flv,25b4ccc2b3166b565dde7192ed3b7b43921439dd.flv	(0, 21)
200130e0c39f0239a22ad3f873feac30e88134df.flv,25ba77da725f9247cf8a84bb370cf40ac74297d2.flv	
200130e0c39f0239a22ad3f873feac30e88134df.flv,31a250020d2cd699bc5fc42897f7522043713cf5.flv	(0, 0)
200130e0c39f0239a22ad3f873feac30e88134df.flv,5aff6ecadb439bb9c16a215188258f9474052fae.flv	(0, 26)
200130e0c39f0239a22ad3f873feac30e88134df.flv,694b83f937e8ae9a390c5ed1004d5ef1f8643ae4.flv	
200130e0c39f0239a22ad3f873feac30e88134df.flv,7033506abf8c15d8f22f26f9ad88dd531cbffb8f.flv	
200130e0c39f0239a22ad3f873feac30e88134df.flv,704ed7f6755163d92e4344ede58a30e14ceb5ed4.flv	
200130e0c39f0239a22ad3f873feac30e88134df.flv,743b4b30bf4fa11e3231dd0cc319016db1cb5b73.flv	(0, 16)
200130e0c39f0239a22ad3f873feac30e88134df.flv,7759574accbb8bf3b47365c39f31ba8a728481c4.flv	
200130e0c39f0239a22ad3f873feac30e88134df.flv,81898f5820b268138f9c80284d0118105ffc3712.flv	
200130e0c39f0239a22ad3f873feac30e88134df.flv,8bb9090a95a07edf2fd021d64335bf7b4f428eb2.flv	(0, 25)
200130e0c39f0239a22ad3f873feac30e88134df.flv,952cdd6aa1a8c2f63f9900960b3e18ffb217b97f.flv	(0, 19)
200130e0c39f0239a22ad3f873feac30e88134df.flv,96642d7998cdd226b395153b7d8f3d36655c0176.flv	
200130e0c39f0239a22ad3f873feac30e88134df.flv,9f3d3762943c662470d78368a29a067952a97933.flv	
200130e0c39f0239a22ad3f873feac30e88134df.flv,aa314017a4a18f05208d8702c27d16d57df3f55f.mp4	(0, 9)
200130e0c39f0239a22ad3f873feac30e88134df.flv,aba6851ca7f78f3a83216005bef58766e3dfb26d.flv	(0, 0)
200130e0c39f0239a22ad3f873feac30e88134df.flv,e7831eba03ee7083a9d547fdde6adadaa05f3eeb.flv	
25b4ccc2b3166b565dde7192ed3b7b43921439dd.flv,25b4ccc2b3166b565dde7192ed3b7b43921439dd.flv	(0, 0)(1, 1)(2, 2)(3, 3)(4, 4)(5, 5)(6, 6)(7, 7)(8, 8)(9, 9)(10, 10)(11, 11)(12, 12)(13, 13)(14, 14)(15, 15)(16, 16)(17, 17)(18, 18)(19, 19)(20, 20)(21, 21)(22, 22)(23, 23)(24, 24)(25, 25)(26, 26)(27, 27)(28, 28)(29, 29)(30, 30)(31, 31)(32, 32)(33, 33)(34, 34)(35, 35)(36, 36)(37, 37)(38, 38)(39, 39)(40, 40)(41, 41)(42, 42)(43, 43)(44, 44)(45, 45)(46, 46)(47, 47)(48, 48)(49, 49)(50, 50)(51, 51)(52, 52)(53, 53)(54, 54)(55, 55)(56, 56)(57, 57)(58, 58)(59, 59)(60, 60)(61, 61)(62, 62)(63, 63)(64, 64)(65, 65)(66, 66)(67, 67)(68, 68)(69, 69)(70, 70)(71, 71)(72, 72)(73, 73)(74, 74)(75, 75)(76, 76)(77, 77)(78, 78)(79, 79)(80, 80)(81, 81)(82, 82)(83, 83)(84, 84)(85, 85)(86, 86)(87, 87)(88, 88)(89, 89)(90, 90)(91, 91)(92, 92)(93, 93)(94, 94)(95, 95)(96, 96)(97, 97)(98, 98)(99, 99)(100, 100)(101, 101)(102, 102)(103, 103)(104, 104)(105, 105)(106, 106)(107, 107)(108, 108)(109, 109)(110, 110)(111, 111)(112, 112)(113, 113)(114, 114)(115, 115)
25b4ccc2b3166b565dde7192ed3b7b43921439dd.flv,25ba77da725f9247cf8a84bb370cf40ac74297d2.flv	(18, 39)(19, 40)(20, 41)(23, 45)
25b4ccc2b3166b565dde7192ed3b7b43921439dd.flv,283043f1c1433d9205416d2922764421d3d7e34e.flv	(60, 1)(61, 3)
25b4ccc2b3166b565dde7192ed3b7b43921439dd.flv,31a250020d2cd699bc5fc42897f7522043713cf5.flv	(1, 2)(2, 3)
25b4ccc2b3166b565dde7192ed3b7b43921439dd.flv,5aff6ecadb439bb9c16a215188258f9474052fae.flv	(97, 9)(98, 10)(99, 11)(100, 12)(103, 16)
25b4ccc2b3166b565dde7192ed3b7b43921439dd.flv,694b83f937e8ae9a390c5ed1004d5ef1f8643ae4.flv	(18, 0)(19, 1)(19, 2)(20, 3)(22, 8)(23, 9)(24, 10)(24, 11)(25, 12)(26, 13)(27, 14)
25b4ccc2b3166b565dde7192ed3b7b43921439dd.flv,7033506abf8c15d8f22f26f9ad88dd531cbffb8f.flv	(18, 40)(19, 42)(20, 43)(23, 47)(24, 49)(25, 50)(26, 51)(27, 52)(28, 53)(29, 54)
25b4ccc2b3166b565dde7192ed3b7b43921439dd.flv,704ed7f6755163d92e4344ede58a30e14ceb5ed4.flv	(18, 47)(18, 48)(19, 49)(22, 55)(23, 56)(24, 57)(24, 58)(25, 59)(26, 60)(27, 61)(27, 62)(28, 63)(29, 64)
25b4ccc2b3166b565dde7192ed3b7b43921439dd.flv,743b4b30bf4fa11e3231dd0cc319016db1cb5b73.flv	(18, 47)(18, 48)(19, 49)(22, 55)(23, 56)(24, 57)(24, 58)(25, 59)(26, 60)
25b4ccc2b3166b565dde7192ed3b7b43921439dd.flv,7759574accbb8bf3b47365c39f31ba8a728481c4.flv	(1, 1)(4, 5)(5, 7)
25b4ccc2b3166b565dde7192ed3b7b43921439dd.flv,7759574accbb8bf3b47365c39f31ba8a728481c4.flv	(20, 26)(21, 28)
25b4ccc2b3166b565dde7192ed3b7b43921439dd.flv,81898f5820b268138f9c80284d0118105ffc3712.flv	(4, 3)(5, 4)
25b4ccc2b3166b565dde7192ed3b7b43921439dd.flv,81898f5820b268138f9c80284d0118105ffc3712.flv	(19, 17)(21, 20)(30, 27)
25b4ccc2b3166b565dde7192ed3b7b43921439dd.flv,8bb9090a95a07edf2fd021d64335bf7b4f428eb2.flv	(1, 3)(2, 4)(5, 9)
25b4ccc2b3166b565dde7192ed3b7b43921439dd.flv,8bb9090a95a07edf2fd021d64335bf7b4f428eb2.flv	(20, 24)(21, 25)(22, 28)(23, 29)
25b4ccc2b3166b565dde7192ed3b7b43921439dd.flv,952cdd6aa1a8c2f63f9900960b3e18ffb217b97f.flv	(1, 0)(4, 11)
25b4ccc2b3166b565dde7192ed3b7b43921439dd.flv,952cdd6aa1a8c2f63f9900960b3e18ffb217b97f.flv	(18, 49)(19, 50)(19, 51)(20, 52)(21, 53)(22, 54)(23, 54)(24, 55)(24, 56)(25, 57)(26, 58)
25b4ccc2b3166b565dde7192ed3b7b43921439dd.flv,96642d7998cdd226b395153b7d8f3d36655c0176.flv	(19, 28)(22, 34)(23, 35)
25b4ccc2b3166b565dde7192ed3b7b43921439dd.flv,9f3d3762943c662470d78368a29a067952a97933.flv	(1, 0)(2, 1)(5, 3)
25b4ccc2b3166b565dde7192ed3b7b43921439dd.flv,a257de343d6734f0fc478da98cfedf773ea407a4.mp4	(1, 0)(3, 7)
25b4ccc2b3166b565dde7192ed3b7b43921439dd.flv,aa314017a4a18f05208d8702c27d16d57df3f55f.mp4	
25b4ccc2b3166b565dde7192ed3b7b43921439dd.flv,aba6851ca7f78f3a83216005bef58766e3dfb26d.flv	
25b4ccc2b3166b565dde7192ed3b7b43921439dd.flv,aba6851ca7f78f3a83216005bef58766e3dfb26d.flv	(21, 0)
25b4ccc2b3166b565dde7192ed3b7b43921439dd.flv,db06eed340d0873fc48b2129115f16c79c48678c.flv	(64, 23)
25b4ccc2b3166b565dde7192ed3b7b43921439dd.flv,e7831eba03ee7083a9d547fdde6adadaa05f3eeb.flv	(19, 10)(20, 11)(21, 13)(22, 15)(23, 16)(24, 17)(25, 18)(26, 19)(27, 20)
25ba77da725f9247cf8a84bb370cf40ac74297d2.flv,25ba77da725f9247cf8a84bb370cf40ac74297d2.flv	(0, 0)(1, 1)(2, 2)(3, 3)(4, 4)(5, 5)(6, 6)(7, 7)(8, 8)(9, 9)(10, 10)(11, 11)(12, 12)(13, 13)(14, 14)(15, 15)(16, 16)(17, 17)(18, 18)(19, 19)(20, 20)(21, 21)(22, 22)(23, 23)(24, 24)(25, 25)(26, 26)(27, 27)(28, 28)(29, 29)(30, 30)(31, 31)(32, 32)(33, 33)(34, 34)(35, 35)(36, 36)(37, 37)(38, 38)(39, 39)(40, 40)(41, 41)(42, 42)(43, 43)(44, 44)(45, 45)(46, 46)(47, 47)(48, 48)(49, 49)(50, 50)(51, 51)(52, 52)(53, 53)(54, 54)(55, 55)(56, 56)(57, 57)(58, 58)(59, 59)(60, 60)(61, 61)(62, 62)(63, 63)(64, 64)(65, 65)(66, 66)(67, 67)(68, 68)(69, 69)(70, 70)(71, 71)(72, 72)(73, 73)(74, 74)(75, 75)(76, 76)(77, 77)(78, 78)(79, 79)(80, 80)(81, 81)(82, 82)(83, 83)(84, 84)(85, 85)(86, 86)(87, 87)(88, 88)(89, 89)(90, 90)(91, 91)(92, 92)(93, 93)(94, 94)(95, 95)(96, 96)(97, 97)(98, 98)(99, 99)(100, 100)(101, 101)(102, 102)(103, 103)(104, 104)(105, 105)(106, 106)(107, 107)(108, 108)(109, 109)(110, 110)(111, 111)(112, 112)(113, 113)(114, 114)(115, 115)(116, 116)(117, 117)(118, 118)(119, 119)(120, 120)(121, 121)(122, 122)(123, 123)(124, 124)(125, 125)(126, 126)(127, 127)(128, 128)(129, 129)(130, 130)(131, 131)(132, 132)(133, 133)(134, 134)(135, 135)(136, 136)(137, 137)(138, 138)(139, 139)(140, 140)(141, 141)(142, 142)(143, 143)(144, 144)(145, 145)(146, 146)(147, 147)(148, 148)(149, 149)(150, 150)(151, 151)(152, 152)(153, 153)(154, 154)(155, 155)(156, 156)(157, 157)(158, 158)(159, 159)(160, 160)(161, 161)(162, 162)(163, 163)(164, 164)(165, 165)(166, 166)(167, 167)(168, 168)(169, 169)(170, 170)(171, 171)(172, 172)(173, 173)(174, 174)(175, 175)(176, 176)(177, 177)(178, 178)(179, 179)(180, 180)(181, 181)(182, 182)(183, 183)(184, 184)(185, 185)(186, 186)(187, 187)(188, 188)(189, 189)(190, 190)(191, 191)(192, 192)(193, 193)(194, 194)(195, 195)(196, 196)(197, 197)(198, 198)(199, 199)(200, 200)(201, 201)
25ba77da725f9247cf8a84bb370cf40ac74297d2.flv,283043f1c1433d9205416d2922764421d3d7e34e.flv	(166, 7)(167, 7)
25ba77da725f9247cf8a84bb370cf40ac74297d2.flv,31a250020d2cd699bc5fc42897f7522043713cf5.flv	
25ba77da725f9247cf8a84bb370cf40ac74297d2.flv,31a250020d2cd699bc5fc42897f7522043713cf5.flv	
25ba77da725f9247cf8a84bb370cf40ac74297d2.flv,694b83f937e8ae9a390c5ed1004d5ef1f8643ae4.flv	(40, 1)(41, 3)(42, 4)(43, 6)(44, 8)
25ba77da725f9247cf8a84bb370cf40ac74297d2.flv,7033506abf8c15d8f22f26f9ad88dd531cbffb8f.flv	(17, 17)(18, 19)(22, 25)(23, 26)(25, 27)(27, 31)(29, 32)(30, 33)(31, 35)(32, 36)(37, 39)(38, 40)(40, 47)(41, 49)(42, 50)(43, 51)
25ba77da725f9247cf8a84bb370cf40ac74297d2.flv,704ed7f6755163d92e4344ede58a30e14ceb5ed4.flv	(17, 10)(20, 13)(27, 22)(28, 23)(30, 24)(33, 29)(34, 30)(35, 31)(38, 37)(47, 43)(52, 45)(53, 46)(56, 49)(61, 53)(62, 54)(63, 55)(64, 56)(66, 59)(72, 74)(75, 78)(83, 82)(88, 86)(89, 87)(90, 88)(97, 97)(100, 101)(101, 102)(104, 105)(105, 106)(107, 107)(109, 110)(110, 111)(111, 112)(112, 113)(118, 116)(119, 117)(121, 118)(125, 120)(127, 121)(132, 126)(134, 129)(135, 130)(137, 131)(142, 135)(149, 139)(150, 140)(151, 141)(154, 147)(156, 148)(163, 159)(165, 163)(166, 164)(168, 167)(169, 168)(171, 172)(175, 178)(177, 180)(179, 181)(181, 182)(183, 185)(185, 186)(186, 187)(187, 188)
25ba77da725f9247cf8a84bb370cf40ac74297d2.flv,743b4b30bf4fa11e3231dd0cc319016db1cb5b73.flv	(20, 13)(24, 18)(25, 19)(29, 24)(30, 25)(31, 27)(33, 30)(47, 43)(54, 47)(59, 51)(61, 54)(62, 55)(63, 56)(64, 57)(66, 60)(74, 78)(86, 84)(88, 87)(89, 88)(91, 90)(96, 97)(102, 103)(104, 106)(106, 107)(107, 108)(109, 111)(110, 112)(111, 113)(112, 114)(117, 116)(125, 120)(131, 126)(134, 130)(136, 131)(137, 132)(141, 135)(147, 137)(149, 140)(150, 141)(151, 142)(153, 146)(154, 147)(155, 148)(157, 150)(160, 155)(162, 159)(165, 164)(166, 165)(168, 168)(169, 169)(171, 173)(172, 174)(175, 179)(177, 180)(179, 181)(180, 182)(186, 188)(187, 189)(190, 193)
25ba77da725f9247cf8a84bb370cf40ac74297d2.flv,7759574accbb8bf3b47365c39f31ba8a728481c4.flv	(40, 22)(42, 25)(43, 26)(44, 28)
25ba77da725f9247cf8a84bb370cf40ac74297d2.flv,81898f5820b268138f9c80284d0118105ffc3712.flv	(20, 6)(26, 8)(38, 11)(39, 13)(59, 17)(60, 18)(69, 23)(70, 24)(71, 25)(73, 26)(74, 28)(79, 30)(81, 31)(145, 44)(146, 45)(148, 46)(149, 47)(151, 48)(152, 49)(154, 50)(156, 52)(158, 54)(162, 55)(166, 58)(167, 59)
25ba77da725f9247cf8a84bb370cf40ac74297d2.flv,8bb9090a95a07edf2fd021d64335bf7b4f428eb2.flv	(17, 11)(18, 12)(20, 13)
25ba77da725f9247cf8a84bb370cf40ac74297d2.flv,8bb9090a95a07edf2fd021d64335bf7b4f428eb2.flv	(40, 22)(41, 23)(42, 24)(43, 25)(45, 27)(46, 28)(48, 31)(53, 36)(54, 37)(55, 38)(56, 39)(61, 44)
25ba77da725f9247cf8a84bb370cf40ac74297d2.flv,8bb9090a95a07edf2fd021d64335bf7b4f428eb2.flv	(41, 23)
25ba77da725f9247cf8a84bb370cf40ac74297d2.flv,952cdd6aa1a8c2f63f9900960b3e18ffb217b97f.flv	(17, 20)(18, 21)(31, 34)(32, 35)(38, 42)(39, 45)(40, 46)(42, 47)(47, 49)(48, 50)(49, 51)(58, 55)(59, 56)(60, 57)(64, 60)(69, 69)(70, 70)(71, 71)(73, 74)(74, 75)(87, 79)(92, 83)(100, 88)(103, 90)(105, 91)(108, 93)(109, 94)(113, 96)(115, 98)(116, 99)(121, 104)(124, 106)(125, 107)(126, 108)(127, 109)(128, 110)(129, 111)(134, 115)(138, 119)(139, 120)(140, 121)(143, 123)(144, 124)(145, 125)(148, 127)(156, 132)(157, 133)(161, 140)(162, 142)(167, 145)(168, 146)(169, 147)(191, 163)(193, 164)(195, 166)(198, 167)(200, 168)(201, 169)
25ba77da725f9247cf8a84bb370cf40ac74297d2.flv,96642d7998cdd226b395153b7d8f3d36655c0176.flv	(40, 28)(41, 29)(42, 30)(45, 35)
25ba77da725f9247cf8a84bb370cf40ac74297d2.flv,9f3d3762943c662470d78368a29a067952a97933.flv	(40, 20)(41, 20)(42, 21)(45, 23)
25ba77da725f9247cf8a84bb370cf40ac74297d2.flv,a257de343d6734f0fc478da98cfedf773ea407a4.mp4	(0, 0)(5, 1)(6, 1)(7, 2)(8, 3)(9, 4)(10, 5)(12, 7)(13, 8)(14, 9)(15, 10)(18, 18)(19, 19)(25, 26)(27, 31)(31, 32)(32, 33)(34, 34)(35, 35)(36, 36)(37, 37)(37, 38)(38, 40)(41, 44)(42, 45)(43, 46)(44, 47)(46, 48)(48, 49)(50, 50)(51, 51)(52, 52)(54, 53)(55, 54)(56, 55)(57, 56)(59, 57)(60, 58)(61, 59)(64, 60)(65, 61)(68, 65)(70, 67)(74, 72)(77, 74)(78, 75)(82, 77)(84, 78)(85, 78)(87, 79)(89, 80)(90, 81)(91, 82)(92, 83)(93, 85)(94, 86)(97, 87)(98, 88)(99, 89)(100, 90)(103, 92)(110, 96)(111, 97)(113, 98)(114, 99)(116, 100)(117, 101)(120, 103)(121, 104)(123, 105)(124, 106)(125, 107)(128, 109)(131, 112)(132, 112)(133, 113)(134, 114)(135, 115)(137, 116)(139, 118)(143, 119)(144, 120)(145, 121)(147, 122)(149, 124)(151, 125)(152, 126)(153, 128)(155, 129)(159, 135)(161, 136)(162, 138)(163, 139)(164, 140)(169, 143)(170, 144)(171, 145)(178, 153)(179, 155)(180, 156)(181, 157)(183, 158)(184, 159)(186, 161)(188, 162)(190, 165)(192, 166)(193, 167)(195, 169)(196, 170)(198, 172)(199, 173)(202, 175)(204, 176)(205, 177)(206, 178)(207, 179)(209, 180)(210, 181)(211, 182)(213, 183)(214, 184)(216, 185)(217, 186)(219, 187)(220, 188)(222, 198)(223, 199)(224, 200)(225, 201)(227, 202)(228, 204)(229, 205)(230, 206)(231, 206)(233, 207)(234, 208)(238, 214)(239, 214)
25ba77da725f9247cf8a84bb370cf40ac74297d2.flv,aa314017a4a18f05208d8702c27d16d57df3f55f.mp4	(25, 7)(27, 11)(28, 13)
25ba77da725f9247cf8a84bb370cf40ac74297d2.flv,aba6851ca7f78f3a83216005bef58766e3dfb26d.flv	
25ba77da725f9247cf8a84bb370cf40ac74297d2.flv,db06eed340d0873fc48b2129115f16c79c48678c.flv	(166, 7)(167, 7)
25ba77da725f9247cf8a84bb370cf40ac74297d2.flv,e7831eba03ee7083a9d547fdde6adadaa05f3eeb.flv	(17, 3)
25ba77da725f9247cf8a84bb370cf40ac74297d2.flv,e7831eba03ee7083a9d547fdde6adadaa05f3eeb.flv	(42, 11)(43, 12)(44, 13)
283043f1c1433d9205416d2922764421d3d7e34e.flv,283043f1c1433d9205416d2922764421d3d7e34e.flv	(0, 0)(1, 1)(2, 2)(3, 3)(4, 4)(5, 5)(6, 6)(7, 7)(8, 8)(9, 9)(10, 10)(11, 11)(12, 12)(13, 13)(14, 14)(15, 15)(16, 16)(17, 17)(18, 18)(19, 19)(20, 20)(21, 21)(22, 22)(23, 23)(24, 24)(25, 25)(26, 26)(27, 27)(28, 28)(29, 29)(30, 30)(31, 31)(32, 32)(33, 33)(34, 34)(35, 35)(36, 36)(37, 37)(38, 38)(39, 39)(40, 40)(41, 41)(42, 42)(43, 43)(44, 44)(45, 45)(46, 46)(47, 47)(48, 48)(49, 49)(50, 50)(51, 51)(52, 52)(53, 53)(54, 54)(55, 55)(56, 56)(57, 57)(58, 58)(59, 59)(60, 60)(61, 61)(62, 62)(63, 63)(64, 64)(65, 65)(66, 66)(67, 67)(68, 68)(69, 69)(70, 70)(71, 71)(72, 72)
283043f1c1433d9205416d2922764421d3d7e34e.flv,31a250020d2cd699bc5fc42897f7522043713cf5.flv	(7, 0)(8, 0)
283043f1c1433d9205416d2922764421d3d7e34e.flv,694b83f937e8ae9a390c5ed1004d5ef1f8643ae4.flv	(0, 131)(1, 132)(4, 134)(6, 135)(7, 136)(8, 137)(9, 139)(10, 140)(11, 141)(12, 142)(13, 143)(14, 145)(15, 146)(16, 147)(20, 150)(26, 158)(29, 161)(30, 163)(33, 167)(34, 168)(35, 169)(36, 170)(37, 171)(39, 173)(40, 174)(43, 178)(46, 181)(47, 182)(48, 184)
283043f1c1433d9205416d2922764421d3d7e34e.flv,704ed7f6755163d92e4344ede58a30e14ceb5ed4.flv	(26, 186)(27, 187)(28, 188)(30, 191)(32, 193)
283043f1c1433d9205416d2922764421d3d7e34e.flv,743b4b30bf4fa11e3231dd0cc319016db1cb5b73.flv	(24, 120)(25, 121)(27, 123)(28, 124)(29, 125)(30, 127)(31, 128)(32, 129)
283043f1c1433d9205416d2922764421d3d7e34e.flv,7759574accbb8bf3b47365c39f31ba8a728481c4.flv	(0, 98)(1, 99)(2, 100)(3, 101)(4, 102)(5, 103)(6, 104)(7, 105)(8, 106)(9, 107)(10, 108)(11, 109)(12, 110)(13, 111)
283043f1c1433d9205416d2922764421d3d7e34e.flv,81898f5820b268138f9c80284d0118105ffc3712.flv	(23, 62)
283043f1c1433d9205416d2922764421d3d7e34e.flv,952cdd6aa1a8c2f63f9900960b3e18ffb217b97f.flv	(0, 154)(13, 160)(16, 162)(21, 165)(23, 167)(25, 168)(27, 169)(32, 171)(42, 175)(43, 176)(47, 179)(48, 180)(50, 182)(52, 183)(53, 184)(54, 185)(60, 189)(64, 200)(66, 201)
283043f1c1433d9205416d2922764421d3d7e34e.flv,9f3d3762943c662470d78368a29a067952a97933.flv	(3, 49)
283043f1c1433d9205416d2922764421d3d7e34e.flv,a257de343d6734f0fc478da98cfedf773ea407a4.mp4	(26, 167)(27, 168)(28, 168)(29, 169)(30, 170)(31, 171)(32, 172)(32, 173)(33, 174)(34, 175)(36, 176)(37, 177)(39, 178)(40, 179)(42, 180)(43, 182)(46, 185)(47, 186)(49, 189)(51, 190)(54, 193)(55, 193)(56, 194)(57, 195)(59, 196)(60, 197)(61, 198)(62, 198)(67, 210)(68, 211)
283043f1c1433d9205416d2922764421d3d7e34e.flv,aba6851ca7f78f3a83216005bef58766e3dfb26d.flv	
283043f1c1433d9205416d2922764421d3d7e34e.flv,db06eed340d0873fc48b2129115f16c79c48678c.flv	(0, 0)(1, 1)(2, 2)(3, 3)(4, 4)(5, 5)(6, 6)(7, 7)(8, 8)(9, 9)(10, 10)(11, 11)(12, 12)(13, 13)(14, 14)(15, 15)(16, 16)(17, 17)(18, 18)(19, 19)(20, 20)(21, 21)(22, 22)(23, 23)(24, 24)(25, 25)(26, 26)(27, 27)(28, 28)(29, 29)(30, 30)(31, 31)(32, 32)(33, 33)(34, 34)(35, 35)(36, 36)(37, 37)(38, 38)(39, 39)(40, 40)(41, 41)(42, 42)(43, 43)(44, 44)(45, 45)(46, 46)(47, 47)(48, 48)(49, 49)(50, 50)(51, 51)(52, 52)(53, 53)(54, 54)(55, 55)(56, 56)(57, 57)(58, 58)(59, 59)(60, 60)(61, 61)(62, 62)(63, 63)(64, 64)(65, 65)(66, 66)(67, 67)(68, 68)(69, 69)(70, 70)(71, 71)(72, 72)
283043f1c1433d9205416d2922764421d3d7e34e.flv,e7831eba03ee7083a9d547fdde6adadaa05f3eeb.flv	(6, 54)(7, 55)(8, 56)
31a250020d2cd699bc5fc42897f7522043713cf5.flv,31a250020d2cd699bc5fc42897f7522043713cf5.flv	(0, 0)(1, 1)(2, 2)(3, 3)(4, 4)
31a250020d2cd699bc5fc42897f7522043713cf5.flv,5aff6ecadb439bb9c16a215188258f9474052fae.flv	(0, 26)
31a250020d2cd699bc5fc42897f7522043713cf5.flv,694b83f937e8ae9a390c5ed1004d5ef1f8643ae4.flv	
31a250020d2cd699bc5fc42897f7522043713cf5.flv,7033506abf8c15d8f22f26f9ad88dd531cbffb8f.flv	
31a250020d2cd699bc5fc42897f7522043713cf5.flv,704ed7f6755163d92e4344ede58a30e14ceb5ed4.flv	
31a250020d2cd699bc5fc42897f7522043713cf5.flv,743b4b30bf4fa11e3231dd0cc319016db1cb5b73.flv	
31a250020d2cd699bc5fc42897f7522043713cf5.flv,7759574accbb8bf3b47365c39f31ba8a728481c4.flv	(3, 3)
31a250020d2cd699bc5fc42897f7522043713cf5.flv,81898f5820b268138f9c80284d0118105ffc3712.flv	
31a250020d2cd699bc5fc42897f7522043713cf5.flv,8bb9090a95a07edf2fd021d64335bf7b4f428eb2.flv	
31a250020d2cd699bc5fc42897f7522043713cf5.flv,952cdd6aa1a8c2f63f9900960b3e18ffb217b97f.flv	
31a250020d2cd699bc5fc42897f7522043713cf5.flv,96642d7998cdd226b395153b7d8f3d36655c0176.flv	
31a250020d2cd699bc5fc42897f7522043713cf5.flv,9f3d3762943c662470d78368a29a067952a97933.flv	
31a250020d2cd699bc5fc42897f7522043713cf5.flv,a257de343d6734f0fc478da98cfedf773ea407a4.mp4	
31a250020d2cd699bc5fc42897f7522043713cf5.flv,aa314017a4a18f05208d8702c27d16d57df3f55f.mp4	(4, 2)
31a250020d2cd699bc5fc42897f7522043713cf5.flv,aba6851ca7f78f3a83216005bef58766e3dfb26d.flv	
31a250020d2cd699bc5fc42897f7522043713cf5.flv,e7831eba03ee7083a9d547fdde6adadaa05f3eeb.flv	
5aff6ecadb439bb9c16a215188258f9474052fae.flv,5aff6ecadb439bb9c16a215188258f9474052fae.flv	(0, 0)(1, 1)(2, 2)(3, 3)(4, 4)(5, 5)(6, 6)(7, 7)(8, 8)(9, 9)(10, 10)(11, 11)(12, 12)(13, 13)(14, 14)(15, 15)(16, 16)(17, 17)(18, 18)(19, 19)(20, 20)(21, 21)(22, 22)(23, 23)(24, 24)(25, 25)(26, 26)(27, 27)(28, 28)(29, 29)(30, 30)(31, 31)(32, 32)(33, 33)(34, 34)(35, 35)(36, 36)(37, 37)(38, 38)(39, 39)(40, 40)(41, 41)(42, 42)(43, 43)(44, 44)(45, 45)(46, 46)(47, 47)(48, 48)(49, 49)(50, 50)(51, 51)(52, 52)(53, 53)(54, 54)(55, 55)(56, 56)(57, 57)(58, 58)(59, 59)(60, 60)(61, 61)(62, 62)(63, 63)(64, 64)(65, 65)(66, 66)(67, 67)(68, 68)(69, 69)(70, 70)(71, 71)(72, 72)(73, 73)(74, 74)(75, 75)(76, 76)(77, 77)(78, 78)(79, 79)(80, 80)(81, 81)(82, 82)(83, 83)(84, 84)(85, 85)(86, 86)(87, 87)(88, 88)(89, 89)(90, 90)(91, 91)(92, 92)(93, 93)(94, 94)(95, 95)(96, 96)(97, 97)(98, 98)(99, 99)(100, 100)(101, 101)(102, 102)(103, 103)(104, 104)(105, 105)(106, 106)(107, 107)(108, 108)(109, 109)(110, 110)(111, 111)(112, 112)(113, 113)(114, 114)(115, 115)(116, 116)(117, 117)(118, 118)(119, 119)(120, 120)(121, 121)(122, 122)(123, 123)(124, 124)(125, 125)(126, 126)(127, 127)(128, 128)(129, 129)(130, 130)(131, 131)(132, 132)(133, 133)(134, 134)(135, 135)(136, 136)(137, 137)(138, 138)(139, 139)(140, 140)(141, 141)(142, 142)(143, 143)(144, 144)(145, 145)(146, 146)(147, 147)(148, 148)(149, 149)(150, 150)(151, 151)(152, 152)(153, 153)(154, 154)(155, 155)(156, 156)(157, 157)(158, 158)
5aff6ecadb439bb9c16a215188258f9474052fae.flv,7759574accbb8bf3b47365c39f31ba8a728481c4.flv	(23, 135)
5aff6ecadb439bb9c16a215188258f9474052fae.flv,bdce7faffa2ce63db64ddab4fa10ac6752079020.flv	(26, 176)(27, 178)
694b83f937e8ae9a390c5ed1004d5ef1f8643ae4.flv,694b83f937e8ae9a390c5ed1004d5ef1f8643ae4.flv	(0, 0)(1, 1)(2, 2)(3, 3)(4, 4)(5, 5)(6, 6)(7, 7)(8, 8)(9, 9)(10, 10)(11, 11)(12, 12)(13, 13)(14, 14)(15, 15)(16, 16)(17, 17)(18, 18)(19, 19)(20, 20)(21, 21)(22, 22)(23, 23)(24, 24)(25, 25)(26, 26)(27, 27)(28, 28)(29, 29)(30, 30)(31, 31)(32, 32)(33, 33)(34, 34)(35, 35)(36, 36)(37, 37)(38, 38)(39, 39)(40, 40)(41, 41)(42, 42)(43, 43)(44, 44)(45, 45)(46, 46)(47, 47)(48, 48)(49, 49)(50, 50)(51, 51)(52, 52)(53, 53)(54, 54)(55, 55)(56, 56)(57, 57)(58, 58)(59, 59)(60, 60)(61, 61)(62, 62)(63, 63)(64, 64)(65, 65)(66, 66)(67, 67)(68, 68)(69, 69)(70, 70)(71, 71)(72, 72)(73, 73)(74, 74)(75, 75)(76, 76)(77, 77)(78, 78)(79, 79)(80, 80)(81, 81)(82, 82)(83, 83)(84, 84)(85, 85)(86, 86)(87, 87)(88, 88)(89, 89)(90, 90)(91, 91)(92, 92)(93, 93)(94, 94)(95, 95)(96, 96)(97, 97)(98, 98)(99, 99)(100, 100)(101, 101)(102, 102)(103, 103)(104, 104)(105, 105)(106, 106)(107, 107)(108, 108)(109, 109)(110, 110)(111, 111)(112, 112)(113, 113)(114, 114)(115, 115)(116, 116)(117, 117)(118, 118)(119, 119)(120, 120)(121, 121)(122, 122)(123, 123)(124, 124)(125, 125)(126, 126)(127, 127)(128, 128)(129, 129)(130, 130)(131, 131)(132, 132)(133, 133)(134, 134)(135, 135)(136, 136)(137, 137)(138, 138)(139, 139)(140, 140)(141, 141)(142, 142)(143, 143)(144, 144)(145, 145)(146, 146)(147, 147)(148, 148)(149, 149)(150, 150)(151, 151)(152, 152)(153, 153)(154, 154)(155, 155)(156, 156)(157, 157)(158, 158)(159, 159)(160, 160)(161, 161)(162, 162)(163, 163)(164, 164)(165, 165)(166, 166)(167, 167)(168, 168)(169, 169)(170, 170)(171, 171)(172, 172)(173, 173)(174, 174)(175, 175)(176, 176)(177, 177)(178, 178)(179, 179)(180, 180)(181, 181)(182, 182)(183, 183)(184, 184)(185, 185)(186, 186)(187, 187)(188, 188)(189, 189)(190, 190)(191, 191)(192, 192)(193, 193)(194, 194)(195, 195)(196, 196)(197, 197)(198, 198)(199, 199)
694b83f937e8ae9a390c5ed1004d5ef1f8643ae4.flv,7033506abf8c15d8f22f26f9ad88dd531cbffb8f.flv	(0, 40)(1, 41)(2, 42)(3, 43)(4, 44)(5, 44)(6, 45)(7, 46)(8, 47)
694b83f937e8ae9a390c5ed1004d5ef1f8643ae4.flv,704ed7f6755163d92e4344ede58a30e14ceb5ed4.flv	(159, 186)(160, 187)(161, 189)(162, 191)(163, 193)
694b83f937e8ae9a390c5ed1004d5ef1f8643ae4.flv,743b4b30bf4fa11e3231dd0cc319016db1cb5b73.flv	
694b83f937e8ae9a390c5ed1004d5ef1f8643ae4.flv,7759574accbb8bf3b47365c39f31ba8a728481c4.flv	(2, 23)(6, 26)(7, 27)(8, 28)
694b83f937e8ae9a390c5ed1004d5ef1f8643ae4.flv,81898f5820b268138f9c80284d0118105ffc3712.flv	(2, 17)
694b83f937e8ae9a390c5ed1004d5ef1f8643ae4.flv,8bb9090a95a07edf2fd021d64335bf7b4f428eb2.flv	(5, 16)(6, 17)(9, 19)(20, 25)(23, 31)(26, 39)
694b83f937e8ae9a390c5ed1004d5ef1f8643ae4.flv,952cdd6aa1a8c2f63f9900960b3e18ffb217b97f.flv	(1, 51)(2, 52)(11, 55)(12, 56)(13, 57)(17, 59)(18, 60)(19, 61)(24, 64)(25, 65)(27, 67)(28, 68)(30, 69)(32, 71)(36, 75)(44, 78)(50, 81)(54, 84)(56, 85)(59, 87)(60, 88)(61, 89)(66, 91)(69, 93)(75, 96)(77, 98)(78, 99)(83, 102)(84, 103)(85, 104)(89, 106)(90, 107)(91, 108)(95, 110)(98, 113)(99, 114)(100, 115)(104, 118)(105, 119)(106, 120)(111, 123)(112, 124)(119, 128)(120, 129)(127, 136)(133, 143)(134, 144)(136, 148)(137, 149)(147, 151)(153, 155)(162, 158)(163, 159)(165, 161)(170, 165)(180, 170)
694b83f937e8ae9a390c5ed1004d5ef1f8643ae4.flv,96642d7998cdd226b395153b7d8f3d36655c0176.flv	(1, 28)(2, 29)(5, 31)(6, 32)(7, 34)(18, 42)(21, 44)(22, 45)(23, 46)(24, 47)(25, 48)(26, 49)(27, 50)(28, 51)(36, 57)(39, 61)(43, 64)(44, 65)(45, 67)(46, 68)(47, 69)(60, 79)(61, 80)(64, 82)(65, 83)(66, 84)(67, 85)(70, 87)(79, 94)(82, 96)(83, 97)(84, 98)(85, 99)(88, 101)(89, 102)(90, 103)(91, 104)(94, 106)(97, 108)(98, 110)(104, 114)(105, 115)(108, 117)(109, 118)(110, 119)(113, 122)(114, 123)(119, 127)(120, 128)(126, 133)(127, 135)(128, 136)(129, 137)
694b83f937e8ae9a390c5ed1004d5ef1f8643ae4.flv,9f3d3762943c662470d78368a29a067952a97933.flv	(6, 22)
694b83f937e8ae9a390c5ed1004d5ef1f8643ae4.flv,9f3d3762943c662470d78368a29a067952a97933.flv	(134, 50)(135, 51)
694b83f937e8ae9a390c5ed1004d5ef1f8643ae4.flv,a257de343d6734f0fc478da98cfedf773ea407a4.mp4	(6, 50)(14, 55)(20, 58)(25, 61)(30, 63)(31, 64)(32, 65)(33, 66)(34, 67)(37, 70)(38, 71)(39, 72)(44, 76)(52, 79)(56, 81)(59, 84)(60, 85)(73, 92)(75, 93)(86, 99)(94, 103)(97, 105)(98, 107)(104, 110)(116, 117)(129, 127)(133, 132)(134, 133)(153, 146)(154, 147)(158, 151)(159, 152)(163, 154)(166, 157)(176, 163)(178, 165)(180, 166)(181, 167)(184, 169)
694b83f937e8ae9a390c5ed1004d5ef1f8643ae4.flv,aba6851ca7f78f3a83216005bef58766e3dfb26d.flv	
694b83f937e8ae9a390c5ed1004d5ef1f8643ae4.flv,db06eed340d0873fc48b2129115f16c79c48678c.flv	(131, 0)(133, 3)(134, 4)(135, 6)(146, 14)(147, 15)(148, 16)(154, 21)(155, 22)(156, 23)(158, 24)(163, 28)(166, 30)(172, 33)(173, 34)(174, 35)(175, 36)(180, 41)(181, 42)
694b83f937e8ae9a390c5ed1004d5ef1f8643ae4.flv,e7831eba03ee7083a9d547fdde6adadaa05f3eeb.flv	(2, 10)(3, 11)(4, 12)(6, 13)(7, 14)(8, 15)(9, 16)(10, 17)(11, 18)(12, 18)(13, 19)(14, 20)
7033506abf8c15d8f22f26f9ad88dd531cbffb8f.flv,7033506abf8c15d8f22f26f9ad88dd531cbffb8f.flv	(0, 0)(1, 1)(2, 2)(3, 3)(4, 4)(5, 5)(6, 6)(7, 7)(8, 8)(9, 9)(10, 10)(11, 11)(12, 12)(13, 13)(14, 14)(15, 15)(16, 16)(17, 17)(18, 18)(19, 19)(20, 20)(21, 21)(22, 22)(23, 23)(24, 24)(25, 25)(26, 26)(27, 27)(28, 28)(29, 29)(30, 30)(31, 31)(32, 32)(33, 33)(34, 34)(35, 35)(36, 36)(37, 37)(38, 38)(39, 39)(40, 40)(41, 41)(42, 42)(43, 43)(44, 44)(45, 45)(46, 46)(47, 47)(48, 48)(49, 49)(50, 50)(51, 51)(52, 52)(53, 53)(54, 54)(55, 55)(56, 56)(57, 57)(58, 58)(59, 59)(60, 60)
7033506abf8c15d8f22f26f9ad88dd531cbffb8f.flv,704ed7f6755163d92e4344ede58a30e14ceb5ed4.flv	(17, 10)(19, 12)(20, 13)(27, 19)(29, 22)(30, 23)(31, 24)(32, 26)(35, 29)(36, 31)(40, 40)
7033506abf8c15d8f22f26f9ad88dd531cbffb8f.flv,743b4b30bf4fa11e3231dd0cc319016db1cb5b73.flv	(17, 11)(18, 12)(20, 13)(25, 18)(27, 20)(28, 22)(29, 23)(32, 27)(35, 30)(36, 31)(54, 44)
7033506abf8c15d8f22f26f9ad88dd531cbffb8f.flv,7759574accbb8bf3b47365c39f31ba8a728481c4.flv	(40, 21)(44, 25)(45, 26)
7033506abf8c15d8f22f26f9ad88dd531cbffb8f.flv,81898f5820b268138f9c80284d0118105ffc3712.flv	(49, 21)
7033506abf8c15d8f22f26f9ad88dd531cbffb8f.flv,8bb9090a95a07edf2fd021d64335bf7b4f428eb2.flv	(44, 24)
7033506abf8c15d8f22f26f9ad88dd531cbffb8f.flv,952cdd6aa1a8c2f63f9900960b3e18ffb217b97f.flv	(17, 19)(25, 21)(40, 26)
7033506abf8c15d8f22f26f9ad88dd531cbffb8f.flv,96642d7998cdd226b395153b7d8f3d36655c0176.flv	(50, 63)(52, 72)(53, 75)
7033506abf8c15d8f22f26f9ad88dd531cbffb8f.flv,9f3d3762943c662470d78368a29a067952a97933.flv	(44, 21)
7033506abf8c15d8f22f26f9ad88dd531cbffb8f.flv,a257de343d6734f0fc478da98cfedf773ea407a4.mp4	(20, 22)(21, 24)(28, 27)(32, 29)(37, 32)(39, 33)(45, 36)(47, 37)(52, 39)(54, 40)
7033506abf8c15d8f22f26f9ad88dd531cbffb8f.flv,aa314017a4a18f05208d8702c27d16d57df3f55f.mp4	(27, 7)(28, 8)(29, 9)(30, 10)(31, 11)(32, 12)(36, 14)(37, 15)
7033506abf8c15d8f22f26f9ad88dd531cbffb8f.flv,aba6851ca7f78f3a83216005bef58766e3dfb26d.flv	
7033506abf8c15d8f22f26f9ad88dd531cbffb8f.flv,e7831eba03ee7083a9d547fdde6adadaa05f3eeb.flv	(44, 11)(45, 12)
704ed7f6755163d92e4344ede58a30e14ceb5ed4.flv,704ed7f6755163d92e4344ede58a30e14ceb5ed4.flv	(0, 0)(1, 1)(2, 2)(3, 3)(4, 4)(5, 5)(6, 6)(7, 7)(8, 8)(9, 9)(10, 10)(11, 11)(12, 12)(13, 13)(14, 14)(15, 15)(16, 16)(17, 17)(18, 18)(19, 19)(20, 20)(21, 21)(22, 22)(23, 23)(24, 24)(25, 25)(26, 26)(27, 27)(28, 28)(29, 29)(30, 30)(31, 31)(32, 32)(33, 33)(34, 34)(35, 35)(36, 36)(37, 37)(38, 38)(39, 39)(40, 40)(41, 41)(42, 42)(43, 43)(44, 44)(45, 45)(46, 46)(47, 47)(48, 48)(49, 49)(50, 50)(51, 51)(52, 52)(53, 53)(54, 54)(55, 55)(56, 56)(57, 57)(58, 58)(59, 59)(60, 60)(61, 61)(62, 62)(63, 63)(64, 64)(65, 65)(66, 66)(67, 67)(68, 68)(69, 69)(70, 70)(71, 71)(72, 72)(73, 73)(74, 74)(75, 75)(76, 76)(77, 77)(78, 78)(79, 79)(80, 80)(81, 81)(82, 82)(83, 83)(84, 84)(85, 85)(86, 86)(87, 87)(88, 88)(89, 89)(90, 90)(91, 91)(92, 92)(93, 93)(94, 94)(95, 95)(96, 96)(97, 97)(98, 98)(99, 99)(100, 100)(101, 101)(102, 102)(103, 103)(104, 104)(105, 105)(106, 106)(107, 107)(108, 108)(109, 109)(110, 110)(111, 111)(112, 112)(113, 113)(114, 114)(115, 115)(116, 116)(117, 117)(118, 118)(119, 119)(120, 120)(121, 121)(122, 122)(123, 123)(124, 124)(125, 125)(126, 126)(127, 127)(128, 128)(129, 129)(130, 130)(131, 131)(132, 132)(133, 133)(134, 134)(135, 135)(136, 136)(137, 137)(138, 138)(139, 139)(140, 140)(141, 141)(142, 142)(143, 143)(144, 144)(145, 145)(146, 146)(147, 147)(148, 148)(149, 149)(150, 150)(151, 151)(152, 152)(153, 153)(154, 154)(155, 155)(156, 156)(157, 157)(158, 158)(159, 159)(160, 160)(161, 161)(162, 162)(163, 163)(164, 164)(165, 165)(166, 166)(167, 167)(168, 168)(169, 169)(170, 170)(171, 171)(172, 172)(173, 173)(174, 174)(175, 175)(176, 176)(177, 177)(178, 178)(179, 179)(180, 180)(181, 181)(182, 182)(183, 183)(184, 184)(185, 185)(186, 186)(187, 187)(188, 188)(189, 189)(190, 190)(191, 191)(192, 192)(193, 193)
704ed7f6755163d92e4344ede58a30e14ceb5ed4.flv,743b4b30bf4fa11e3231dd0cc319016db1cb5b73.flv	(10, 11)(11, 12)(13, 13)(14, 15)(22, 22)(24, 25)(25, 26)(27, 28)(28, 29)(29, 30)(32, 33)(33, 34)(36, 37)(37, 38)(38, 39)(40, 40)(41, 41)(42, 42)(43, 43)(44, 44)(45, 46)(46, 47)(47, 48)(48, 49)(50, 50)(51, 52)(52, 53)(53, 54)(54, 55)(55, 56)(56, 57)(57, 58)(58, 59)(59, 60)(60, 61)(61, 62)(62, 63)(63, 64)(64, 65)(65, 66)(66, 67)(67, 68)(68, 69)(69, 70)(70, 71)(71, 72)(72, 73)(73, 74)(75, 76)(76, 77)(79, 79)(80, 80)(81, 82)(83, 83)(84, 85)(85, 86)(86, 87)(87, 88)(88, 89)(91, 92)(92, 93)(93, 94)(94, 95)(95, 96)(96, 97)(97, 98)(98, 99)(99, 100)(100, 101)(101, 102)(102, 103)(103, 104)(104, 105)(105, 106)(106, 107)(107, 108)(108, 109)(109, 110)(110, 111)(111, 112)(112, 113)(113, 114)(115, 115)(116, 117)(119, 119)(122, 123)(123, 124)(124, 125)(125, 126)(126, 127)(127, 128)(128, 129)(129, 130)(130, 131)(131, 132)(132, 133)(134, 134)(136, 136)(137, 138)(138, 139)(139, 140)(140, 141)(141, 142)(142, 143)(143, 144)(144, 145)(145, 146)(146, 147)(148, 149)(149, 150)(151, 152)(152, 153)(153, 154)(154, 155)(155, 156)(156, 157)(157, 158)(160, 161)(161, 162)(162, 163)(163, 164)(164, 165)(165, 166)(166, 167)(167, 168)(168, 169)(169, 170)(170, 171)(171, 172)(172, 173)(173, 174)(174, 175)(175, 176)(176, 177)(177, 178)(178, 179)(180, 180)(181, 181)(183, 184)(184, 185)(186, 186)(187, 188)(188, 189)(189, 190)(190, 191)(191, 192)
704ed7f6755163d92e4344ede58a30e14ceb5ed4.flv,7759574accbb8bf3b47365c39f31ba8a728481c4.flv	(47, 21)(48, 22)(52, 26)(53, 27)(55, 28)
704ed7f6755163d92e4344ede58a30e14ceb5ed4.flv,81898f5820b268138f9c80284d0118105ffc3712.flv	(13, 6)(39, 12)(52, 18)(69, 23)(71, 24)(75, 26)(79, 29)(115, 35)(119, 37)(131, 42)(140, 47)(141, 48)(147, 50)(148, 51)(149, 52)(150, 53)(160, 56)(164, 58)(166, 59)(180, 62)
704ed7f6755163d92e4344ede58a30e14ceb5ed4.flv,8bb9090a95a07edf2fd021d64335bf7b4f428eb2.flv	(10, 11)(13, 13)(14, 14)(16, 15)
704ed7f6755163d92e4344ede58a30e14ceb5ed4.flv,952cdd6aa1a8c2f63f9900960b3e18ffb217b97f.flv	(11, 22)(13, 24)(16, 25)(18, 27)(24, 33)(27, 35)(31, 37)(33, 38)(34, 39)(35, 40)(37, 42)(38, 43)(39, 44)(40, 45)(41, 46)(42, 48)(43, 49)(51, 57)(55, 59)(56, 60)(57, 61)(62, 64)(63, 65)(66, 67)(67, 68)(75, 73)(78, 75)(79, 76)(88, 80)(90, 82)(93, 84)(97, 86)(102, 88)(103, 89)(107, 91)(110, 93)(111, 94)(116, 100)(119, 105)(120, 106)(123, 110)(126, 112)(131, 116)(132, 117)(133, 118)(135, 121)(144, 129)(150, 132)(151, 134)(152, 135)(153, 136)(154, 137)(155, 138)(157, 139)(158, 140)(159, 141)(160, 142)(168, 145)(172, 148)(173, 149)
704ed7f6755163d92e4344ede58a30e14ceb5ed4.flv,96642d7998cdd226b395153b7d8f3d36655c0176.flv	(47, 27)(48, 28)(49, 29)(51, 34)(52, 35)
704ed7f6755163d92e4344ede58a30e14ceb5ed4.flv,9f3d3762943c662470d78368a29a067952a97933.flv	(49, 20)
704ed7f6755163d92e4344ede58a30e14ceb5ed4.flv,a257de343d6734f0fc478da98cfedf773ea407a4.mp4	(9, 20)(10, 21)(18, 26)(19, 27)(20, 28)(22, 29)(25, 31)(37, 34)(41, 38)(44, 42)(45, 43)(47, 44)(49, 45)(50, 46)
704ed7f6755163d92e4344ede58a30e14ceb5ed4.flv,a257de343d6734f0fc478da98cfedf773ea407a4.mp4	(186, 167)(191, 170)(193, 172)
704ed7f6755163d92e4344ede58a30e14ceb5ed4.flv,aba6851ca7f78f3a83216005bef58766e3dfb26d.flv	(13, 0)
704ed7f6755163d92e4344ede58a30e14ceb5ed4.flv,aba6851ca7f78f3a83216005bef58766e3dfb26d.flv	(50, 0)
704ed7f6755163d92e4344ede58a30e14ceb5ed4.flv,e7831eba03ee7083a9d547fdde6adadaa05f3eeb.flv	(49, 10)(52, 14)
743b4b30bf4fa11e3231dd0cc319016db1cb5b73.flv,743b4b30bf4fa11e3231dd0cc319016db1cb5b73.flv	(0, 0)(1, 1)(2, 2)(3, 3)(4, 4)(5, 5)(6, 6)(7, 7)(8, 8)(9, 9)(10, 10)(11, 11)(12, 12)(13, 13)(14, 14)(15, 15)(16, 16)(17, 17)(18, 18)(19, 19)(20, 20)(21, 21)(22, 22)(23, 23)(24, 24)(25, 25)(26, 26)(27, 27)(28, 28)(29, 29)(30, 30)(31, 31)(32, 32)(33, 33)(34, 34)(35, 35)(36, 36)(37, 37)(38, 38)(39, 39)(40, 40)(41, 41)(42, 42)(43, 43)(44, 44)(45, 45)(46, 46)(47, 47)(48, 48)(49, 49)(50, 50)(51, 51)(52, 52)(53, 53)(54, 54)(55, 55)(56, 56)(57, 57)(58, 58)(59, 59)(60, 60)(61, 61)(62, 62)(63, 63)(64, 64)(65, 65)(66, 66)(67, 67)(68, 68)(69, 69)(70, 70)(71, 71)(72, 72)(73, 73)(74, 74)(75, 75)(76, 76)(77, 77)(78, 78)(79, 79)(80, 80)(81, 81)(82, 82)(83, 83)(84, 84)(85, 85)(86, 86)(87, 87)(88, 88)(89, 89)(90, 90)(91, 91)(92, 92)(93, 93)(94, 94)(95, 95)(96, 96)(97, 97)(98, 98)(99, 99)(100, 100)(101, 101)(102, 102)(103, 103)(104, 104)(105, 105)(106, 106)(107, 107)(108, 108)(109, 109)(110, 110)(111, 111)(112, 112)(113, 113)(114, 114)(115, 115)(116, 116)(117, 117)(118, 118)(119, 119)(120, 120)(121, 121)(122, 122)(123, 123)(124, 124)(125, 125)(126, 126)(127, 127)(128, 128)(129, 129)(130, 130)(131, 131)(132, 132)(133, 133)(134, 134)(135, 135)(136, 136)(137, 137)(138, 138)(139, 139)(140, 140)(141, 141)(142, 142)(143, 143)(144, 144)(145, 145)(146, 146)(147, 147)(148, 148)(149, 149)(150, 150)(151, 151)(152, 152)(153, 153)(154, 154)(155, 155)(156, 156)(157, 157)(158, 158)(159, 159)(160, 160)(161, 161)(162, 162)(163, 163)(164, 164)(165, 165)(166, 166)(167, 167)(168, 168)(169, 169)(170, 170)(171, 171)(172, 172)(173, 173)(174, 174)(175, 175)(176, 176)(177, 177)(178, 178)(179, 179)(180, 180)(181, 181)(182, 182)(183, 183)(184, 184)(185, 185)(186, 186)(187, 187)(188, 188)(189, 189)(190, 190)(191, 191)(192, 192)(193, 193)
743b4b30bf4fa11e3231dd0cc319016db1cb5b73.flv,7759574accbb8bf3b47365c39f31ba8a728481c4.flv	
743b4b30bf4fa11e3231dd0cc319016db1cb5b73.flv,81898f5820b268138f9c80284d0118105ffc3712.flv	(13, 6)(35, 10)(39, 12)(50, 16)(51, 17)(53, 18)(70, 23)(72, 24)(74, 25)(75, 26)(77, 27)(78, 28)(79, 29)(80, 30)(115, 35)(119, 37)(120, 38)(121, 39)(141, 47)(142, 48)(147, 50)(160, 56)(165, 58)(167, 59)(175, 61)(180, 62)
743b4b30bf4fa11e3231dd0cc319016db1cb5b73.flv,8bb9090a95a07edf2fd021d64335bf7b4f428eb2.flv	(13, 13)(16, 14)
743b4b30bf4fa11e3231dd0cc319016db1cb5b73.flv,952cdd6aa1a8c2f63f9900960b3e18ffb217b97f.flv	(11, 22)(13, 24)(16, 25)(20, 30)(27, 35)(33, 38)(35, 40)(36, 41)(37, 42)(39, 44)(40, 45)(41, 46)(42, 48)(43, 49)(52, 57)(55, 59)(58, 61)(59, 62)(64, 65)(65, 66)(66, 67)(71, 70)(77, 74)(78, 75)(79, 76)(88, 80)(94, 84)(103, 89)(107, 91)(110, 93)(111, 94)(120, 106)(124, 110)(130, 114)(131, 115)(133, 117)(144, 129)(150, 132)(152, 135)(159, 141)(160, 142)(169, 145)(170, 146)(171, 147)(172, 148)(193, 159)
743b4b30bf4fa11e3231dd0cc319016db1cb5b73.flv,96642d7998cdd226b395153b7d8f3d36655c0176.flv	(47, 27)(48, 28)(49, 29)(50, 30)(51, 32)(52, 33)(53, 34)
743b4b30bf4fa11e3231dd0cc319016db1cb5b73.flv,9f3d3762943c662470d78368a29a067952a97933.flv	(48, 19)(49, 20)(53, 24)(56, 26)(57, 27)
743b4b30bf4fa11e3231dd0cc319016db1cb5b73.flv,a257de343d6734f0fc478da98cfedf773ea407a4.mp4	(18, 28)(19, 29)(27, 34)(29, 35)(35, 39)(40, 42)(42, 47)(43, 49)(45, 52)(49, 55)(50, 56)(53, 58)(66, 64)(77, 70)(78, 71)(79, 73)(80, 75)(83, 77)(88, 79)(90, 80)(97, 84)(98, 85)(105, 89)(116, 97)(119, 101)(120, 102)(121, 104)(124, 106)(126, 107)(131, 110)(147, 122)(148, 123)(150, 125)(151, 126)(153, 127)(159, 131)(160, 132)(163, 134)(169, 137)(174, 140)(185, 149)(186, 150)(188, 152)(191, 154)(193, 155)
743b4b30bf4fa11e3231dd0cc319016db1cb5b73.flv,aa314017a4a18f05208d8702c27d16d57df3f55f.mp4	(16, 9)(17, 10)
743b4b30bf4fa11e3231dd0cc319016db1cb5b73.flv,aba6851ca7f78f3a83216005bef58766e3dfb26d.flv	(13, 0)
743b4b30bf4fa11e3231dd0cc319016db1cb5b73.flv,db06eed340d0873fc48b2129115f16c79c48678c.flv	(186, 26)(190, 29)(191, 30)(193, 32)
743b4b30bf4fa11e3231dd0cc319016db1cb5b73.flv,e7831eba03ee7083a9d547fdde6adadaa05f3eeb.flv	(47, 9)(48, 10)(49, 11)(50, 13)(52, 14)(53, 15)(54, 16)(55, 17)(56, 18)
7759574accbb8bf3b47365c39f31ba8a728481c4.flv,7759574accbb8bf3b47365c39f31ba8a728481c4.flv	(0, 0)(1, 1)(2, 2)(3, 3)(4, 4)(5, 5)(6, 6)(7, 7)(8, 8)(9, 9)(10, 10)(11, 11)(12, 12)(13, 13)(14, 14)(15, 15)(16, 16)(17, 17)(18, 18)(19, 19)(20, 20)(21, 21)(22, 22)(23, 23)(24, 24)(25, 25)(26, 26)(27, 27)(28, 28)(29, 29)(30, 30)(31, 31)(32, 32)(33, 33)(34, 34)(35, 35)(36, 36)(37, 37)(38, 38)(39, 39)(40, 40)(41, 41)(42, 42)(43, 43)(44, 44)(45, 45)(46, 46)(47, 47)(48, 48)(49, 49)(50, 50)(51, 51)(52, 52)(53, 53)(54, 54)(55, 55)(56, 56)(57, 57)(58, 58)(59, 59)(60, 60)(61, 61)(62, 62)(63, 63)(64, 64)(65, 65)(66, 66)(67, 67)(68, 68)(69, 69)(70, 70)(71, 71)(72, 72)(73, 73)(74, 74)(75, 75)(76, 76)(77, 77)(78, 78)(79, 79)(80, 80)(81, 81)(82, 82)(83, 83)(84, 84)(85, 85)(86, 86)(87, 87)(88, 88)(89, 89)(90, 90)(91, 91)(92, 92)(93, 93)(94, 94)(95, 95)(96, 96)(97, 97)(98, 98)(99, 99)(100, 100)(101, 101)(102, 102)(103, 103)(104, 104)(105, 105)(106, 106)(107, 107)(108, 108)(109, 109)(110, 110)(111, 111)(112, 112)(113, 113)(114, 114)(115, 115)(116, 116)(117, 117)(118, 118)(119, 119)(120, 120)(121, 121)(122, 122)(123, 123)(124, 124)(125, 125)(126, 126)(127, 127)(128, 128)(129, 129)(130, 130)(131, 131)(132, 132)(133, 133)(134, 134)(135, 135)(136, 136)(137, 137)
7759574accbb8bf3b47365c39f31ba8a728481c4.flv,81898f5820b268138f9c80284d0118105ffc3712.flv	(22, 16)(26, 17)(28, 18)(48, 21)(49, 22)(67, 27)(88, 31)
7759574accbb8bf3b47365c39f31ba8a728481c4.flv,8bb9090a95a07edf2fd021d64335bf7b4f428eb2.flv	(1, 3)(4, 7)
7759574accbb8bf3b47365c39f31ba8a728481c4.flv,952cdd6aa1a8c2f63f9900960b3e18ffb217b97f.flv	(1, 0)
7759574accbb8bf3b47365c39f31ba8a728481c4.flv,952cdd6aa1a8c2f63f9900960b3e18ffb217b97f.flv	(22, 50)(23, 51)(25, 52)(36, 55)(39, 57)(41, 58)(43, 59)(45, 60)(46, 61)(47, 62)(49, 67)(53, 70)(59, 72)(65, 75)(79, 77)(88, 80)(90, 81)(92, 82)(93, 83)(98, 86)(100, 87)(102, 89)(104, 90)(106, 91)(108, 92)(116, 96)(117, 97)(118, 98)(119, 99)(122, 100)(124, 101)(125, 102)(127, 103)
7759574accbb8bf3b47365c39f31ba8a728481c4.flv,96642d7998cdd226b395153b7d8f3d36655c0176.flv	(22, 26)(31, 31)(35, 35)(36, 36)(38, 38)(39, 39)(41, 40)(42, 41)(43, 42)(45, 43)(46, 44)(47, 45)(49, 52)(50, 54)(60, 57)(62, 58)(71, 65)(74, 67)(75, 68)(79, 71)(81, 72)(84, 74)(86, 75)(88, 76)(91, 78)(92, 79)(95, 84)(96, 85)(100, 90)(103, 93)(104, 95)(105, 96)(106, 97)(107, 98)(108, 99)(110, 101)(111, 102)(112, 103)(113, 104)(117, 107)(118, 108)(120, 109)(122, 110)(123, 111)(124, 112)(127, 114)
7759574accbb8bf3b47365c39f31ba8a728481c4.flv,9f3d3762943c662470d78368a29a067952a97933.flv	
7759574accbb8bf3b47365c39f31ba8a728481c4.flv,a257de343d6734f0fc478da98cfedf773ea407a4.mp4	(1, 0)
7759574accbb8bf3b47365c39f31ba8a728481c4.flv,aa314017a4a18f05208d8702c27d16d57df3f55f.mp4	(1, 1)(7, 3)
7759574accbb8bf3b47365c39f31ba8a728481c4.flv,aba6851ca7f78f3a83216005bef58766e3dfb26d.flv	
7759574accbb8bf3b47365c39f31ba8a728481c4.flv,aba6851ca7f78f3a83216005bef58766e3dfb26d.flv	
7759574accbb8bf3b47365c39f31ba8a728481c4.flv,db06eed340d0873fc48b2129115f16c79c48678c.flv	(98, 0)(99, 1)(100, 2)(101, 3)(102, 4)(103, 5)(104, 6)(105, 7)(106, 8)(107, 9)(108, 10)(109, 11)(110, 12)(111, 13)
7759574accbb8bf3b47365c39f31ba8a728481c4.flv,e7831eba03ee7083a9d547fdde6adadaa05f3eeb.flv	(26, 11)(28, 12)
81898f5820b268138f9c80284d0118105ffc3712.flv,81898f5820b268138f9c80284d0118105ffc3712.flv	(0, 0)(1, 1)(2, 2)(3, 3)(4, 4)(5, 5)(6, 6)(7, 7)(8, 8)(9, 9)(10, 10)(11, 11)(12, 12)(13, 13)(14, 14)(15, 15)(16, 16)(17, 17)(18, 18)(19, 19)(20, 20)(21, 21)(22, 22)(23, 23)(24, 24)(25, 25)(26, 26)(27, 27)(28, 28)(29, 29)(30, 30)(31, 31)(32, 32)(33, 33)(34, 34)(35, 35)(36, 36)(37, 37)(38, 38)(39, 39)(40, 40)(41, 41)(42, 42)(43, 43)(44, 44)(45, 45)(46, 46)(47, 47)(48, 48)(49, 49)(50, 50)(51, 51)(52, 52)(53, 53)(54, 54)(55, 55)(56, 56)(57, 57)(58, 58)(59, 59)(60, 60)(61, 61)(62, 62)
81898f5820b268138f9c80284d0118105ffc3712.flv,8bb9090a95a07edf2fd021d64335bf7b4f428eb2.flv	(0, 3)(1, 6)(4, 9)(5, 10)
81898f5820b268138f9c80284d0118105ffc3712.flv,952cdd6aa1a8c2f63f9900960b3e18ffb217b97f.flv	(6, 24)(8, 32)(11, 42)(12, 44)(13, 45)(15, 53)(17, 56)(23, 69)(24, 70)(25, 71)(27, 74)(33, 92)(34, 95)(44, 123)(45, 124)(46, 125)(48, 127)(49, 128)(53, 131)(55, 138)(57, 142)(58, 143)(61, 149)(62, 150)
81898f5820b268138f9c80284d0118105ffc3712.flv,96642d7998cdd226b395153b7d8f3d36655c0176.flv	(6, 7)(7, 11)(8, 13)(10, 24)(11, 25)(17, 52)(18, 53)(20, 56)(25, 63)(26, 65)(28, 69)(38, 121)(42, 133)
81898f5820b268138f9c80284d0118105ffc3712.flv,9f3d3762943c662470d78368a29a067952a97933.flv	(16, 18)(18, 19)(19, 20)(21, 24)(22, 25)(24, 26)
81898f5820b268138f9c80284d0118105ffc3712.flv,a257de343d6734f0fc478da98cfedf773ea407a4.mp4	(6, 25)(8, 32)(11, 41)(16, 56)(17, 57)(18, 58)(19, 59)(22, 65)(23, 66)(26, 69)(29, 73)(35, 96)(44, 116)(45, 117)(49, 120)(50, 122)(51, 123)(52, 124)(57, 133)(59, 135)(61, 140)
81898f5820b268138f9c80284d0118105ffc3712.flv,aa314017a4a18f05208d8702c27d16d57df3f55f.mp4	(0, 1)(3, 2)
81898f5820b268138f9c80284d0118105ffc3712.flv,aba6851ca7f78f3a83216005bef58766e3dfb26d.flv	
81898f5820b268138f9c80284d0118105ffc3712.flv,db06eed340d0873fc48b2129115f16c79c48678c.flv	(62, 23)
81898f5820b268138f9c80284d0118105ffc3712.flv,e7831eba03ee7083a9d547fdde6adadaa05f3eeb.flv	(18, 10)(20, 13)(22, 18)(23, 19)(24, 20)
8bb9090a95a07edf2fd021d64335bf7b4f428eb2.flv,8bb9090a95a07edf2fd021d64335bf7b4f428eb2.flv	(0, 0)(1, 1)(2, 2)(3, 3)(4, 4)(5, 5)(6, 6)(7, 7)(8, 8)(9, 9)(10, 10)(11, 11)(12, 12)(13, 13)(14, 14)(15, 15)(16, 16)(17, 17)(18, 18)(19, 19)(20, 20)(21, 21)(22, 22)(23, 23)(24, 24)(25, 25)(26, 26)(27, 27)(28, 28)(29, 29)(30, 30)(31, 31)(32, 32)(33, 33)(34, 34)(35, 35)(36, 36)(37, 37)(38, 38)(39, 39)(40, 40)(41, 41)(42, 42)(43, 43)(44, 44)(45, 45)(46, 46)(47, 47)(48, 48)(49, 49)(50, 50)(51, 51)(52, 52)(53, 53)(54, 54)(55, 55)(56, 56)(57, 57)(58, 58)(59, 59)(60, 60)(61, 61)(62, 62)(63, 63)(64, 64)(65, 65)(66, 66)(67, 67)(68, 68)(69, 69)(70, 70)(71, 71)(72, 72)(73, 73)(74, 74)(75, 75)(76, 76)(77, 77)(78, 78)(79, 79)(80, 80)(81, 81)(82, 82)(83, 83)(84, 84)(85, 85)(86, 86)(87, 87)(88, 88)(89, 89)(90, 90)(91, 91)(92, 92)(93, 93)(94, 94)(95, 95)(96, 96)(97, 97)(98, 98)(99, 99)(100, 100)(101, 101)(102, 102)(103, 103)(104, 104)(105, 105)(106, 106)(107, 107)(108, 108)(109, 109)(110, 110)(111, 111)(112, 112)(113, 113)(114, 114)(115, 115)(116, 116)(117, 117)(118, 118)(119, 119)(120, 120)(121, 121)(122, 122)(123, 123)(124, 124)(125, 125)(126, 126)(127, 127)(128, 128)(129, 129)(130, 130)(131, 131)(132, 132)(133, 133)(134, 134)(135, 135)(136, 136)(137, 137)(138, 138)(139, 139)(140, 140)(141, 141)(142, 142)(143, 143)(144, 144)(145, 145)(146, 146)(147, 147)(148, 148)(149, 149)(150, 150)(151, 151)(152, 152)(153, 153)(154, 154)(155, 155)(156, 156)(157, 157)(158, 158)(159, 159)(160, 160)(161, 161)(162, 162)(163, 163)(164, 164)(165, 165)(166, 166)(167, 167)(168, 168)(169, 169)(170, 170)(171, 171)(172, 172)(173, 173)(174, 174)(175, 175)(176, 176)(177, 177)(178, 178)(179, 179)(180, 180)(181, 181)(182, 182)(183, 183)(184, 184)(185, 185)(186, 186)(187, 187)(188, 188)(189, 189)(190, 190)(191, 191)(192, 192)(193, 193)(194, 194)(195, 195)(196, 196)(197, 197)(198, 198)(199, 199)(200, 200)(201, 201)(202, 202)(203, 203)(204, 204)(205, 205)(206, 206)(207, 207)(208, 208)(209, 209)(210, 210)
8bb9090a95a07edf2fd021d64335bf7b4f428eb2.flv,952cdd6aa1a8c2f63f9900960b3e18ffb217b97f.flv	(3, 0)(5, 8)(6, 10)(7, 11)(9, 12)(10, 15)
8bb9090a95a07edf2fd021d64335bf7b4f428eb2.flv,96642d7998cdd226b395153b7d8f3d36655c0176.flv	(11, 3)(14, 6)(15, 7)
8bb9090a95a07edf2fd021d64335bf7b4f428eb2.flv,9f3d3762943c662470d78368a29a067952a97933.flv	(3, 0)(4, 1)(9, 3)
8bb9090a95a07edf2fd021d64335bf7b4f428eb2.flv,9f3d3762943c662470d78368a29a067952a97933.flv	(23, 21)(25, 23)
8bb9090a95a07edf2fd021d64335bf7b4f428eb2.flv,a257de343d6734f0fc478da98cfedf773ea407a4.mp4	(3, 0)(5, 5)(7, 8)(9, 11)(10, 13)
8bb9090a95a07edf2fd021d64335bf7b4f428eb2.flv,aa314017a4a18f05208d8702c27d16d57df3f55f.mp4	(3, 1)(10, 3)
8bb9090a95a07edf2fd021d64335bf7b4f428eb2.flv,aa314017a4a18f05208d8702c27d16d57df3f55f.mp4	
8bb9090a95a07edf2fd021d64335bf7b4f428eb2.flv,aba6851ca7f78f3a83216005bef58766e3dfb26d.flv	
8bb9090a95a07edf2fd021d64335bf7b4f428eb2.flv,aba6851ca7f78f3a83216005bef58766e3dfb26d.flv	(11, 0)
8bb9090a95a07edf2fd021d64335bf7b4f428eb2.flv,aba6851ca7f78f3a83216005bef58766e3dfb26d.flv	(25, 0)
8bb9090a95a07edf2fd021d64335bf7b4f428eb2.flv,db06eed340d0873fc48b2129115f16c79c48678c.flv	(82, 21)
8bb9090a95a07edf2fd021d64335bf7b4f428eb2.flv,e7831eba03ee7083a9d547fdde6adadaa05f3eeb.flv	(22, 10)(25, 13)(27, 14)(28, 15)(29, 16)(33, 19)(34, 20)(35, 21)
952cdd6aa1a8c2f63f9900960b3e18ffb217b97f.flv,952cdd6aa1a8c2f63f9900960b3e18ffb217b97f.flv	(0, 0)(1, 1)(2, 2)(3, 3)(4, 4)(5, 5)(6, 6)(7, 7)(8, 8)(9, 9)(10, 10)(11, 11)(12, 12)(13, 13)(14, 14)(15, 15)(16, 16)(17, 17)(18, 18)(19, 19)(20, 20)(21, 21)(22, 22)(23, 23)(24, 24)(25, 25)(26, 26)(27, 27)(28, 28)(29, 29)(30, 30)(31, 31)(32, 32)(33, 33)(34, 34)(35, 35)(36, 36)(37, 37)(38, 38)(39, 39)(40, 40)(41, 41)(42, 42)(43, 43)(44, 44)(45, 45)(46, 46)(47, 47)(48, 48)(49, 49)(50, 50)(51, 51)(52, 52)(53, 53)(54, 54)(55, 55)(56, 56)(57, 57)(58, 58)(59, 59)(60, 60)(61, 61)(62, 62)(63, 63)(64, 64)(65, 65)(66, 66)(67, 67)(68, 68)(69, 69)(70, 70)(71, 71)(72, 72)(73, 73)(74, 74)(75, 75)(76, 76)(77, 77)(78, 78)(79, 79)(80, 80)(81, 81)(82, 82)(83, 83)(84, 84)(85, 85)(86, 86)(87, 87)(88, 88)(89, 89)(90, 90)(91, 91)(92, 92)(93, 93)(94, 94)(95, 95)(96, 96)(97, 97)(98, 98)(99, 99)(100, 100)(101, 101)(102, 102)(103, 103)(104, 104)(105, 105)(106, 106)(107, 107)(108, 108)(109, 109)(110, 110)(111, 111)(112, 112)(113, 113)(114, 114)(115, 115)(116, 116)(117, 117)(118, 118)(119, 119)(120, 120)(121, 121)(122, 122)(123, 123)(124, 124)(125, 125)(126, 126)(127, 127)(128, 128)(129, 129)(130, 130)(131, 131)(132, 132)(133, 133)(134, 134)(135, 135)(136, 136)(137, 137)(138, 138)(139, 139)(140, 140)(141, 141)(142, 142)(143, 143)(144, 144)(145, 145)(146, 146)(147, 147)(148, 148)(149, 149)(150, 150)(151, 151)(152, 152)(153, 153)(154, 154)(155, 155)(156, 156)(157, 157)(158, 158)(159, 159)(160, 160)(161, 161)(162, 162)(163, 163)(164, 164)(165, 165)(166, 166)(167, 167)(168, 168)(169, 169)(170, 170)(171, 171)(172, 172)(173, 173)(174, 174)(175, 175)(176, 176)(177, 177)(178, 178)(179, 179)(180, 180)(181, 181)(182, 182)(183, 183)(184, 184)(185, 185)(186, 186)(187, 187)(188, 188)(189, 189)(190, 190)(191, 191)(192, 192)(193, 193)(194, 194)(195, 195)(196, 196)(197, 197)(198, 198)(199, 199)(200, 200)(201, 201)(202, 202)(203, 203)(204, 204)(205, 205)(206, 206)(207, 207)(208, 208)(209, 209)(210, 210)(211, 211)(212, 212)(213, 213)(214, 214)(215, 215)(216, 216)(217, 217)(218, 218)(219, 219)(220, 220)(221, 221)(222, 222)(223, 223)(224, 224)(225, 225)(226, 226)(227, 227)(228, 228)(229, 229)(230, 230)(231, 231)(232, 232)(233, 233)(234, 234)(235, 235)(236, 236)(237, 237)(238, 238)(239, 239)(240, 240)(241, 241)(242, 242)(243, 243)(244, 244)(245, 245)(246, 246)(247, 247)(248, 248)(249, 249)(250, 250)(251, 251)(252, 252)(253, 253)(254, 254)(255, 255)(256, 256)(257, 257)(258, 258)(259, 259)(260, 260)(261, 261)(262, 262)(263, 263)(264, 264)(265, 265)(266, 266)(267, 267)(268, 268)(269, 269)(270, 270)(271, 271)(272, 272)(273, 273)(274, 274)(275, 275)(276, 276)(277, 277)(278, 278)(279, 279)(280, 280)(281, 281)(282, 282)(283, 283)(284, 284)(285, 285)(286, 286)(287, 287)(288, 288)(289, 289)(290, 290)(291, 291)(292, 292)(293, 293)(294, 294)(295, 295)(296, 296)(297, 297)(298, 298)(299, 299)(300, 300)(301, 301)(302, 302)(303, 303)(304, 304)(305, 305)(306, 306)(307, 307)(308, 308)(309, 309)(310, 310)(311, 311)(312, 312)(313, 313)(314, 314)(315, 315)(316, 316)(317, 317)(318, 318)(319, 319)(320, 320)(321, 321)(322, 322)(323, 323)(324, 324)(325, 325)(326, 326)(327, 327)(328, 328)(329, 329)(330, 330)(331, 331)(332, 332)(333, 333)(334, 334)(335, 335)(336, 336)(337, 337)(338, 338)(339, 339)(340, 340)(341, 341)(342, 342)(343, 343)(344, 344)(345, 345)(346, 346)(347, 347)(348, 348)(349, 349)(350, 350)(351, 351)(352, 352)(353, 353)(354, 354)(355, 355)(356, 356)(357, 357)(358, 358)(359, 359)(360, 360)(361, 361)(362, 362)(363, 363)(364, 364)(365, 365)(366, 366)(367, 367)(368, 368)(369, 369)(370, 370)(371, 371)(372, 372)(373, 373)(374, 374)(375, 375)(376, 376)(377, 377)(378, 378)(379, 379)(380, 380)(381, 381)(382, 382)(383, 383)(384, 384)(385, 385)(386, 386)(387, 387)(388, 388)(389, 389)(390, 390)(391, 391)(392, 392)(393, 393)(394, 394)(395, 395)(396, 396)(397, 397)(398, 398)(399, 399)(400, 400)(401, 401)(402, 402)(403, 403)(404, 404)(405, 405)(406, 406)(407, 407)(408, 408)(409, 409)(410, 410)(411, 411)(412, 412)(413, 413)(414, 414)(415, 415)(416, 416)(417, 417)(418, 418)(419, 419)(420, 420)(421, 421)(422, 422)(423, 423)(424, 424)(425, 425)(426, 426)(427, 427)(428, 428)(429, 429)(430, 430)(431, 431)(432, 432)(433, 433)(434, 434)(435, 435)(436, 436)(437, 437)(438, 438)(439, 439)(440, 440)(441, 441)(442, 442)(443, 443)(444, 444)(445, 445)(446, 446)(447, 447)(448, 448)(449, 449)(450, 450)(451, 451)(452, 452)(453, 453)(454, 454)(455, 455)(456, 456)(457, 457)(458, 458)(459, 459)(460, 460)(461, 461)(462, 462)(463, 463)(464, 464)(465, 465)(466, 466)(467, 467)(468, 468)(469, 469)(470, 470)(471, 471)(472, 472)(473, 473)(474, 474)(475, 475)(476, 476)(477, 477)(478, 478)(479, 479)(480, 480)(481, 481)(482, 482)(483, 483)(484, 484)(485, 485)(486, 486)(487, 487)(488, 488)(489, 489)(490, 490)(491, 491)(492, 492)(493, 493)(494, 494)(495, 495)(496, 496)(497, 497)(498, 498)(499, 499)(500, 500)(501, 501)(502, 502)(503, 503)(504, 504)(505, 505)(506, 506)(507, 507)(508, 508)(509, 509)(510, 510)(511, 511)(512, 512)(513, 513)(514, 514)(515, 515)(516, 516)(517, 517)(518, 518)(519, 519)(520, 520)(521, 521)(522, 522)(523, 523)(524, 524)(525, 525)(526, 526)(527, 527)(528, 528)(529, 529)(530, 530)(531, 531)(532, 532)(533, 533)(534, 534)(535, 535)(536, 536)(537, 537)(538, 538)(539, 539)(540, 540)(541, 541)(542, 542)(543, 543)(544, 544)(545, 545)(546, 546)(547, 547)(548, 548)(549, 549)(550, 550)(551, 551)(552, 552)(553, 553)(554, 554)(555, 555)(556, 556)(557, 557)(558, 558)(559, 559)(560, 560)(561, 561)(562, 562)(563, 563)(564, 564)(565, 565)(566, 566)(567, 567)(568, 568)(569, 569)(570, 570)(571, 571)(572, 572)(573, 573)(574, 574)(575, 575)(576, 576)(577, 577)(578, 578)(579, 579)(580, 580)(581, 581)(582, 582)(583, 583)(584, 584)(585, 585)(586, 586)(587, 587)(588, 588)(589, 589)(590, 590)(591, 591)(592, 592)(593, 593)
952cdd6aa1a8c2f63f9900960b3e18ffb217b97f.flv,96642d7998cdd226b395153b7d8f3d36655c0176.flv	(24, 7)(26, 10)(45, 26)(46, 27)(47, 28)(49, 35)(50, 36)(51, 37)(52, 38)(55, 46)(56, 47)(57, 48)(59, 51)(60, 52)(69, 57)(71, 59)(72, 61)(77, 72)(81, 78)(83, 81)(84, 82)(86, 86)(93, 97)(95, 100)(96, 102)(99, 105)(100, 107)(102, 108)(103, 109)(104, 110)(107, 113)(108, 114)(109, 116)(110, 117)(112, 120)(114, 123)(115, 124)(118, 126)(119, 127)(123, 131)(124, 132)
952cdd6aa1a8c2f63f9900960b3e18ffb217b97f.flv,9f3d3762943c662470d78368a29a067952a97933.flv	(51, 20)(52, 21)(53, 23)
952cdd6aa1a8c2f63f9900960b3e18ffb217b97f.flv,a257de343d6734f0fc478da98cfedf773ea407a4.mp4	(19, 17)(22, 22)(24, 25)(26, 28)(28, 29)(30, 30)(32, 32)(34, 33)(35, 34)(37, 37)(39, 38)(45, 42)(46, 44)(48, 47)(50, 49)(52, 50)(54, 54)(56, 56)(58, 57)(60, 59)(62, 60)(63, 61)(67, 63)(69, 65)(74, 69)(79, 77)(80, 78)(85, 81)(86, 83)(87, 84)(89, 86)(90, 87)(91, 88)(94, 91)(98, 94)(100, 96)(102, 97)(104, 98)(107, 101)(109, 102)(111, 104)(112, 105)(114, 107)(116, 108)(118, 109)(119, 110)(120, 111)(122, 112)(123, 113)(125, 115)(126, 116)(131, 121)(132, 122)(135, 124)(137, 125)(138, 126)(139, 127)(141, 128)(142, 129)(147, 135)(149, 136)(158, 151)(161, 153)(163, 154)(164, 155)(168, 161)(169, 162)(172, 168)(173, 169)(175, 171)(176, 172)(180, 175)(181, 176)(183, 178)(185, 179)(186, 180)(188, 182)(190, 183)(193, 185)(195, 186)(196, 187)(198, 189)(203, 197)(205, 200)(209, 202)(210, 203)(211, 204)(214, 205)(216, 206)(218, 207)(219, 208)(221, 209)(222, 210)(223, 211)(225, 212)(228, 214)
952cdd6aa1a8c2f63f9900960b3e18ffb217b97f.flv,aa314017a4a18f05208d8702c27d16d57df3f55f.mp4	
952cdd6aa1a8c2f63f9900960b3e18ffb217b97f.flv,aba6851ca7f78f3a83216005bef58766e3dfb26d.flv	
952cdd6aa1a8c2f63f9900960b3e18ffb217b97f.flv,aba6851ca7f78f3a83216005bef58766e3dfb26d.flv	(53, 0)
952cdd6aa1a8c2f63f9900960b3e18ffb217b97f.flv,aba6851ca7f78f3a83216005bef58766e3dfb26d.flv	
952cdd6aa1a8c2f63f9900960b3e18ffb217b97f.flv,db06eed340d0873fc48b2129115f16c79c48678c.flv	(154, 0)(155, 2)(158, 12)(166, 21)(167, 23)(168, 24)(174, 37)(175, 38)(176, 39)(177, 40)(180, 45)(181, 46)(185, 49)(186, 50)(188, 53)(189, 54)(191, 56)(192, 57)(193, 59)(194, 60)
952cdd6aa1a8c2f63f9900960b3e18ffb217b97f.flv,e7831eba03ee7083a9d547fdde6adadaa05f3eeb.flv	(51, 10)(52, 11)(53, 13)(54, 15)(55, 17)(57, 18)(58, 19)
96642d7998cdd226b395153b7d8f3d36655c0176.flv,96642d7998cdd226b395153b7d8f3d36655c0176.flv	(0, 0)(1, 1)(2, 2)(3, 3)(4, 4)(5, 5)(6, 6)(7, 7)(8, 8)(9, 9)(10, 10)(11, 11)(12, 12)(13, 13)(14, 14)(15, 15)(16, 16)(17, 17)(18, 18)(19, 19)(20, 20)(21, 21)(22, 22)(23, 23)(24, 24)(25, 25)(26, 26)(27, 27)(28, 28)(29, 29)(30, 30)(31, 31)(32, 32)(33, 33)(34, 34)(35, 35)(36, 36)(37, 37)(38, 38)(39, 39)(40, 40)(41, 41)(42, 42)(43, 43)(44, 44)(45, 45)(46, 46)(47, 47)(48, 48)(49, 49)(50, 50)(51, 51)(52, 52)(53, 53)(54, 54)(55, 55)(56, 56)(57, 57)(58, 58)(59, 59)(60, 60)(61, 61)(62, 62)(63, 63)(64, 64)(65, 65)(66, 66)(67, 67)(68, 68)(69, 69)(70, 70)(71, 71)(72, 72)(73, 73)(74, 74)(75, 75)(76, 76)(77, 77)(78, 78)(79, 79)(80, 80)(81, 81)(82, 82)(83, 83)(84, 84)(85, 85)(86, 86)(87, 87)(88, 88)(89, 89)(90, 90)(91, 91)(92, 92)(93, 93)(94, 94)(95, 95)(96, 96)(97, 97)(98, 98)(99, 99)(100, 100)(101, 101)(102, 102)(103, 103)(104, 104)(105, 105)(106, 106)(107, 107)(108, 108)(109, 109)(110, 110)(111, 111)(112, 112)(113, 113)(114, 114)(115, 115)(116, 116)(117, 117)(118, 118)(119, 119)(120, 120)(121, 121)(122, 122)(123, 123)(124, 124)(125, 125)(126, 126)(127, 127)(128, 128)(129, 129)(130, 130)(131, 131)(132, 132)(133, 133)(134, 134)(135, 135)(136, 136)(137, 137)(138, 138)
96642d7998cdd226b395153b7d8f3d36655c0176.flv,9f3d3762943c662470d78368a29a067952a97933.flv	(4, 8)(7, 9)(9, 11)(12, 14)(13, 15)(18, 18)(21, 19)(22, 20)(23, 21)(27, 28)(30, 29)(31, 30)(33, 31)(34, 32)(37, 34)(40, 35)(42, 36)
96642d7998cdd226b395153b7d8f3d36655c0176.flv,a257de343d6734f0fc478da98cfedf773ea407a4.mp4	(6, 22)(10, 26)(11, 27)(20, 33)(22, 34)(25, 38)(35, 45)
96642d7998cdd226b395153b7d8f3d36655c0176.flv,aa314017a4a18f05208d8702c27d16d57df3f55f.mp4	(10, 6)(11, 7)(12, 9)
96642d7998cdd226b395153b7d8f3d36655c0176.flv,aba6851ca7f78f3a83216005bef58766e3dfb26d.flv	(3, 0)
96642d7998cdd226b395153b7d8f3d36655c0176.flv,aba6851ca7f78f3a83216005bef58766e3dfb26d.flv	
96642d7998cdd226b395153b7d8f3d36655c0176.flv,e7831eba03ee7083a9d547fdde6adadaa05f3eeb.flv	(30, 11)(31, 12)(35, 14)
9f3d3762943c662470d78368a29a067952a97933.flv,9f3d3762943c662470d78368a29a067952a97933.flv	(0, 0)(1, 1)(2, 2)(3, 3)(4, 4)(5, 5)(6, 6)(7, 7)(8, 8)(9, 9)(10, 10)(11, 11)(12, 12)(13, 13)(14, 14)(15, 15)(16, 16)(17, 17)(18, 18)(19, 19)(20, 20)(21, 21)(22, 22)(23, 23)(24, 24)(25, 25)(26, 26)(27, 27)(28, 28)(29, 29)(30, 30)(31, 31)(32, 32)(33, 33)(34, 34)(35, 35)(36, 36)(37, 37)(38, 38)(39, 39)(40, 40)(41, 41)(42, 42)(43, 43)(44, 44)(45, 45)(46, 46)(47, 47)(48, 48)(49, 49)(50, 50)(51, 51)(52, 52)(53, 53)(54, 54)(55, 55)(56, 56)(57, 57)(58, 58)(59, 59)(60, 60)(61, 61)(62, 62)(63, 63)(64, 64)(65, 65)(66, 66)(67, 67)(68, 68)(69, 69)(70, 70)(71, 71)(72, 72)(73, 73)(74, 74)(75, 75)(76, 76)(77, 77)(78, 78)(79, 79)(80, 80)(81, 81)(82, 82)(83, 83)(84, 84)(85, 85)(86, 86)(87, 87)(88, 88)(89, 89)(90, 90)(91, 91)(92, 92)(93, 93)(94, 94)(95, 95)(96, 96)(97, 97)(98, 98)(99, 99)(100, 100)(101, 101)(102, 102)(103, 103)(104, 104)(105, 105)(106, 106)(107, 107)(108, 108)(109, 109)(110, 110)(111, 111)(112, 112)(113, 113)(114, 114)(115, 115)(116, 116)(117, 117)(118, 118)(119, 119)(120, 120)(121, 121)(122, 122)(123, 123)(124, 124)(125, 125)(126, 126)(127, 127)(128, 128)(129, 129)
9f3d3762943c662470d78368a29a067952a97933.flv,a257de343d6734f0fc478da98cfedf773ea407a4.mp4	(0, 0)
9f3d3762943c662470d78368a29a067952a97933.flv,aa314017a4a18f05208d8702c27d16d57df3f55f.mp4	
9f3d3762943c662470d78368a29a067952a97933.flv,aba6851ca7f78f3a83216005bef58766e3dfb26d.flv	
9f3d3762943c662470d78368a29a067952a97933.flv,aba6851ca7f78f3a83216005bef58766e3dfb26d.flv	(21, 0)(22, 0)
9f3d3762943c662470d78368a29a067952a97933.flv,aba6851ca7f78f3a83216005bef58766e3dfb26d.flv	(51, 0)
9f3d3762943c662470d78368a29a067952a97933.flv,db06eed340d0873fc48b2129115f16c79c48678c.flv	(51, 4)
9f3d3762943c662470d78368a29a067952a97933.flv,e7831eba03ee7083a9d547fdde6adadaa05f3eeb.flv	(20, 10)(21, 11)(23, 13)
a257de343d6734f0fc478da98cfedf773ea407a4.mp4,a257de343d6734f0fc478da98cfedf773ea407a4.mp4	(0, 0)(1, 1)(2, 2)(3, 3)(4, 4)(5, 5)(6, 6)(7, 7)(8, 8)(9, 9)(10, 10)(11, 11)(12, 12)(13, 13)(14, 14)(15, 15)(16, 16)(17, 17)(18, 18)(19, 19)(20, 20)(21, 21)(22, 22)(23, 23)(24, 24)(25, 25)(26, 26)(27, 27)(28, 28)(29, 29)(30, 30)(31, 31)(32, 32)(33, 33)(34, 34)(35, 35)(36, 36)(37, 37)(38, 38)(39, 39)(40, 40)(41, 41)(42, 42)(43, 43)(44, 44)(45, 45)(46, 46)(47, 47)(48, 48)(49, 49)(50, 50)(51, 51)(52, 52)(53, 53)(54, 54)(55, 55)(56, 56)(57, 57)(58, 58)(59, 59)(60, 60)(61, 61)(62, 62)(63, 63)(64, 64)(65, 65)(66, 66)(67, 67)(68, 68)(69, 69)(70, 70)(71, 71)(72, 72)(73, 73)(74, 74)(75, 75)(76, 76)(77, 77)(78, 78)(79, 79)(80, 80)(81, 81)(82, 82)(83, 83)(84, 84)(85, 85)(86, 86)(87, 87)(88, 88)(89, 89)(90, 90)(91, 91)(92, 92)(93, 93)(94, 94)(95, 95)(96, 96)(97, 97)(98, 98)(99, 99)(100, 100)(101, 101)(102, 102)(103, 103)(104, 104)(105, 105)(106, 106)(107, 107)(108, 108)(109, 109)(110, 110)(111, 111)(112, 112)(113, 113)(114, 114)(115, 115)(116, 116)(117, 117)(118, 118)(119, 119)(120, 120)(121, 121)(122, 122)(123, 123)(124, 124)(125, 125)(126, 126)(127, 127)(128, 128)(129, 129)(130, 130)(131, 131)(132, 132)(133, 133)(134, 134)(135, 135)(136, 136)(137, 137)(138, 138)(139, 139)(140, 140)(141, 141)(142, 142)(143, 143)(144, 144)(145, 145)(146, 146)(147, 147)(148, 148)(149, 149)(150, 150)(151, 151)(152, 152)(153, 153)(154, 154)(155, 155)(156, 156)(157, 157)(158, 158)(159, 159)(160, 160)(161, 161)(162, 162)(163, 163)(164, 164)(165, 165)(166, 166)(167, 167)(168, 168)(169, 169)(170, 170)(171, 171)(172, 172)(173, 173)(174, 174)(175, 175)(176, 176)(177, 177)(178, 178)(179, 179)(180, 180)(181, 181)(182, 182)(183, 183)(184, 184)(185, 185)(186, 186)(187, 187)(188, 188)(189, 189)(190, 190)(191, 191)(192, 192)(193, 193)(194, 194)(195, 195)(196, 196)(197, 197)(198, 198)(199, 199)(200, 200)(201, 201)(202, 202)(203, 203)(204, 204)(205, 205)(206, 206)(207, 207)(208, 208)(209, 209)(210, 210)(211, 211)(212, 212)(213, 213)(214, 214)(215, 215)
a257de343d6734f0fc478da98cfedf773ea407a4.mp4,aa314017a4a18f05208d8702c27d16d57df3f55f.mp4	
a257de343d6734f0fc478da98cfedf773ea407a4.mp4,aa314017a4a18f05208d8702c27d16d57df3f55f.mp4	(25, 6)(28, 8)(29, 9)(30, 11)(32, 14)
a257de343d6734f0fc478da98cfedf773ea407a4.mp4,aba6851ca7f78f3a83216005bef58766e3dfb26d.flv	
a257de343d6734f0fc478da98cfedf773ea407a4.mp4,db06eed340d0873fc48b2129115f16c79c48678c.flv	(166, 24)(168, 25)(169, 26)(170, 27)(171, 28)(172, 29)(174, 30)(179, 33)(180, 34)(181, 35)(182, 36)(183, 37)(184, 38)(185, 39)(186, 40)(187, 41)(188, 42)(191, 44)(194, 46)(195, 47)(200, 50)
a257de343d6734f0fc478da98cfedf773ea407a4.mp4,e7831eba03ee7083a9d547fdde6adadaa05f3eeb.flv	(50, 12)(52, 13)(53, 14)(54, 16)(55, 17)(56, 18)(57, 19)(59, 21)
aa314017a4a18f05208d8702c27d16d57df3f55f.mp4,aa314017a4a18f05208d8702c27d16d57df3f55f.mp4	(0, 0)(1, 1)(2, 2)(3, 3)(4, 4)(5, 5)(6, 6)(7, 7)(8, 8)(9, 9)(10, 10)(11, 11)(12, 12)(13, 13)(14, 14)(15, 15)
aa314017a4a18f05208d8702c27d16d57df3f55f.mp4,aba6851ca7f78f3a83216005bef58766e3dfb26d.flv	(1, 0)
aa314017a4a18f05208d8702c27d16d57df3f55f.mp4,e7831eba03ee7083a9d547fdde6adadaa05f3eeb.flv	(1, 0)(2, 1)(6, 3)(11, 10)
aba6851ca7f78f3a83216005bef58766e3dfb26d.flv,aba6851ca7f78f3a83216005bef58766e3dfb26d.flv	(0, 0)(1, 1)(2, 2)(3, 3)(4, 4)(5, 5)
aba6851ca7f78f3a83216005bef58766e3dfb26d.flv,db06eed340d0873fc48b2129115f16c79c48678c.flv	
aba6851ca7f78f3a83216005bef58766e3dfb26d.flv,e7831eba03ee7083a9d547fdde6adadaa05f3eeb.flv	(0, 3)
aba6851ca7f78f3a83216005bef58766e3dfb26d.flv,e7831eba03ee7083a9d547fdde6adadaa05f3eeb.flv	
bdce7faffa2ce63db64ddab4fa10ac6752079020.flv,bdce7faffa2ce63db64ddab4fa10ac6752079020.flv	(0, 0)(1, 1)(2, 2)(3, 3)(4, 4)(5, 5)(6, 6)(7, 7)(8, 8)(9, 9)(10, 10)(11, 11)(12, 12)(13, 13)(14, 14)(15, 15)(16, 16)(17, 17)(18, 18)(19, 19)(20, 20)(21, 21)(22, 22)(23, 23)(24, 24)(25, 25)(26, 26)(27, 27)(28, 28)(29, 29)(30, 30)(31, 31)(32, 32)(33, 33)(34, 34)(35, 35)(36, 36)(37, 37)(38, 38)(39, 39)(40, 40)(41, 41)(42, 42)(43, 43)(44, 44)(45, 45)(46, 46)(47, 47)(48, 48)(49, 49)(50, 50)(51, 51)(52, 52)(53, 53)(54, 54)(55, 55)(56, 56)(57, 57)(58, 58)(59, 59)(60, 60)(61, 61)(62, 62)(63, 63)(64, 64)(65, 65)(66, 66)(67, 67)(68, 68)(69, 69)(70, 70)(71, 71)(72, 72)(73, 73)(74, 74)(75, 75)(76, 76)(77, 77)(78, 78)(79, 79)(80, 80)(81, 81)(82, 82)(83, 83)(84, 84)(85, 85)(86, 86)(87, 87)(88, 88)(89, 89)(90, 90)(91, 91)(92, 92)(93, 93)(94, 94)(95, 95)(96, 96)(97, 97)(98, 98)(99, 99)(100, 100)(101, 101)(102, 102)(103, 103)(104, 104)(105, 105)(106, 106)(107, 107)(108, 108)(109, 109)(110, 110)(111, 111)(112, 112)(113, 113)(114, 114)(115, 115)(116, 116)(117, 117)(118, 118)(119, 119)(120, 120)(121, 121)(122, 122)(123, 123)(124, 124)(125, 125)(126, 126)(127, 127)(128, 128)(129, 129)(130, 130)(131, 131)(132, 132)(133, 133)(134, 134)(135, 135)(136, 136)(137, 137)(138, 138)(139, 139)(140, 140)(141, 141)(142, 142)(143, 143)(144, 144)(145, 145)(146, 146)(147, 147)(148, 148)(149, 149)(150, 150)(151, 151)(152, 152)(153, 153)(154, 154)(155, 155)(156, 156)(157, 157)(158, 158)(159, 159)(160, 160)(161, 161)(162, 162)(163, 163)(164, 164)(165, 165)(166, 166)(167, 167)(168, 168)(169, 169)(170, 170)(171, 171)(172, 172)(173, 173)(174, 174)(175, 175)(176, 176)(177, 177)(178, 178)(179, 179)(180, 180)(181, 181)(182, 182)(183, 183)(184, 184)(185, 185)(186, 186)(187, 187)(188, 188)(189, 189)(190, 190)(191, 191)(192, 192)(193, 193)(194, 194)(195, 195)(196, 196)(197, 197)(198, 198)(199, 199)(200, 200)(201, 201)(202, 202)(203, 203)(204, 204)(205, 205)(206, 206)(207, 207)(208, 208)(209, 209)(210, 210)(211, 211)(212, 212)(213, 213)(214, 214)(215, 215)(216, 216)(217, 217)(218, 218)(219, 219)(220, 220)(221, 221)(222, 222)(223, 223)(224, 224)(225, 225)(226, 226)(227, 227)(228, 228)(229, 229)(230, 230)(231, 231)(232, 232)(233, 233)(234, 234)(235, 235)(236, 236)(237, 237)(238, 238)(239, 239)(240, 240)(241, 241)(242, 242)(243, 243)(244, 244)(245, 245)(246, 246)(247, 247)(248, 248)(249, 249)(250, 250)(251, 251)(252, 252)(253, 253)(254, 254)(255, 255)(256, 256)(257, 257)(258, 258)(259, 259)(260, 260)(261, 261)(262, 262)(263, 263)(264, 264)(265, 265)(266, 266)(267, 267)(268, 268)(269, 269)(270, 270)(271, 271)(272, 272)(273, 273)(274, 274)(275, 275)(276, 276)(277, 277)(278, 278)(279, 279)(280, 280)(281, 281)(282, 282)(283, 283)(284, 284)(285, 285)(286, 286)(287, 287)(288, 288)(289, 289)(290, 290)(291, 291)(292, 292)(293, 293)(294, 294)(295, 295)(296, 296)(297, 297)(298, 298)(299, 299)(300, 300)(301, 301)(302, 302)(303, 303)(304, 304)(305, 305)(306, 306)(307, 307)(308, 308)(309, 309)(310, 310)(311, 311)(312, 312)(313, 313)(314, 314)(315, 315)(316, 316)(317, 317)(318, 318)(319, 319)(320, 320)(321, 321)(322, 322)(323, 323)(324, 324)(325, 325)(326, 326)(327, 327)(328, 328)
db06eed340d0873fc48b2129115f16c79c48678c.flv,db06eed340d0873fc48b2129115f16c79c48678c.flv	(0, 0)(1, 1)(2, 2)(3, 3)(4, 4)(5, 5)(6, 6)(7, 7)(8, 8)(9, 9)(10, 10)(11, 11)(12, 12)(13, 13)(14, 14)(15, 15)(16, 16)(17, 17)(18, 18)(19, 19)(20, 20)(21, 21)(22, 22)(23, 23)(24, 24)(25, 25)(26, 26)(27, 27)(28, 28)(29, 29)(30, 30)(31, 31)(32, 32)(33, 33)(34, 34)(35, 35)(36, 36)(37, 37)(38, 38)(39, 39)(40, 40)(41, 41)(42, 42)(43, 43)(44, 44)(45, 45)(46, 46)(47, 47)(48, 48)(49, 49)(50, 50)(51, 51)(52, 52)(53, 53)(54, 54)(55, 55)(56, 56)(57, 57)(58, 58)(59, 59)(60, 60)(61, 61)(62, 62)(63, 63)(64, 64)(65, 65)(66, 66)(67, 67)(68, 68)(69, 69)(70, 70)(71, 71)(72, 72)
db06eed340d0873fc48b2129115f16c79c48678c.flv,e7831eba03ee7083a9d547fdde6adadaa05f3eeb.flv	(6, 54)(7, 55)(8, 56)
e7831eba03ee7083a9d547fdde6adadaa05f3eeb.flv,e7831eba03ee7083a9d547fdde6adadaa05f3eeb.flv	(0, 0)(1, 1)(2, 2)(3, 3)(4, 4)(5, 5)(6, 6)(7, 7)(8, 8)(9, 9)(10, 10)(11, 11)(12, 12)(13, 13)(14, 14)(15, 15)(16, 16)(17, 17)(18, 18)(19, 19)(20, 20)(21, 21)(22, 22)(23, 23)(24, 24)(25, 25)(26, 26)(27, 27)(28, 28)(29, 29)(30, 30)(31, 31)(32, 32)(33, 33)(34, 34)(35, 35)(36, 36)(37, 37)(38, 38)(39, 39)(40, 40)(41, 41)(42, 42)(43, 43)(44, 44)(45, 45)(46, 46)(47, 47)(48, 48)(49, 49)(50, 50)(51, 51)(52, 52)(53, 53)(54, 54)(55, 55)(56, 56)(57, 57)(58, 58)(59, 59)(60, 60)(61, 61)(62, 62)(63, 63)(64, 64)(65, 65)(66, 66)(67, 67)(68, 68)(69, 69)(70, 70)(71, 71)(72, 72)(73, 73)(74, 74)(75, 75)(76, 76)(77, 77)(78, 78)(79, 79)(80, 80)(81, 81)(82, 82)(83, 83)(84, 84)(85, 85)(86, 86)(87, 87)(88, 88)(89, 89)(90, 90)(91, 91)(92, 92)(93, 93)(94, 94)(95, 95)(96, 96)(97, 97)(98, 98)(99, 99)(100, 100)(101, 101)(102, 102)(103, 103)(104, 104)(105, 105)(106, 106)(107, 107)(108, 108)(109, 109)(110, 110)(111, 111)(112, 112)(113, 113)(114, 114)(115, 115)(116, 116)(117, 117)(118, 118)(119, 119)(120, 120)(121, 121)(122, 122)(123, 123)(124, 124)(125, 125)(126, 126)
