1e2598afd4d6a8728d6c0076354477db59702a5a.flv,1e2598afd4d6a8728d6c0076354477db59702a5a.flv	(0, 0)(1, 1)(2, 2)(3, 3)(4, 4)(5, 5)(6, 6)(7, 7)(8, 8)(9, 9)(10, 10)(11, 11)(12, 12)(13, 13)(14, 14)(15, 15)(16, 16)(17, 17)(18, 18)(19, 19)(20, 20)(21, 21)(22, 22)(23, 23)(24, 24)(25, 25)(26, 26)(27, 27)(28, 28)(29, 29)(30, 30)(31, 31)(32, 32)(33, 33)(34, 34)(35, 35)(36, 36)(37, 37)(38, 38)(39, 39)(40, 40)(41, 41)(42, 42)(43, 43)(44, 44)(45, 45)(46, 46)(47, 47)(48, 48)(49, 49)(50, 50)(51, 51)(52, 52)(53, 53)(54, 54)(55, 55)(56, 56)(57, 57)(58, 58)(59, 59)(60, 60)(61, 61)(62, 62)(63, 63)(64, 64)(65, 65)(66, 66)(67, 67)(68, 68)(69, 69)(70, 70)(71, 71)(72, 72)(73, 73)(74, 74)(75, 75)(76, 76)(77, 77)(78, 78)(79, 79)(80, 80)(81, 81)(82, 82)(83, 83)(84, 84)(85, 85)(86, 86)(87, 87)(88, 88)(89, 89)(90, 90)(91, 91)(92, 92)(93, 93)(94, 94)(95, 95)(96, 96)(97, 97)(98, 98)(99, 99)(100, 100)(101, 101)(102, 102)(103, 103)(104, 104)(105, 105)(106, 106)(107, 107)(108, 108)(109, 109)(110, 110)(111, 111)(112, 112)(113, 113)(114, 114)(115, 115)(116, 116)(117, 117)(118, 118)(119, 119)(120, 120)(121, 121)(122, 122)(123, 123)(124, 124)(125, 125)(126, 126)(127, 127)(128, 128)(129, 129)(130, 130)(131, 131)(132, 132)(133, 133)(134, 134)(135, 135)(136, 136)(137, 137)(138, 138)(139, 139)(140, 140)(141, 141)(142, 142)(143, 143)(144, 144)(145, 145)(146, 146)(147, 147)(148, 148)(149, 149)(150, 150)(151, 151)(152, 152)(153, 153)(154, 154)(155, 155)(156, 156)(157, 157)(158, 158)
1e2598afd4d6a8728d6c0076354477db59702a5a.flv,436657d23d80e9dbce2df57db62a3b45e05d475e.flv	(40, 0)
1e2598afd4d6a8728d6c0076354477db59702a5a.flv,436657d23d80e9dbce2df57db62a3b45e05d475e.flv	(140, 82)(141, 83)
1e2598afd4d6a8728d6c0076354477db59702a5a.flv,5f8d7efc28c6dd3e20cfd0060177edcb243a0456.flv	
1e2598afd4d6a8728d6c0076354477db59702a5a.flv,5f8d7efc28c6dd3e20cfd0060177edcb243a0456.flv	
1e2598afd4d6a8728d6c0076354477db59702a5a.flv,a62ac3f909e921e2ae89e2ed4c272cfadab838a3.mp4	(0, 0)
1e2598afd4d6a8728d6c0076354477db59702a5a.flv,a62ac3f909e921e2ae89e2ed4c272cfadab838a3.mp4	(3, 1)(4, 2)
1e2598afd4d6a8728d6c0076354477db59702a5a.flv,a62ac3f909e921e2ae89e2ed4c272cfadab838a3.mp4	(47, 46)(48, 47)(49, 48)
1e2598afd4d6a8728d6c0076354477db59702a5a.flv,a62ac3f909e921e2ae89e2ed4c272cfadab838a3.mp4	(58, 104)(59, 105)(60, 106)(61, 107)
1e2598afd4d6a8728d6c0076354477db59702a5a.flv,a62ac3f909e921e2ae89e2ed4c272cfadab838a3.mp4	(65, 25)(66, 26)
1e2598afd4d6a8728d6c0076354477db59702a5a.flv,a62ac3f909e921e2ae89e2ed4c272cfadab838a3.mp4	(90, 35)(91, 37)
1e2598afd4d6a8728d6c0076354477db59702a5a.flv,a62ac3f909e921e2ae89e2ed4c272cfadab838a3.mp4	(111, 64)(112, 64)(113, 65)(114, 66)(115, 66)
1e2598afd4d6a8728d6c0076354477db59702a5a.flv,a62ac3f909e921e2ae89e2ed4c272cfadab838a3.mp4	(127, 114)(128, 115)(129, 116)(130, 117)(131, 118)
1e2598afd4d6a8728d6c0076354477db59702a5a.flv,a62ac3f909e921e2ae89e2ed4c272cfadab838a3.mp4	(132, 142)
1e2598afd4d6a8728d6c0076354477db59702a5a.flv,a62ac3f909e921e2ae89e2ed4c272cfadab838a3.mp4	(133, 147)
2c6e77e63a5b12547ccdd5d0c2a32db71428fc98.flv,2c6e77e63a5b12547ccdd5d0c2a32db71428fc98.flv	(0, 0)(1, 1)(2, 2)(3, 3)(4, 4)(5, 5)(6, 6)(7, 7)(8, 8)(9, 9)(10, 10)(11, 11)(12, 12)(13, 13)(14, 14)(15, 15)(16, 16)(17, 17)(18, 18)(19, 19)(20, 20)(21, 21)(22, 22)(23, 23)(24, 24)(25, 25)(26, 26)(27, 27)(28, 28)(29, 29)(30, 30)(31, 31)(32, 32)(33, 33)(34, 34)(35, 35)(36, 36)(37, 37)(38, 38)(39, 39)(40, 40)(41, 41)(42, 42)(43, 43)(44, 44)(45, 45)(46, 46)(47, 47)(48, 48)(49, 49)(50, 50)(51, 51)(52, 52)(53, 53)(54, 54)(55, 55)(56, 56)(57, 57)(58, 58)(59, 59)(60, 60)(61, 61)(62, 62)(63, 63)(64, 64)(65, 65)(66, 66)(67, 67)(68, 68)(69, 69)(70, 70)(71, 71)(72, 72)(73, 73)(74, 74)(75, 75)(76, 76)(77, 77)(78, 78)(79, 79)(80, 80)(81, 81)(82, 82)(83, 83)(84, 84)(85, 85)(86, 86)(87, 87)(88, 88)(89, 89)(90, 90)(91, 91)(92, 92)(93, 93)(94, 94)(95, 95)(96, 96)(97, 97)(98, 98)(99, 99)(100, 100)(101, 101)(102, 102)(103, 103)(104, 104)(105, 105)(106, 106)(107, 107)(108, 108)(109, 109)(110, 110)(111, 111)(112, 112)(113, 113)(114, 114)(115, 115)(116, 116)(117, 117)(118, 118)(119, 119)(120, 120)(121, 121)(122, 122)(123, 123)(124, 124)(125, 125)(126, 126)(127, 127)(128, 128)(129, 129)(130, 130)(131, 131)(132, 132)(133, 133)(134, 134)(135, 135)(136, 136)(137, 137)(138, 138)(139, 139)(140, 140)(141, 141)(142, 142)(143, 143)(144, 144)(145, 145)(146, 146)(147, 147)(148, 148)(149, 149)(150, 150)(151, 151)(152, 152)(153, 153)(154, 154)(155, 155)(156, 156)(157, 157)(158, 158)(159, 159)(160, 160)(161, 161)(162, 162)(163, 163)(164, 164)(165, 165)(166, 166)(167, 167)(168, 168)(169, 169)(170, 170)(171, 171)(172, 172)(173, 173)(174, 174)(175, 175)(176, 176)(177, 177)(178, 178)(179, 179)(180, 180)(181, 181)(182, 182)(183, 183)(184, 184)(185, 185)(186, 186)(187, 187)(188, 188)(189, 189)(190, 190)(191, 191)(192, 192)(193, 193)(194, 194)(195, 195)(196, 196)(197, 197)(198, 198)(199, 199)(200, 200)(201, 201)(202, 202)(203, 203)(204, 204)(205, 205)(206, 206)(207, 207)(208, 208)(209, 209)(210, 210)(211, 211)(212, 212)(213, 213)(214, 214)(215, 215)(216, 216)(217, 217)(218, 218)(219, 219)(220, 220)(221, 221)(222, 222)(223, 223)(224, 224)(225, 225)(226, 226)(227, 227)(228, 228)(229, 229)(230, 230)(231, 231)(232, 232)(233, 233)(234, 234)(235, 235)(236, 236)(237, 237)(238, 238)(239, 239)(240, 240)(241, 241)(242, 242)(243, 243)(244, 244)(245, 245)(246, 246)(247, 247)(248, 248)(249, 249)(250, 250)(251, 251)(252, 252)(253, 253)(254, 254)(255, 255)(256, 256)(257, 257)(258, 258)(259, 259)(260, 260)(261, 261)(262, 262)(263, 263)(264, 264)(265, 265)(266, 266)(267, 267)(268, 268)(269, 269)(270, 270)(271, 271)(272, 272)(273, 273)(274, 274)(275, 275)(276, 276)(277, 277)(278, 278)(279, 279)(280, 280)(281, 281)(282, 282)(283, 283)(284, 284)(285, 285)(286, 286)(287, 287)(288, 288)(289, 289)(290, 290)(291, 291)(292, 292)(293, 293)(294, 294)(295, 295)(296, 296)(297, 297)(298, 298)(299, 299)(300, 300)(301, 301)(302, 302)(303, 303)(304, 304)(305, 305)(306, 306)(307, 307)(308, 308)(309, 309)(310, 310)(311, 311)(312, 312)(313, 313)(314, 314)(315, 315)(316, 316)(317, 317)(318, 318)(319, 319)(320, 320)(321, 321)(322, 322)(323, 323)(324, 324)(325, 325)(326, 326)(327, 327)(328, 328)(329, 329)(330, 330)(331, 331)(332, 332)(333, 333)(334, 334)(335, 335)(336, 336)(337, 337)(338, 338)(339, 339)(340, 340)(341, 341)(342, 342)(343, 343)(344, 344)(345, 345)(346, 346)(347, 347)(348, 348)(349, 349)(350, 350)(351, 351)(352, 352)(353, 353)(354, 354)(355, 355)(356, 356)(357, 357)(358, 358)(359, 359)(360, 360)(361, 361)(362, 362)(363, 363)(364, 364)(365, 365)(366, 366)(367, 367)(368, 368)(369, 369)(370, 370)(371, 371)(372, 372)(373, 373)(374, 374)(375, 375)(376, 376)(377, 377)(378, 378)(379, 379)(380, 380)(381, 381)(382, 382)(383, 383)(384, 384)(385, 385)(386, 386)(387, 387)(388, 388)(389, 389)(390, 390)(391, 391)(392, 392)(393, 393)(394, 394)(395, 395)(396, 396)(397, 397)(398, 398)(399, 399)(400, 400)(401, 401)(402, 402)(403, 403)(404, 404)(405, 405)(406, 406)
2c6e77e63a5b12547ccdd5d0c2a32db71428fc98.flv,436657d23d80e9dbce2df57db62a3b45e05d475e.flv	(172, 0)(173, 2)(174, 3)(178, 9)(179, 10)(180, 12)(181, 13)(187, 19)(190, 23)(191, 24)(192, 25)(194, 28)(199, 33)(200, 34)(201, 35)(202, 36)(203, 37)(204, 38)(206, 39)(209, 43)(210, 45)(212, 46)(213, 47)(214, 48)(215, 49)(217, 51)(219, 54)(222, 57)(228, 63)(231, 66)(232, 67)(233, 68)(235, 71)(238, 76)(239, 77)(240, 78)(241, 79)(242, 80)(244, 81)(249, 85)(251, 88)(252, 89)(253, 90)(255, 91)(259, 95)(260, 96)(261, 97)(262, 98)(269, 101)(273, 104)(274, 105)(275, 106)(276, 107)(280, 111)(281, 112)(283, 113)(284, 114)(286, 117)(288, 118)(291, 122)(293, 126)(294, 127)(295, 128)(297, 129)(304, 136)(305, 137)(306, 139)(308, 141)(312, 145)(313, 146)(318, 150)(320, 154)(324, 157)(325, 158)(326, 159)(330, 164)(333, 166)(334, 168)(335, 169)(336, 170)(337, 171)(338, 172)(342, 177)(343, 178)(344, 179)(345, 180)
2c6e77e63a5b12547ccdd5d0c2a32db71428fc98.flv,4a84b3090139a049a0dfd9cd4ae6db8b446fec99.flv	(112, 107)(113, 108)(114, 110)(115, 111)(116, 112)(117, 113)(118, 114)(119, 115)
2c6e77e63a5b12547ccdd5d0c2a32db71428fc98.flv,4a84b3090139a049a0dfd9cd4ae6db8b446fec99.flv	(218, 131)(219, 132)(225, 147)(226, 149)
2c6e77e63a5b12547ccdd5d0c2a32db71428fc98.flv,4a84b3090139a049a0dfd9cd4ae6db8b446fec99.flv	(373, 157)(374, 158)(375, 159)(376, 160)(377, 161)(379, 163)(380, 164)(381, 165)(382, 166)(384, 167)
2c6e77e63a5b12547ccdd5d0c2a32db71428fc98.flv,5f8d7efc28c6dd3e20cfd0060177edcb243a0456.flv	(165, 1)(167, 3)(170, 9)(173, 16)(174, 17)(177, 22)(178, 23)(182, 31)(183, 32)(186, 36)(188, 40)(190, 42)(191, 43)(192, 44)(193, 45)(196, 49)(198, 52)(200, 54)(201, 55)(202, 56)(203, 57)(204, 58)(205, 59)(206, 60)(210, 66)(212, 68)(214, 69)(215, 70)(216, 71)(218, 75)(219, 76)(220, 77)(221, 79)(222, 80)(224, 83)(225, 84)(228, 87)(230, 90)(233, 94)(238, 102)(239, 104)(240, 105)(242, 108)(243, 109)(244, 110)(245, 111)(246, 112)(249, 116)(251, 119)(252, 120)(254, 123)(255, 124)(256, 125)(257, 126)(258, 127)(259, 128)(264, 130)(267, 132)(268, 133)(269, 134)(270, 135)(271, 136)(273, 137)(274, 138)(278, 144)(284, 149)(286, 152)(287, 153)(291, 159)(295, 164)(299, 168)(300, 169)(301, 171)(303, 172)(304, 173)(307, 178)(308, 179)(311, 185)(312, 186)(313, 187)(314, 188)(315, 189)(320, 195)(321, 196)(322, 197)(325, 202)(326, 203)(327, 204)(330, 208)(331, 209)(332, 210)(333, 211)(334, 212)(339, 217)
2c6e77e63a5b12547ccdd5d0c2a32db71428fc98.flv,9067be820dde81e11fc69146317995110f408627.flv	(88, 1)(89, 2)(90, 3)(91, 4)(92, 5)(93, 6)(94, 7)(95, 8)(96, 9)(97, 10)(98, 11)
2c6e77e63a5b12547ccdd5d0c2a32db71428fc98.flv,9067be820dde81e11fc69146317995110f408627.flv	(191, 38)(195, 50)
2c6e77e63a5b12547ccdd5d0c2a32db71428fc98.flv,93cad7675cea2f7c761ad9fc2ee72baee61f38e3.flv	(9, 15)(17, 21)(19, 22)(20, 23)
2c6e77e63a5b12547ccdd5d0c2a32db71428fc98.flv,93cad7675cea2f7c761ad9fc2ee72baee61f38e3.flv	(30, 60)(35, 63)
2c6e77e63a5b12547ccdd5d0c2a32db71428fc98.flv,93cad7675cea2f7c761ad9fc2ee72baee61f38e3.flv	(64, 67)(65, 67)(66, 68)
2c6e77e63a5b12547ccdd5d0c2a32db71428fc98.flv,93cad7675cea2f7c761ad9fc2ee72baee61f38e3.flv	(179, 114)(180, 115)(181, 116)(182, 117)(183, 118)
2c6e77e63a5b12547ccdd5d0c2a32db71428fc98.flv,94d686ecfa99d431b9f35e589e601057a2075b8e.flv	(0, 0)(1, 1)(2, 2)(3, 3)(4, 4)(5, 5)(6, 6)(7, 7)(8, 8)(9, 9)(10, 10)(11, 11)(12, 12)(13, 13)(14, 14)(15, 15)(16, 16)(17, 17)(18, 18)(19, 19)(20, 20)(21, 21)(22, 22)(23, 23)(24, 24)(25, 25)(26, 26)(27, 27)(28, 28)(29, 29)(30, 30)(31, 31)(32, 32)(33, 33)(34, 34)(35, 35)(36, 36)(37, 37)(38, 38)(39, 39)(40, 40)(41, 41)(42, 42)(43, 43)(44, 44)(45, 45)(46, 46)(47, 47)(48, 48)(49, 49)(50, 50)(51, 51)(52, 52)(53, 53)(54, 54)(55, 55)(56, 56)(57, 57)(58, 58)(59, 59)(60, 60)(61, 61)(62, 62)(63, 63)(64, 64)(65, 65)(66, 66)(67, 67)(68, 68)(69, 69)(70, 70)(71, 71)(72, 72)(73, 73)(74, 74)(75, 75)(76, 76)(77, 77)(78, 78)(79, 79)(80, 80)(81, 81)(82, 82)(83, 83)(84, 84)(85, 85)(86, 86)(87, 87)(88, 88)(89, 89)(90, 90)(91, 91)(92, 92)(93, 93)(94, 94)(95, 95)(96, 96)(97, 97)(98, 98)(99, 99)(100, 100)(101, 101)(102, 102)(103, 103)(104, 104)(105, 105)(106, 106)(107, 107)(108, 108)(109, 109)(110, 110)(111, 111)(112, 112)(113, 113)(114, 114)(115, 115)(116, 116)(117, 117)(118, 118)(119, 119)(120, 120)(121, 121)(122, 122)(123, 123)(124, 124)(125, 125)(126, 126)(127, 127)(128, 128)(129, 129)(130, 130)(131, 131)(132, 132)(133, 133)(134, 134)(135, 135)(136, 136)(137, 137)(138, 138)(139, 139)(140, 140)(141, 141)(142, 142)(143, 143)(144, 144)(145, 145)(146, 146)(147, 147)(148, 148)(149, 149)(150, 150)(151, 151)(152, 152)(153, 153)(154, 154)(155, 155)(156, 156)(157, 157)(158, 158)(159, 159)(160, 160)(161, 161)(162, 162)(163, 163)(164, 164)(165, 165)(166, 166)(167, 167)(168, 168)(169, 169)(170, 170)(171, 171)(172, 172)(173, 173)(174, 174)(175, 175)(176, 176)(177, 177)(178, 178)(179, 179)(180, 180)(181, 181)(182, 182)(183, 183)(184, 184)(185, 185)(186, 186)(187, 187)(188, 188)(189, 189)(190, 190)(191, 191)(192, 192)(193, 193)(194, 194)(195, 195)(196, 196)(197, 197)(198, 198)(199, 199)(200, 200)(201, 201)(202, 202)(203, 203)(204, 204)(205, 205)(206, 206)(207, 207)(208, 208)(209, 209)(210, 210)(211, 211)(212, 212)(213, 213)(214, 214)(215, 215)(216, 216)(217, 217)(218, 218)(219, 219)(220, 220)(221, 221)(222, 222)(223, 223)(224, 224)(225, 225)(226, 226)(227, 227)(228, 228)(229, 229)(230, 230)(231, 231)(232, 232)(233, 233)(234, 234)(235, 235)(236, 236)(237, 237)(238, 238)(239, 239)(240, 240)(241, 241)(242, 242)(243, 243)(244, 244)(245, 245)(246, 246)(247, 247)(248, 248)(249, 249)(250, 250)(251, 251)(252, 252)(253, 253)(254, 254)(255, 255)(256, 256)(257, 257)(258, 258)(259, 259)(260, 260)(261, 261)(262, 262)(263, 263)(264, 264)(265, 265)(266, 266)(267, 267)(268, 268)(269, 269)(270, 270)(271, 271)(272, 272)(273, 273)(274, 274)(275, 275)(276, 276)(277, 277)(278, 278)(279, 279)(280, 280)(281, 281)(282, 282)(283, 283)(284, 284)(285, 285)(286, 286)(287, 287)(288, 288)(289, 289)(290, 290)(291, 291)(292, 292)(293, 293)(294, 294)(295, 295)(296, 296)(297, 297)(298, 298)(299, 299)(300, 300)(301, 301)(302, 302)(303, 303)(304, 304)(305, 305)(306, 306)(307, 307)(308, 308)(309, 309)(310, 310)(311, 311)(312, 312)(313, 313)(314, 314)(315, 315)(316, 316)(317, 317)(318, 318)(319, 319)(320, 320)(321, 321)(322, 322)(323, 323)(324, 324)(325, 325)(326, 326)(327, 327)(328, 328)(329, 329)(330, 330)(331, 331)(332, 332)(333, 333)(334, 334)(335, 335)(336, 336)(337, 337)(338, 338)(339, 339)(340, 340)(341, 341)(342, 342)(343, 343)(344, 344)(345, 345)(346, 346)(347, 347)(348, 348)(349, 349)(350, 350)(351, 351)(352, 352)(353, 353)(354, 354)(355, 355)(356, 356)(357, 357)(358, 358)(359, 359)(360, 360)(361, 361)(362, 362)(363, 363)(364, 364)(365, 365)(366, 366)(367, 367)(368, 368)(369, 369)(370, 370)(371, 371)(372, 372)(373, 373)(374, 374)(375, 375)(376, 376)(377, 377)(378, 378)(379, 379)(380, 380)(381, 381)(382, 382)(383, 383)(384, 384)(385, 385)(386, 386)(387, 387)(388, 388)(389, 389)(390, 390)(391, 391)(392, 392)(393, 393)(394, 394)(395, 395)(396, 396)(397, 397)(398, 398)(399, 399)(400, 400)(401, 401)(402, 402)(403, 403)(404, 404)(405, 405)(406, 406)
2c6e77e63a5b12547ccdd5d0c2a32db71428fc98.flv,9e94d3404faee3a1e3c78fb33064319511428103.flv	(0, 0)
2c6e77e63a5b12547ccdd5d0c2a32db71428fc98.flv,9e94d3404faee3a1e3c78fb33064319511428103.flv	(65, 98)(67, 99)(68, 100)(69, 101)(70, 102)(71, 104)(72, 105)(73, 106)(74, 107)(75, 108)(76, 109)(77, 110)(78, 111)(79, 112)(80, 113)(81, 115)(82, 117)(83, 118)(84, 119)(85, 120)(87, 121)(88, 122)(89, 123)(90, 124)(91, 125)(92, 126)(93, 127)(94, 128)(95, 129)(96, 130)(97, 131)(98, 132)
2c6e77e63a5b12547ccdd5d0c2a32db71428fc98.flv,9e94d3404faee3a1e3c78fb33064319511428103.flv	(276, 146)(277, 148)(278, 149)(279, 150)(280, 151)
2c6e77e63a5b12547ccdd5d0c2a32db71428fc98.flv,9e94d3404faee3a1e3c78fb33064319511428103.flv	(385, 155)(387, 156)(388, 157)(390, 159)(395, 163)
2c6e77e63a5b12547ccdd5d0c2a32db71428fc98.flv,a62ac3f909e921e2ae89e2ed4c272cfadab838a3.mp4	(27, 19)(28, 20)(29, 21)(30, 22)(38, 28)(42, 32)(45, 34)(46, 35)
2c6e77e63a5b12547ccdd5d0c2a32db71428fc98.flv,a62ac3f909e921e2ae89e2ed4c272cfadab838a3.mp4	(63, 45)(64, 45)(65, 46)(66, 47)(67, 48)(68, 49)(69, 50)(70, 50)(71, 51)(71, 52)(72, 53)(73, 54)(74, 55)(75, 55)(76, 56)(77, 57)(78, 58)(79, 59)(80, 60)(81, 62)(82, 63)(83, 64)(84, 65)(85, 66)(86, 66)(87, 67)(88, 68)(89, 69)(90, 70)(91, 71)(92, 71)(93, 72)(94, 73)(95, 74)(96, 75)(97, 76)(98, 76)
2c6e77e63a5b12547ccdd5d0c2a32db71428fc98.flv,a62ac3f909e921e2ae89e2ed4c272cfadab838a3.mp4	(99, 133)(100, 134)(102, 135)(103, 136)(104, 137)(106, 139)(107, 141)(108, 142)(110, 143)
2c6e77e63a5b12547ccdd5d0c2a32db71428fc98.flv,a62ac3f909e921e2ae89e2ed4c272cfadab838a3.mp4	(112, 152)(114, 154)(115, 155)(116, 156)(117, 157)(119, 158)
2c6e77e63a5b12547ccdd5d0c2a32db71428fc98.flv,c3ca62e39b8118a8773999ca5ed4757784032371.flv	(63, 4)(64, 5)(65, 6)(66, 7)(67, 8)(68, 9)(69, 10)(70, 11)(72, 14)(73, 15)(74, 16)(75, 17)(83, 28)(86, 31)(87, 32)(88, 33)(89, 34)(90, 35)(91, 36)(92, 37)(93, 38)(94, 39)(95, 40)(96, 41)(97, 42)(98, 43)
2c6e77e63a5b12547ccdd5d0c2a32db71428fc98.flv,c3ca62e39b8118a8773999ca5ed4757784032371.flv	(99, 113)(100, 114)(101, 115)(102, 116)(103, 117)(107, 123)(108, 124)(109, 125)(110, 126)
2c6e77e63a5b12547ccdd5d0c2a32db71428fc98.flv,c3ca62e39b8118a8773999ca5ed4757784032371.flv	(112, 136)(117, 143)(118, 144)(119, 145)
2c6e77e63a5b12547ccdd5d0c2a32db71428fc98.flv,cbe5dff0d1f7658b8e37d32ade9fd9b27a9f3fc9.flv	(172, 10)(173, 10)(174, 11)(176, 15)(176, 16)
2c6e77e63a5b12547ccdd5d0c2a32db71428fc98.flv,cbe5dff0d1f7658b8e37d32ade9fd9b27a9f3fc9.flv	(179, 18)(180, 19)(181, 20)(182, 22)(183, 23)(185, 24)
2c6e77e63a5b12547ccdd5d0c2a32db71428fc98.flv,cbe5dff0d1f7658b8e37d32ade9fd9b27a9f3fc9.flv	(197, 26)(200, 28)(201, 29)(204, 31)(205, 32)(209, 36)(210, 37)(211, 38)(214, 40)
2c6e77e63a5b12547ccdd5d0c2a32db71428fc98.flv,cbe5dff0d1f7658b8e37d32ade9fd9b27a9f3fc9.flv	(227, 42)(228, 43)(229, 44)(230, 45)(231, 46)(232, 47)(233, 48)(234, 49)
2c6e77e63a5b12547ccdd5d0c2a32db71428fc98.flv,cbe5dff0d1f7658b8e37d32ade9fd9b27a9f3fc9.flv	(276, 67)(277, 68)(278, 69)(279, 70)(280, 71)
2c6e77e63a5b12547ccdd5d0c2a32db71428fc98.flv,cbe5dff0d1f7658b8e37d32ade9fd9b27a9f3fc9.flv	(339, 95)(340, 96)(345, 100)(346, 101)(348, 103)
2c6e77e63a5b12547ccdd5d0c2a32db71428fc98.flv,cf6db37d583044431cc33c4c723988cb6c5edc46.flv	(274, 3)(275, 4)(277, 6)(280, 8)(281, 9)(282, 10)(283, 11)(286, 14)(290, 17)(295, 21)(298, 23)(300, 24)(301, 26)(306, 29)(309, 32)(310, 34)(313, 36)(314, 37)(325, 44)(328, 46)(329, 47)(333, 49)(341, 56)(342, 57)(343, 58)(345, 60)(346, 61)(347, 62)(348, 64)
2c6e77e63a5b12547ccdd5d0c2a32db71428fc98.flv,cf6db37d583044431cc33c4c723988cb6c5edc46.flv	(349, 70)(350, 71)(352, 72)(353, 73)(355, 75)(356, 76)(370, 88)(372, 90)(373, 91)(374, 92)(375, 93)(380, 98)(384, 101)(385, 103)(387, 104)(394, 108)(396, 110)(397, 111)(398, 113)(399, 115)(400, 116)(402, 117)(403, 118)(405, 123)
2c6e77e63a5b12547ccdd5d0c2a32db71428fc98.flv,fa89363182761c182136f54fc7650930265a5bb4.flv	(63, 29)(64, 30)(68, 34)(69, 35)(70, 36)(71, 37)(74, 40)(75, 41)(76, 42)(77, 43)(79, 45)(80, 46)(83, 50)(84, 51)(85, 52)(86, 53)(87, 54)(88, 55)(90, 57)(91, 58)(92, 59)(93, 60)(95, 61)(97, 63)(98, 64)
2c6e77e63a5b12547ccdd5d0c2a32db71428fc98.flv,fa89363182761c182136f54fc7650930265a5bb4.flv	(99, 120)(100, 121)(101, 121)(102, 122)(103, 123)(105, 124)(107, 127)(108, 128)(109, 129)(110, 130)
2c6e77e63a5b12547ccdd5d0c2a32db71428fc98.flv,fa89363182761c182136f54fc7650930265a5bb4.flv	(112, 139)(113, 140)(114, 142)(115, 142)(116, 143)(117, 144)(118, 145)(119, 146)
436657d23d80e9dbce2df57db62a3b45e05d475e.flv,436657d23d80e9dbce2df57db62a3b45e05d475e.flv	(0, 0)(1, 1)(2, 2)(3, 3)(4, 4)(5, 5)(6, 6)(7, 7)(8, 8)(9, 9)(10, 10)(11, 11)(12, 12)(13, 13)(14, 14)(15, 15)(16, 16)(17, 17)(18, 18)(19, 19)(20, 20)(21, 21)(22, 22)(23, 23)(24, 24)(25, 25)(26, 26)(27, 27)(28, 28)(29, 29)(30, 30)(31, 31)(32, 32)(33, 33)(34, 34)(35, 35)(36, 36)(37, 37)(38, 38)(39, 39)(40, 40)(41, 41)(42, 42)(43, 43)(44, 44)(45, 45)(46, 46)(47, 47)(48, 48)(49, 49)(50, 50)(51, 51)(52, 52)(53, 53)(54, 54)(55, 55)(56, 56)(57, 57)(58, 58)(59, 59)(60, 60)(61, 61)(62, 62)(63, 63)(64, 64)(65, 65)(66, 66)(67, 67)(68, 68)(69, 69)(70, 70)(71, 71)(72, 72)(73, 73)(74, 74)(75, 75)(76, 76)(77, 77)(78, 78)(79, 79)(80, 80)(81, 81)(82, 82)(83, 83)(84, 84)(85, 85)(86, 86)(87, 87)(88, 88)(89, 89)(90, 90)(91, 91)(92, 92)(93, 93)(94, 94)(95, 95)(96, 96)(97, 97)(98, 98)(99, 99)(100, 100)(101, 101)(102, 102)(103, 103)(104, 104)(105, 105)(106, 106)(107, 107)(108, 108)(109, 109)(110, 110)(111, 111)(112, 112)(113, 113)(114, 114)(115, 115)(116, 116)(117, 117)(118, 118)(119, 119)(120, 120)(121, 121)(122, 122)(123, 123)(124, 124)(125, 125)(126, 126)(127, 127)(128, 128)(129, 129)(130, 130)(131, 131)(132, 132)(133, 133)(134, 134)(135, 135)(136, 136)(137, 137)(138, 138)(139, 139)(140, 140)(141, 141)(142, 142)(143, 143)(144, 144)(145, 145)(146, 146)(147, 147)(148, 148)(149, 149)(150, 150)(151, 151)(152, 152)(153, 153)(154, 154)(155, 155)(156, 156)(157, 157)(158, 158)(159, 159)(160, 160)(161, 161)(162, 162)(163, 163)(164, 164)(165, 165)(166, 166)(167, 167)(168, 168)(169, 169)(170, 170)(171, 171)(172, 172)(173, 173)(174, 174)(175, 175)(176, 176)(177, 177)(178, 178)(179, 179)(180, 180)
436657d23d80e9dbce2df57db62a3b45e05d475e.flv,4a84b3090139a049a0dfd9cd4ae6db8b446fec99.flv	(46, 125)(47, 126)(48, 127)(49, 128)(51, 130)(52, 131)(53, 132)(55, 133)(56, 135)(57, 136)(58, 137)(59, 139)(60, 140)(61, 141)(62, 142)(63, 143)(64, 144)(65, 145)(66, 146)(67, 147)(68, 148)(69, 149)(71, 150)(72, 152)(73, 153)(74, 154)(75, 155)
436657d23d80e9dbce2df57db62a3b45e05d475e.flv,5f8d7efc28c6dd3e20cfd0060177edcb243a0456.flv	(1, 13)(2, 14)(9, 22)(10, 24)(11, 26)(20, 37)(21, 38)(22, 39)(23, 40)(29, 47)(30, 48)(31, 49)(32, 50)(34, 53)(35, 54)(39, 59)(41, 60)(42, 61)(44, 64)(45, 65)(46, 66)(47, 67)(49, 69)(51, 71)(52, 73)(53, 74)(54, 75)(56, 78)(57, 79)(62, 84)(64, 87)(65, 88)(67, 91)(68, 92)(69, 93)(70, 94)(76, 102)(77, 103)(78, 104)(79, 105)(82, 110)(83, 111)(88, 118)(89, 119)(91, 122)(92, 123)(93, 124)(94, 125)(96, 128)(99, 129)(102, 134)(103, 135)(104, 136)(105, 137)(107, 140)(108, 141)(110, 143)(114, 147)(115, 148)(120, 155)(121, 156)(123, 159)(124, 160)(125, 161)(127, 162)(129, 164)(131, 167)(132, 168)(134, 169)(135, 171)(136, 172)(141, 178)(142, 179)(145, 184)(147, 187)(148, 188)(153, 193)(154, 194)(155, 196)(156, 197)(160, 203)(163, 206)(165, 208)(167, 211)(169, 212)
436657d23d80e9dbce2df57db62a3b45e05d475e.flv,9067be820dde81e11fc69146317995110f408627.flv	(19, 30)(20, 31)(21, 32)(24, 35)(25, 36)(26, 37)(27, 38)(37, 49)(38, 50)(39, 51)(40, 52)(42, 53)(44, 55)(45, 56)
436657d23d80e9dbce2df57db62a3b45e05d475e.flv,93cad7675cea2f7c761ad9fc2ee72baee61f38e3.flv	(33, 116)(66, 124)(71, 126)(80, 128)
436657d23d80e9dbce2df57db62a3b45e05d475e.flv,93cad7675cea2f7c761ad9fc2ee72baee61f38e3.flv	(134, 134)(135, 135)
436657d23d80e9dbce2df57db62a3b45e05d475e.flv,94d686ecfa99d431b9f35e589e601057a2075b8e.flv	(0, 172)(2, 173)(3, 174)(9, 178)(10, 179)(12, 180)(13, 181)(19, 187)(23, 190)(24, 191)(25, 192)(28, 194)(33, 199)(34, 200)(35, 201)(36, 202)(37, 203)(38, 204)(39, 206)(43, 209)(45, 210)(46, 212)(47, 213)(48, 214)(49, 215)(51, 217)(54, 219)(57, 222)(63, 228)(66, 231)(67, 232)(68, 233)(71, 235)(76, 238)(77, 239)(78, 240)(79, 241)(80, 242)(81, 244)(85, 249)(88, 251)(89, 252)(90, 253)(91, 255)(95, 259)(96, 260)(97, 261)(98, 262)(101, 269)(104, 273)(105, 274)(106, 275)(107, 276)(111, 280)(112, 281)(113, 283)(114, 284)(117, 286)(118, 288)(122, 291)(126, 293)(127, 294)(128, 295)(129, 297)(136, 304)(137, 305)(139, 306)(141, 308)(145, 312)(146, 313)(150, 318)(154, 320)(157, 324)(158, 325)(159, 326)(164, 330)(166, 333)(168, 334)(169, 335)(170, 336)(171, 337)(172, 338)(177, 342)(178, 343)(179, 344)(180, 345)
436657d23d80e9dbce2df57db62a3b45e05d475e.flv,9e94d3404faee3a1e3c78fb33064319511428103.flv	(101, 144)(101, 145)
436657d23d80e9dbce2df57db62a3b45e05d475e.flv,9e94d3404faee3a1e3c78fb33064319511428103.flv	(113, 146)(114, 147)(115, 148)(116, 148)(117, 149)(118, 151)
436657d23d80e9dbce2df57db62a3b45e05d475e.flv,b4d71ae78d81a607ddc2951bfd0a2e3ce46e6d91.flv	(0, 155)(2, 156)(3, 157)(4, 159)(5, 160)(6, 161)(7, 162)(8, 163)(10, 164)
436657d23d80e9dbce2df57db62a3b45e05d475e.flv,b4d71ae78d81a607ddc2951bfd0a2e3ce46e6d91.flv	(20, 165)(21, 165)(22, 166)(23, 168)(24, 169)(25, 170)(27, 171)(28, 172)(28, 173)(29, 174)(30, 175)(31, 176)
436657d23d80e9dbce2df57db62a3b45e05d475e.flv,b4d71ae78d81a607ddc2951bfd0a2e3ce46e6d91.flv	(57, 177)(58, 177)(59, 178)(59, 179)(60, 180)(61, 181)(62, 182)
436657d23d80e9dbce2df57db62a3b45e05d475e.flv,cbe5dff0d1f7658b8e37d32ade9fd9b27a9f3fc9.flv	(3, 11)(4, 12)(7, 15)(9, 16)
436657d23d80e9dbce2df57db62a3b45e05d475e.flv,cbe5dff0d1f7658b8e37d32ade9fd9b27a9f3fc9.flv	(10, 18)(11, 19)(12, 20)(12, 21)(13, 22)(14, 23)(16, 24)
436657d23d80e9dbce2df57db62a3b45e05d475e.flv,cbe5dff0d1f7658b8e37d32ade9fd9b27a9f3fc9.flv	(27, 25)(28, 26)(29, 27)(30, 28)(32, 29)(33, 30)(35, 32)(36, 33)(38, 35)(39, 36)(41, 37)(42, 38)(43, 39)(44, 40)
436657d23d80e9dbce2df57db62a3b45e05d475e.flv,cbe5dff0d1f7658b8e37d32ade9fd9b27a9f3fc9.flv	(57, 42)(58, 43)(59, 44)(60, 45)(61, 46)(62, 47)(63, 48)(64, 49)
436657d23d80e9dbce2df57db62a3b45e05d475e.flv,cbe5dff0d1f7658b8e37d32ade9fd9b27a9f3fc9.flv	(113, 67)(122, 70)(146, 82)(155, 86)(158, 88)(164, 91)(174, 96)(175, 97)(176, 98)(178, 99)(180, 100)
436657d23d80e9dbce2df57db62a3b45e05d475e.flv,cf6db37d583044431cc33c4c723988cb6c5edc46.flv	(107, 0)(109, 1)(113, 4)(119, 8)(122, 11)(125, 13)(127, 15)(128, 16)(129, 17)(130, 18)(139, 24)(143, 27)(144, 28)(146, 29)(149, 31)(150, 32)(157, 39)(166, 45)(168, 46)(169, 47)(171, 48)(178, 53)(180, 55)
4a84b3090139a049a0dfd9cd4ae6db8b446fec99.flv,4a84b3090139a049a0dfd9cd4ae6db8b446fec99.flv	(0, 0)(1, 1)(2, 2)(3, 3)(4, 4)(5, 5)(6, 6)(7, 7)(8, 8)(9, 9)(10, 10)(11, 11)(12, 12)(13, 13)(14, 14)(15, 15)(16, 16)(17, 17)(18, 18)(19, 19)(20, 20)(21, 21)(22, 22)(23, 23)(24, 24)(25, 25)(26, 26)(27, 27)(28, 28)(29, 29)(30, 30)(31, 31)(32, 32)(33, 33)(34, 34)(35, 35)(36, 36)(37, 37)(38, 38)(39, 39)(40, 40)(41, 41)(42, 42)(43, 43)(44, 44)(45, 45)(46, 46)(47, 47)(48, 48)(49, 49)(50, 50)(51, 51)(52, 52)(53, 53)(54, 54)(55, 55)(56, 56)(57, 57)(58, 58)(59, 59)(60, 60)(61, 61)(62, 62)(63, 63)(64, 64)(65, 65)(66, 66)(67, 67)(68, 68)(69, 69)(70, 70)(71, 71)(72, 72)(73, 73)(74, 74)(75, 75)(76, 76)(77, 77)(78, 78)(79, 79)(80, 80)(81, 81)(82, 82)(83, 83)(84, 84)(85, 85)(86, 86)(87, 87)(88, 88)(89, 89)(90, 90)(91, 91)(92, 92)(93, 93)(94, 94)(95, 95)(96, 96)(97, 97)(98, 98)(99, 99)(100, 100)(101, 101)(102, 102)(103, 103)(104, 104)(105, 105)(106, 106)(107, 107)(108, 108)(109, 109)(110, 110)(111, 111)(112, 112)(113, 113)(114, 114)(115, 115)(116, 116)(117, 117)(118, 118)(119, 119)(120, 120)(121, 121)(122, 122)(123, 123)(124, 124)(125, 125)(126, 126)(127, 127)(128, 128)(129, 129)(130, 130)(131, 131)(132, 132)(133, 133)(134, 134)(135, 135)(136, 136)(137, 137)(138, 138)(139, 139)(140, 140)(141, 141)(142, 142)(143, 143)(144, 144)(145, 145)(146, 146)(147, 147)(148, 148)(149, 149)(150, 150)(151, 151)(152, 152)(153, 153)(154, 154)(155, 155)(156, 156)(157, 157)(158, 158)(159, 159)(160, 160)(161, 161)(162, 162)(163, 163)(164, 164)(165, 165)(166, 166)(167, 167)(168, 168)(169, 169)(170, 170)
4a84b3090139a049a0dfd9cd4ae6db8b446fec99.flv,5f8d7efc28c6dd3e20cfd0060177edcb243a0456.flv	(135, 129)(153, 212)(155, 216)
4a84b3090139a049a0dfd9cd4ae6db8b446fec99.flv,94d686ecfa99d431b9f35e589e601057a2075b8e.flv	(107, 112)(108, 113)(110, 114)(111, 115)(112, 116)(113, 117)(114, 118)(115, 119)
4a84b3090139a049a0dfd9cd4ae6db8b446fec99.flv,94d686ecfa99d431b9f35e589e601057a2075b8e.flv	(131, 218)(132, 219)(147, 225)(149, 226)
4a84b3090139a049a0dfd9cd4ae6db8b446fec99.flv,94d686ecfa99d431b9f35e589e601057a2075b8e.flv	(157, 373)(158, 374)(159, 375)(160, 376)(161, 377)(163, 379)(164, 380)(165, 381)(166, 382)(167, 384)
4a84b3090139a049a0dfd9cd4ae6db8b446fec99.flv,9e94d3404faee3a1e3c78fb33064319511428103.flv	(3, 48)(4, 49)(5, 50)(6, 51)(7, 52)(8, 53)(9, 54)(10, 55)(11, 56)(12, 57)(13, 58)
4a84b3090139a049a0dfd9cd4ae6db8b446fec99.flv,9e94d3404faee3a1e3c78fb33064319511428103.flv	(33, 27)(34, 28)(35, 29)(36, 30)(37, 31)(38, 32)(38, 33)(39, 34)(40, 34)(41, 35)(42, 37)(43, 38)(46, 40)(47, 41)(48, 42)
4a84b3090139a049a0dfd9cd4ae6db8b446fec99.flv,a62ac3f909e921e2ae89e2ed4c272cfadab838a3.mp4	(101, 144)(101, 145)(102, 146)(103, 147)(104, 148)(105, 149)(106, 150)(107, 151)(108, 152)(109, 153)(110, 154)(111, 155)(112, 156)(114, 157)(115, 158)(116, 159)(117, 160)(118, 161)(119, 162)(120, 162)(121, 163)(122, 164)(123, 166)(124, 167)
4a84b3090139a049a0dfd9cd4ae6db8b446fec99.flv,c3ca62e39b8118a8773999ca5ed4757784032371.flv	(102, 130)(103, 131)(104, 132)(105, 133)(106, 134)(116, 146)(117, 147)(118, 148)(119, 149)(120, 150)(121, 151)(123, 154)(124, 155)
4a84b3090139a049a0dfd9cd4ae6db8b446fec99.flv,cbe5dff0d1f7658b8e37d32ade9fd9b27a9f3fc9.flv	(136, 42)(137, 43)(138, 43)(139, 44)(140, 45)(141, 46)(142, 47)(143, 48)(144, 49)
4a84b3090139a049a0dfd9cd4ae6db8b446fec99.flv,cbe5dff0d1f7658b8e37d32ade9fd9b27a9f3fc9.flv	(157, 117)(159, 119)
4a84b3090139a049a0dfd9cd4ae6db8b446fec99.flv,cbe5dff0d1f7658b8e37d32ade9fd9b27a9f3fc9.flv	(160, 121)(161, 122)(163, 123)(164, 124)(165, 125)(167, 127)
4a84b3090139a049a0dfd9cd4ae6db8b446fec99.flv,cf6db37d583044431cc33c4c723988cb6c5edc46.flv	(157, 94)(159, 96)(160, 97)(161, 98)(163, 99)
4a84b3090139a049a0dfd9cd4ae6db8b446fec99.flv,fa89363182761c182136f54fc7650930265a5bb4.flv	(101, 132)(101, 133)(102, 134)(103, 135)(104, 136)(105, 137)(106, 138)(107, 139)(108, 140)(109, 141)(111, 142)(112, 143)(113, 144)(114, 145)(115, 146)(116, 147)(118, 148)(119, 149)(120, 150)(121, 151)(122, 152)(123, 153)(124, 154)
5f8d7efc28c6dd3e20cfd0060177edcb243a0456.flv,5f8d7efc28c6dd3e20cfd0060177edcb243a0456.flv	(0, 0)(1, 1)(2, 2)(3, 3)(4, 4)(5, 5)(6, 6)(7, 7)(8, 8)(9, 9)(10, 10)(11, 11)(12, 12)(13, 13)(14, 14)(15, 15)(16, 16)(17, 17)(18, 18)(19, 19)(20, 20)(21, 21)(22, 22)(23, 23)(24, 24)(25, 25)(26, 26)(27, 27)(28, 28)(29, 29)(30, 30)(31, 31)(32, 32)(33, 33)(34, 34)(35, 35)(36, 36)(37, 37)(38, 38)(39, 39)(40, 40)(41, 41)(42, 42)(43, 43)(44, 44)(45, 45)(46, 46)(47, 47)(48, 48)(49, 49)(50, 50)(51, 51)(52, 52)(53, 53)(54, 54)(55, 55)(56, 56)(57, 57)(58, 58)(59, 59)(60, 60)(61, 61)(62, 62)(63, 63)(64, 64)(65, 65)(66, 66)(67, 67)(68, 68)(69, 69)(70, 70)(71, 71)(72, 72)(73, 73)(74, 74)(75, 75)(76, 76)(77, 77)(78, 78)(79, 79)(80, 80)(81, 81)(82, 82)(83, 83)(84, 84)(85, 85)(86, 86)(87, 87)(88, 88)(89, 89)(90, 90)(91, 91)(92, 92)(93, 93)(94, 94)(95, 95)(96, 96)(97, 97)(98, 98)(99, 99)(100, 100)(101, 101)(102, 102)(103, 103)(104, 104)(105, 105)(106, 106)(107, 107)(108, 108)(109, 109)(110, 110)(111, 111)(112, 112)(113, 113)(114, 114)(115, 115)(116, 116)(117, 117)(118, 118)(119, 119)(120, 120)(121, 121)(122, 122)(123, 123)(124, 124)(125, 125)(126, 126)(127, 127)(128, 128)(129, 129)(130, 130)(131, 131)(132, 132)(133, 133)(134, 134)(135, 135)(136, 136)(137, 137)(138, 138)(139, 139)(140, 140)(141, 141)(142, 142)(143, 143)(144, 144)(145, 145)(146, 146)(147, 147)(148, 148)(149, 149)(150, 150)(151, 151)(152, 152)(153, 153)(154, 154)(155, 155)(156, 156)(157, 157)(158, 158)(159, 159)(160, 160)(161, 161)(162, 162)(163, 163)(164, 164)(165, 165)(166, 166)(167, 167)(168, 168)(169, 169)(170, 170)(171, 171)(172, 172)(173, 173)(174, 174)(175, 175)(176, 176)(177, 177)(178, 178)(179, 179)(180, 180)(181, 181)(182, 182)(183, 183)(184, 184)(185, 185)(186, 186)(187, 187)(188, 188)(189, 189)(190, 190)(191, 191)(192, 192)(193, 193)(194, 194)(195, 195)(196, 196)(197, 197)(198, 198)(199, 199)(200, 200)(201, 201)(202, 202)(203, 203)(204, 204)(205, 205)(206, 206)(207, 207)(208, 208)(209, 209)(210, 210)(211, 211)(212, 212)(213, 213)(214, 214)(215, 215)(216, 216)(217, 217)
5f8d7efc28c6dd3e20cfd0060177edcb243a0456.flv,9067be820dde81e11fc69146317995110f408627.flv	(34, 30)(36, 31)(40, 33)(42, 35)(43, 36)(48, 39)(50, 40)(51, 41)(53, 42)(54, 43)(56, 45)(57, 46)(59, 47)(60, 48)(66, 51)(67, 52)(69, 53)(70, 54)(74, 56)
5f8d7efc28c6dd3e20cfd0060177edcb243a0456.flv,93cad7675cea2f7c761ad9fc2ee72baee61f38e3.flv	(6, 107)(9, 109)(18, 112)(20, 113)(26, 117)(27, 118)(30, 120)
5f8d7efc28c6dd3e20cfd0060177edcb243a0456.flv,93cad7675cea2f7c761ad9fc2ee72baee61f38e3.flv	(112, 126)(114, 127)
5f8d7efc28c6dd3e20cfd0060177edcb243a0456.flv,93cad7675cea2f7c761ad9fc2ee72baee61f38e3.flv	(166, 134)(168, 135)
5f8d7efc28c6dd3e20cfd0060177edcb243a0456.flv,94d686ecfa99d431b9f35e589e601057a2075b8e.flv	(166, 156)(167, 157)(168, 158)
5f8d7efc28c6dd3e20cfd0060177edcb243a0456.flv,9e94d3404faee3a1e3c78fb33064319511428103.flv	(130, 144)(131, 145)
5f8d7efc28c6dd3e20cfd0060177edcb243a0456.flv,9e94d3404faee3a1e3c78fb33064319511428103.flv	(144, 146)(145, 148)(146, 149)(147, 150)(148, 151)
5f8d7efc28c6dd3e20cfd0060177edcb243a0456.flv,9e94d3404faee3a1e3c78fb33064319511428103.flv	(196, 152)(197, 152)(198, 153)
5f8d7efc28c6dd3e20cfd0060177edcb243a0456.flv,b4d71ae78d81a607ddc2951bfd0a2e3ce46e6d91.flv	(7, 152)(9, 153)(20, 156)(22, 158)(23, 159)(24, 160)(30, 163)
5f8d7efc28c6dd3e20cfd0060177edcb243a0456.flv,b4d71ae78d81a607ddc2951bfd0a2e3ce46e6d91.flv	(37, 165)(38, 166)(39, 167)(40, 169)(41, 170)(42, 171)(44, 172)(45, 173)(46, 175)
5f8d7efc28c6dd3e20cfd0060177edcb243a0456.flv,b4d71ae78d81a607ddc2951bfd0a2e3ce46e6d91.flv	(76, 176)(77, 177)(78, 177)(79, 178)(79, 179)(80, 180)(81, 181)(82, 182)
5f8d7efc28c6dd3e20cfd0060177edcb243a0456.flv,cbe5dff0d1f7658b8e37d32ade9fd9b27a9f3fc9.flv	(20, 11)(22, 12)(24, 13)(26, 14)
5f8d7efc28c6dd3e20cfd0060177edcb243a0456.flv,cbe5dff0d1f7658b8e37d32ade9fd9b27a9f3fc9.flv	(31, 20)
5f8d7efc28c6dd3e20cfd0060177edcb243a0456.flv,cbe5dff0d1f7658b8e37d32ade9fd9b27a9f3fc9.flv	(45, 26)(46, 27)(47, 28)(50, 30)(51, 31)(53, 32)(54, 33)(56, 35)(57, 36)(59, 37)(60, 38)(62, 40)
5f8d7efc28c6dd3e20cfd0060177edcb243a0456.flv,cbe5dff0d1f7658b8e37d32ade9fd9b27a9f3fc9.flv	(77, 42)(78, 43)(79, 44)(80, 45)(81, 46)(82, 47)(83, 48)(84, 49)
5f8d7efc28c6dd3e20cfd0060177edcb243a0456.flv,cbe5dff0d1f7658b8e37d32ade9fd9b27a9f3fc9.flv	(145, 67)(171, 74)(178, 77)(202, 84)(208, 86)(216, 89)
5f8d7efc28c6dd3e20cfd0060177edcb243a0456.flv,cf6db37d583044431cc33c4c723988cb6c5edc46.flv	(137, 0)(143, 3)(144, 4)(145, 5)(153, 9)(154, 10)(161, 14)(162, 15)(178, 26)(190, 31)(191, 32)(196, 37)(202, 40)(203, 41)(206, 42)(208, 43)
9067be820dde81e11fc69146317995110f408627.flv,9067be820dde81e11fc69146317995110f408627.flv	(0, 0)(1, 1)(2, 2)(3, 3)(4, 4)(5, 5)(6, 6)(7, 7)(8, 8)(9, 9)(10, 10)(11, 11)(12, 12)(13, 13)(14, 14)(15, 15)(16, 16)(17, 17)(18, 18)(19, 19)(20, 20)(21, 21)(22, 22)(23, 23)(24, 24)(25, 25)(26, 26)(27, 27)(28, 28)(29, 29)(30, 30)(31, 31)(32, 32)(33, 33)(34, 34)(35, 35)(36, 36)(37, 37)(38, 38)(39, 39)(40, 40)(41, 41)(42, 42)(43, 43)(44, 44)(45, 45)(46, 46)(47, 47)(48, 48)(49, 49)(50, 50)(51, 51)(52, 52)(53, 53)(54, 54)(55, 55)(56, 56)(57, 57)(58, 58)(59, 59)(60, 60)(61, 61)(62, 62)(63, 63)(64, 64)(65, 65)(66, 66)(67, 67)(68, 68)
9067be820dde81e11fc69146317995110f408627.flv,93cad7675cea2f7c761ad9fc2ee72baee61f38e3.flv	(12, 75)(12, 76)(13, 77)(14, 78)
9067be820dde81e11fc69146317995110f408627.flv,94d686ecfa99d431b9f35e589e601057a2075b8e.flv	(1, 88)(2, 89)(3, 90)(4, 91)(5, 92)(6, 93)(7, 94)(8, 95)(9, 96)(10, 97)(11, 98)
9067be820dde81e11fc69146317995110f408627.flv,94d686ecfa99d431b9f35e589e601057a2075b8e.flv	(38, 191)(50, 195)
9067be820dde81e11fc69146317995110f408627.flv,9e94d3404faee3a1e3c78fb33064319511428103.flv	(1, 124)(2, 125)(3, 126)(4, 127)(5, 128)(6, 129)(7, 130)(8, 131)(9, 132)
9067be820dde81e11fc69146317995110f408627.flv,a62ac3f909e921e2ae89e2ed4c272cfadab838a3.mp4	(1, 68)(2, 69)(3, 70)(5, 71)(6, 72)(7, 73)(8, 74)(9, 75)(11, 76)(12, 77)(14, 79)(15, 80)(16, 81)(17, 82)(18, 83)(20, 84)(21, 85)(22, 86)(23, 87)(24, 88)
9067be820dde81e11fc69146317995110f408627.flv,b4d71ae78d81a607ddc2951bfd0a2e3ce46e6d91.flv	(1, 108)(2, 109)(3, 110)(4, 111)(5, 112)(6, 113)(7, 114)(8, 115)(9, 116)(10, 117)(11, 119)(12, 120)(12, 121)(13, 122)(14, 123)(15, 124)(16, 125)(17, 126)(18, 127)(19, 128)(20, 129)(21, 130)(22, 131)(23, 132)(24, 133)
9067be820dde81e11fc69146317995110f408627.flv,b4d71ae78d81a607ddc2951bfd0a2e3ce46e6d91.flv	(32, 165)(33, 166)(34, 167)(35, 168)(36, 169)(37, 170)(38, 171)(39, 172)(40, 173)(41, 174)(42, 175)
9067be820dde81e11fc69146317995110f408627.flv,c3ca62e39b8118a8773999ca5ed4757784032371.flv	(1, 34)(2, 35)(3, 36)(4, 37)(5, 38)(6, 39)(7, 40)(8, 41)(9, 42)(11, 44)(16, 51)(17, 52)(18, 53)(19, 54)(20, 55)(21, 56)(22, 57)(23, 58)(24, 59)
9067be820dde81e11fc69146317995110f408627.flv,cbe5dff0d1f7658b8e37d32ade9fd9b27a9f3fc9.flv	(38, 25)(39, 26)(40, 27)(43, 29)(44, 30)(46, 31)(47, 32)(50, 35)(51, 36)(53, 38)(54, 39)(55, 40)
9067be820dde81e11fc69146317995110f408627.flv,fa89363182761c182136f54fc7650930265a5bb4.flv	(1, 53)(2, 54)(4, 55)(5, 56)(6, 57)(7, 58)(8, 59)(10, 60)(11, 61)(12, 62)(12, 63)(14, 64)(15, 65)(16, 66)(18, 67)(19, 68)(20, 69)(21, 70)(22, 71)(23, 72)
93cad7675cea2f7c761ad9fc2ee72baee61f38e3.flv,93cad7675cea2f7c761ad9fc2ee72baee61f38e3.flv	(0, 0)(1, 1)(2, 2)(3, 3)(4, 4)(5, 5)(6, 6)(7, 7)(8, 8)(9, 9)(10, 10)(11, 11)(12, 12)(13, 13)(14, 14)(15, 15)(16, 16)(17, 17)(18, 18)(19, 19)(20, 20)(21, 21)(22, 22)(23, 23)(24, 24)(25, 25)(26, 26)(27, 27)(28, 28)(29, 29)(30, 30)(31, 31)(32, 32)(33, 33)(34, 34)(35, 35)(36, 36)(37, 37)(38, 38)(39, 39)(40, 40)(41, 41)(42, 42)(43, 43)(44, 44)(45, 45)(46, 46)(47, 47)(48, 48)(49, 49)(50, 50)(51, 51)(52, 52)(53, 53)(54, 54)(55, 55)(56, 56)(57, 57)(58, 58)(59, 59)(60, 60)(61, 61)(62, 62)(63, 63)(64, 64)(65, 65)(66, 66)(67, 67)(68, 68)(69, 69)(70, 70)(71, 71)(72, 72)(73, 73)(74, 74)(75, 75)(76, 76)(77, 77)(78, 78)(79, 79)(80, 80)(81, 81)(82, 82)(83, 83)(84, 84)(85, 85)(86, 86)(87, 87)(88, 88)(89, 89)(90, 90)(91, 91)(92, 92)(93, 93)(94, 94)(95, 95)(96, 96)(97, 97)(98, 98)(99, 99)(100, 100)(101, 101)(102, 102)(103, 103)(104, 104)(105, 105)(106, 106)(107, 107)(108, 108)(109, 109)(110, 110)(111, 111)(112, 112)(113, 113)(114, 114)(115, 115)(116, 116)(117, 117)(118, 118)(119, 119)(120, 120)(121, 121)(122, 122)(123, 123)(124, 124)(125, 125)(126, 126)(127, 127)(128, 128)(129, 129)(130, 130)(131, 131)(132, 132)(133, 133)(134, 134)(135, 135)(136, 136)(137, 137)(138, 138)(139, 139)(140, 140)
93cad7675cea2f7c761ad9fc2ee72baee61f38e3.flv,94d686ecfa99d431b9f35e589e601057a2075b8e.flv	(15, 9)(21, 17)(22, 19)(23, 20)
93cad7675cea2f7c761ad9fc2ee72baee61f38e3.flv,94d686ecfa99d431b9f35e589e601057a2075b8e.flv	(60, 30)(63, 35)
93cad7675cea2f7c761ad9fc2ee72baee61f38e3.flv,94d686ecfa99d431b9f35e589e601057a2075b8e.flv	(67, 64)(67, 65)(68, 66)
93cad7675cea2f7c761ad9fc2ee72baee61f38e3.flv,94d686ecfa99d431b9f35e589e601057a2075b8e.flv	(114, 179)(115, 180)(116, 181)(117, 182)(118, 183)
93cad7675cea2f7c761ad9fc2ee72baee61f38e3.flv,9e94d3404faee3a1e3c78fb33064319511428103.flv	(67, 98)(68, 99)
93cad7675cea2f7c761ad9fc2ee72baee61f38e3.flv,a62ac3f909e921e2ae89e2ed4c272cfadab838a3.mp4	(60, 22)(61, 23)(62, 24)(63, 25)
93cad7675cea2f7c761ad9fc2ee72baee61f38e3.flv,a62ac3f909e921e2ae89e2ed4c272cfadab838a3.mp4	(67, 45)(67, 46)(68, 47)
93cad7675cea2f7c761ad9fc2ee72baee61f38e3.flv,c3ca62e39b8118a8773999ca5ed4757784032371.flv	(68, 8)
93cad7675cea2f7c761ad9fc2ee72baee61f38e3.flv,c3ca62e39b8118a8773999ca5ed4757784032371.flv	(75, 45)(76, 46)(77, 48)(78, 49)
93cad7675cea2f7c761ad9fc2ee72baee61f38e3.flv,cbe5dff0d1f7658b8e37d32ade9fd9b27a9f3fc9.flv	(110, 10)(111, 12)(111, 13)(112, 14)(113, 16)(114, 17)(116, 19)(117, 20)(118, 22)
93cad7675cea2f7c761ad9fc2ee72baee61f38e3.flv,cf6db37d583044431cc33c4c723988cb6c5edc46.flv	(133, 22)(134, 23)(135, 24)
93cad7675cea2f7c761ad9fc2ee72baee61f38e3.flv,fa89363182761c182136f54fc7650930265a5bb4.flv	(67, 30)(67, 31)(68, 32)
93cad7675cea2f7c761ad9fc2ee72baee61f38e3.flv,fa89363182761c182136f54fc7650930265a5bb4.flv	(75, 62)(76, 63)(77, 64)(78, 64)
94d686ecfa99d431b9f35e589e601057a2075b8e.flv,94d686ecfa99d431b9f35e589e601057a2075b8e.flv	(0, 0)(1, 1)(2, 2)(3, 3)(4, 4)(5, 5)(6, 6)(7, 7)(8, 8)(9, 9)(10, 10)(11, 11)(12, 12)(13, 13)(14, 14)(15, 15)(16, 16)(17, 17)(18, 18)(19, 19)(20, 20)(21, 21)(22, 22)(23, 23)(24, 24)(25, 25)(26, 26)(27, 27)(28, 28)(29, 29)(30, 30)(31, 31)(32, 32)(33, 33)(34, 34)(35, 35)(36, 36)(37, 37)(38, 38)(39, 39)(40, 40)(41, 41)(42, 42)(43, 43)(44, 44)(45, 45)(46, 46)(47, 47)(48, 48)(49, 49)(50, 50)(51, 51)(52, 52)(53, 53)(54, 54)(55, 55)(56, 56)(57, 57)(58, 58)(59, 59)(60, 60)(61, 61)(62, 62)(63, 63)(64, 64)(65, 65)(66, 66)(67, 67)(68, 68)(69, 69)(70, 70)(71, 71)(72, 72)(73, 73)(74, 74)(75, 75)(76, 76)(77, 77)(78, 78)(79, 79)(80, 80)(81, 81)(82, 82)(83, 83)(84, 84)(85, 85)(86, 86)(87, 87)(88, 88)(89, 89)(90, 90)(91, 91)(92, 92)(93, 93)(94, 94)(95, 95)(96, 96)(97, 97)(98, 98)(99, 99)(100, 100)(101, 101)(102, 102)(103, 103)(104, 104)(105, 105)(106, 106)(107, 107)(108, 108)(109, 109)(110, 110)(111, 111)(112, 112)(113, 113)(114, 114)(115, 115)(116, 116)(117, 117)(118, 118)(119, 119)(120, 120)(121, 121)(122, 122)(123, 123)(124, 124)(125, 125)(126, 126)(127, 127)(128, 128)(129, 129)(130, 130)(131, 131)(132, 132)(133, 133)(134, 134)(135, 135)(136, 136)(137, 137)(138, 138)(139, 139)(140, 140)(141, 141)(142, 142)(143, 143)(144, 144)(145, 145)(146, 146)(147, 147)(148, 148)(149, 149)(150, 150)(151, 151)(152, 152)(153, 153)(154, 154)(155, 155)(156, 156)(157, 157)(158, 158)(159, 159)(160, 160)(161, 161)(162, 162)(163, 163)(164, 164)(165, 165)(166, 166)(167, 167)(168, 168)(169, 169)(170, 170)(171, 171)(172, 172)(173, 173)(174, 174)(175, 175)(176, 176)(177, 177)(178, 178)(179, 179)(180, 180)(181, 181)(182, 182)(183, 183)(184, 184)(185, 185)(186, 186)(187, 187)(188, 188)(189, 189)(190, 190)(191, 191)(192, 192)(193, 193)(194, 194)(195, 195)(196, 196)(197, 197)(198, 198)(199, 199)(200, 200)(201, 201)(202, 202)(203, 203)(204, 204)(205, 205)(206, 206)(207, 207)(208, 208)(209, 209)(210, 210)(211, 211)(212, 212)(213, 213)(214, 214)(215, 215)(216, 216)(217, 217)(218, 218)(219, 219)(220, 220)(221, 221)(222, 222)(223, 223)(224, 224)(225, 225)(226, 226)(227, 227)(228, 228)(229, 229)(230, 230)(231, 231)(232, 232)(233, 233)(234, 234)(235, 235)(236, 236)(237, 237)(238, 238)(239, 239)(240, 240)(241, 241)(242, 242)(243, 243)(244, 244)(245, 245)(246, 246)(247, 247)(248, 248)(249, 249)(250, 250)(251, 251)(252, 252)(253, 253)(254, 254)(255, 255)(256, 256)(257, 257)(258, 258)(259, 259)(260, 260)(261, 261)(262, 262)(263, 263)(264, 264)(265, 265)(266, 266)(267, 267)(268, 268)(269, 269)(270, 270)(271, 271)(272, 272)(273, 273)(274, 274)(275, 275)(276, 276)(277, 277)(278, 278)(279, 279)(280, 280)(281, 281)(282, 282)(283, 283)(284, 284)(285, 285)(286, 286)(287, 287)(288, 288)(289, 289)(290, 290)(291, 291)(292, 292)(293, 293)(294, 294)(295, 295)(296, 296)(297, 297)(298, 298)(299, 299)(300, 300)(301, 301)(302, 302)(303, 303)(304, 304)(305, 305)(306, 306)(307, 307)(308, 308)(309, 309)(310, 310)(311, 311)(312, 312)(313, 313)(314, 314)(315, 315)(316, 316)(317, 317)(318, 318)(319, 319)(320, 320)(321, 321)(322, 322)(323, 323)(324, 324)(325, 325)(326, 326)(327, 327)(328, 328)(329, 329)(330, 330)(331, 331)(332, 332)(333, 333)(334, 334)(335, 335)(336, 336)(337, 337)(338, 338)(339, 339)(340, 340)(341, 341)(342, 342)(343, 343)(344, 344)(345, 345)(346, 346)(347, 347)(348, 348)(349, 349)(350, 350)(351, 351)(352, 352)(353, 353)(354, 354)(355, 355)(356, 356)(357, 357)(358, 358)(359, 359)(360, 360)(361, 361)(362, 362)(363, 363)(364, 364)(365, 365)(366, 366)(367, 367)(368, 368)(369, 369)(370, 370)(371, 371)(372, 372)(373, 373)(374, 374)(375, 375)(376, 376)(377, 377)(378, 378)(379, 379)(380, 380)(381, 381)(382, 382)(383, 383)(384, 384)(385, 385)(386, 386)(387, 387)(388, 388)(389, 389)(390, 390)(391, 391)(392, 392)(393, 393)(394, 394)(395, 395)(396, 396)(397, 397)(398, 398)(399, 399)(400, 400)(401, 401)(402, 402)(403, 403)(404, 404)(405, 405)(406, 406)
94d686ecfa99d431b9f35e589e601057a2075b8e.flv,9e94d3404faee3a1e3c78fb33064319511428103.flv	(0, 0)
94d686ecfa99d431b9f35e589e601057a2075b8e.flv,9e94d3404faee3a1e3c78fb33064319511428103.flv	(65, 98)(67, 99)(68, 100)(69, 101)(70, 102)(71, 104)(72, 105)(73, 106)(74, 107)(75, 108)(76, 109)(77, 110)(78, 111)(79, 112)(80, 113)(81, 115)(82, 117)(83, 118)(84, 119)(85, 120)(87, 121)(88, 122)(89, 123)(90, 124)(91, 125)(92, 126)(93, 127)(94, 128)(95, 129)(96, 130)(97, 131)(98, 132)
94d686ecfa99d431b9f35e589e601057a2075b8e.flv,9e94d3404faee3a1e3c78fb33064319511428103.flv	(276, 146)(277, 148)(278, 149)(279, 150)(280, 151)
94d686ecfa99d431b9f35e589e601057a2075b8e.flv,9e94d3404faee3a1e3c78fb33064319511428103.flv	(385, 155)(387, 156)(388, 157)(390, 159)(395, 163)
94d686ecfa99d431b9f35e589e601057a2075b8e.flv,a62ac3f909e921e2ae89e2ed4c272cfadab838a3.mp4	(27, 19)(28, 20)(29, 21)(30, 22)(38, 28)(42, 32)(45, 34)(46, 35)
94d686ecfa99d431b9f35e589e601057a2075b8e.flv,a62ac3f909e921e2ae89e2ed4c272cfadab838a3.mp4	(63, 45)(64, 45)(65, 46)(66, 47)(67, 48)(68, 49)(69, 50)(70, 50)(71, 51)(71, 52)(72, 53)(73, 54)(74, 55)(75, 55)(76, 56)(77, 57)(78, 58)(79, 59)(80, 60)(81, 62)(82, 63)(83, 64)(84, 65)(85, 66)(86, 66)(87, 67)(88, 68)(89, 69)(90, 70)(91, 71)(92, 71)(93, 72)(94, 73)(95, 74)(96, 75)(97, 76)(98, 76)
94d686ecfa99d431b9f35e589e601057a2075b8e.flv,a62ac3f909e921e2ae89e2ed4c272cfadab838a3.mp4	(99, 133)(100, 134)(102, 135)(103, 136)(104, 137)(106, 139)(107, 141)(108, 142)(110, 143)
94d686ecfa99d431b9f35e589e601057a2075b8e.flv,a62ac3f909e921e2ae89e2ed4c272cfadab838a3.mp4	(112, 152)(114, 154)(115, 155)(116, 156)(117, 157)(119, 158)
94d686ecfa99d431b9f35e589e601057a2075b8e.flv,c3ca62e39b8118a8773999ca5ed4757784032371.flv	(63, 4)(64, 5)(67, 9)(68, 10)(69, 11)(70, 12)(72, 16)(73, 17)(74, 18)(75, 19)(77, 22)(78, 23)(79, 24)(81, 28)(82, 29)(85, 34)(86, 35)(87, 36)(88, 37)(89, 38)(91, 41)(92, 42)(93, 43)(94, 44)(97, 47)(98, 48)
94d686ecfa99d431b9f35e589e601057a2075b8e.flv,c3ca62e39b8118a8773999ca5ed4757784032371.flv	(99, 113)(100, 114)(101, 115)(102, 116)(103, 117)(107, 123)(108, 124)(109, 125)(110, 126)
94d686ecfa99d431b9f35e589e601057a2075b8e.flv,c3ca62e39b8118a8773999ca5ed4757784032371.flv	(112, 136)(117, 143)(118, 144)(119, 145)
94d686ecfa99d431b9f35e589e601057a2075b8e.flv,cbe5dff0d1f7658b8e37d32ade9fd9b27a9f3fc9.flv	(172, 10)(173, 10)(174, 11)(176, 15)(176, 16)
94d686ecfa99d431b9f35e589e601057a2075b8e.flv,cbe5dff0d1f7658b8e37d32ade9fd9b27a9f3fc9.flv	(179, 18)(180, 19)(181, 20)(182, 22)(183, 23)(185, 24)
94d686ecfa99d431b9f35e589e601057a2075b8e.flv,cbe5dff0d1f7658b8e37d32ade9fd9b27a9f3fc9.flv	(197, 26)(200, 28)(201, 29)(204, 31)(205, 32)(209, 36)(210, 37)(211, 38)(214, 40)
94d686ecfa99d431b9f35e589e601057a2075b8e.flv,cbe5dff0d1f7658b8e37d32ade9fd9b27a9f3fc9.flv	(227, 42)(228, 43)(229, 44)(230, 45)(231, 46)(232, 47)(233, 48)(234, 49)
94d686ecfa99d431b9f35e589e601057a2075b8e.flv,cbe5dff0d1f7658b8e37d32ade9fd9b27a9f3fc9.flv	(277, 68)(278, 70)(279, 71)(280, 72)
94d686ecfa99d431b9f35e589e601057a2075b8e.flv,cbe5dff0d1f7658b8e37d32ade9fd9b27a9f3fc9.flv	(339, 95)(340, 96)(345, 100)(346, 101)(348, 103)
94d686ecfa99d431b9f35e589e601057a2075b8e.flv,cf6db37d583044431cc33c4c723988cb6c5edc46.flv	(274, 3)(275, 4)(277, 6)(280, 8)(281, 9)(282, 10)(283, 11)(286, 14)(290, 17)(295, 21)(298, 23)(300, 24)(301, 26)(306, 29)(309, 32)(310, 34)(313, 36)(314, 37)(325, 44)(328, 46)(329, 47)(333, 49)(341, 56)(342, 57)(343, 58)(345, 60)(346, 61)(347, 62)(348, 64)
94d686ecfa99d431b9f35e589e601057a2075b8e.flv,cf6db37d583044431cc33c4c723988cb6c5edc46.flv	(349, 70)(350, 71)(352, 72)(353, 73)(355, 75)(356, 76)(370, 88)(372, 90)(373, 91)(374, 92)(375, 93)(380, 98)(384, 101)(385, 103)(387, 104)(394, 108)(396, 110)(397, 111)(398, 113)(399, 115)(400, 116)(402, 117)(403, 118)(405, 123)
94d686ecfa99d431b9f35e589e601057a2075b8e.flv,fa89363182761c182136f54fc7650930265a5bb4.flv	(63, 29)(64, 30)(68, 34)(69, 35)(70, 36)(71, 37)(74, 40)(75, 41)(76, 42)(77, 43)(79, 45)(80, 46)(83, 50)(84, 51)(85, 52)(86, 53)(87, 54)(88, 55)(90, 57)(91, 58)(92, 59)(93, 60)(95, 61)(97, 63)(98, 64)
94d686ecfa99d431b9f35e589e601057a2075b8e.flv,fa89363182761c182136f54fc7650930265a5bb4.flv	(99, 120)(100, 121)(101, 121)(102, 122)(103, 123)(105, 124)(107, 127)(108, 128)(109, 129)(110, 130)
94d686ecfa99d431b9f35e589e601057a2075b8e.flv,fa89363182761c182136f54fc7650930265a5bb4.flv	(112, 139)(113, 140)(114, 142)(115, 142)(116, 143)(117, 144)(118, 145)(119, 146)
9e94d3404faee3a1e3c78fb33064319511428103.flv,9e94d3404faee3a1e3c78fb33064319511428103.flv	(0, 0)(1, 1)(2, 2)(3, 3)(4, 4)(5, 5)(6, 6)(7, 7)(8, 8)(9, 9)(10, 10)(11, 11)(12, 12)(13, 13)(14, 14)(15, 15)(16, 16)(17, 17)(18, 18)(19, 19)(20, 20)(21, 21)(22, 22)(23, 23)(24, 24)(25, 25)(26, 26)(27, 27)(28, 28)(29, 29)(30, 30)(31, 31)(32, 32)(33, 33)(34, 34)(35, 35)(36, 36)(37, 37)(38, 38)(39, 39)(40, 40)(41, 41)(42, 42)(43, 43)(44, 44)(45, 45)(46, 46)(47, 47)(48, 48)(49, 49)(50, 50)(51, 51)(52, 52)(53, 53)(54, 54)(55, 55)(56, 56)(57, 57)(58, 58)(59, 59)(60, 60)(61, 61)(62, 62)(63, 63)(64, 64)(65, 65)(66, 66)(67, 67)(68, 68)(69, 69)(70, 70)(71, 71)(72, 72)(73, 73)(74, 74)(75, 75)(76, 76)(77, 77)(78, 78)(79, 79)(80, 80)(81, 81)(82, 82)(83, 83)(84, 84)(85, 85)(86, 86)(87, 87)(88, 88)(89, 89)(90, 90)(91, 91)(92, 92)(93, 93)(94, 94)(95, 95)(96, 96)(97, 97)(98, 98)(99, 99)(100, 100)(101, 101)(102, 102)(103, 103)(104, 104)(105, 105)(106, 106)(107, 107)(108, 108)(109, 109)(110, 110)(111, 111)(112, 112)(113, 113)(114, 114)(115, 115)(116, 116)(117, 117)(118, 118)(119, 119)(120, 120)(121, 121)(122, 122)(123, 123)(124, 124)(125, 125)(126, 126)(127, 127)(128, 128)(129, 129)(130, 130)(131, 131)(132, 132)(133, 133)(134, 134)(135, 135)(136, 136)(137, 137)(138, 138)(139, 139)(140, 140)(141, 141)(142, 142)(143, 143)(144, 144)(145, 145)(146, 146)(147, 147)(148, 148)(149, 149)(150, 150)(151, 151)(152, 152)(153, 153)(154, 154)(155, 155)(156, 156)(157, 157)(158, 158)(159, 159)(160, 160)(161, 161)(162, 162)(163, 163)(164, 164)(165, 165)(166, 166)
9e94d3404faee3a1e3c78fb33064319511428103.flv,a62ac3f909e921e2ae89e2ed4c272cfadab838a3.mp4	(99, 46)(100, 48)(101, 49)(104, 51)(105, 52)(106, 53)(107, 54)(118, 63)(123, 67)(124, 68)(125, 69)(126, 70)(129, 72)(130, 73)(131, 74)(132, 75)
9e94d3404faee3a1e3c78fb33064319511428103.flv,c3ca62e39b8118a8773999ca5ed4757784032371.flv	(98, 6)(100, 9)(101, 10)(102, 11)(103, 12)(104, 13)(105, 14)(106, 15)(107, 16)(108, 17)(109, 18)(118, 28)(122, 33)(123, 34)(124, 35)(125, 36)(126, 37)(127, 38)(128, 39)(129, 40)(130, 41)(131, 42)(132, 43)
9e94d3404faee3a1e3c78fb33064319511428103.flv,cbe5dff0d1f7658b8e37d32ade9fd9b27a9f3fc9.flv	(148, 69)(149, 70)(150, 71)(151, 72)
9e94d3404faee3a1e3c78fb33064319511428103.flv,cbe5dff0d1f7658b8e37d32ade9fd9b27a9f3fc9.flv	(152, 90)(153, 91)
9e94d3404faee3a1e3c78fb33064319511428103.flv,cbe5dff0d1f7658b8e37d32ade9fd9b27a9f3fc9.flv	(155, 130)(159, 133)(160, 134)(161, 135)(163, 138)
9e94d3404faee3a1e3c78fb33064319511428103.flv,cf6db37d583044431cc33c4c723988cb6c5edc46.flv	(146, 5)(147, 6)(149, 7)(150, 8)(151, 9)
9e94d3404faee3a1e3c78fb33064319511428103.flv,cf6db37d583044431cc33c4c723988cb6c5edc46.flv	
9e94d3404faee3a1e3c78fb33064319511428103.flv,fa89363182761c182136f54fc7650930265a5bb4.flv	(98, 31)(99, 33)(101, 34)(102, 35)(103, 36)(104, 37)(105, 37)(106, 38)(107, 39)(109, 40)(110, 41)(111, 42)(112, 43)(113, 44)(115, 45)(117, 46)(118, 47)(119, 48)(120, 49)(121, 50)(122, 51)(123, 52)(124, 53)(125, 54)(127, 55)(128, 56)(129, 57)(130, 58)(131, 59)(132, 60)
a62ac3f909e921e2ae89e2ed4c272cfadab838a3.mp4,a62ac3f909e921e2ae89e2ed4c272cfadab838a3.mp4	(0, 0)(1, 1)(2, 2)(3, 3)(4, 4)(5, 5)(6, 6)(7, 7)(8, 8)(9, 9)(10, 10)(11, 11)(12, 12)(13, 13)(14, 14)(15, 15)(16, 16)(17, 17)(18, 18)(19, 19)(20, 20)(21, 21)(22, 22)(23, 23)(24, 24)(25, 25)(26, 26)(27, 27)(28, 28)(29, 29)(30, 30)(31, 31)(32, 32)(33, 33)(34, 34)(35, 35)(36, 36)(37, 37)(38, 38)(39, 39)(40, 40)(41, 41)(42, 42)(43, 43)(44, 44)(45, 45)(46, 46)(47, 47)(48, 48)(49, 49)(50, 50)(51, 51)(52, 52)(53, 53)(54, 54)(55, 55)(56, 56)(57, 57)(58, 58)(59, 59)(60, 60)(61, 61)(62, 62)(63, 63)(64, 64)(65, 65)(66, 66)(67, 67)(68, 68)(69, 69)(70, 70)(71, 71)(72, 72)(73, 73)(74, 74)(75, 75)(76, 76)(77, 77)(78, 78)(79, 79)(80, 80)(81, 81)(82, 82)(83, 83)(84, 84)(85, 85)(86, 86)(87, 87)(88, 88)(89, 89)(90, 90)(91, 91)(92, 92)(93, 93)(94, 94)(95, 95)(96, 96)(97, 97)(98, 98)(99, 99)(100, 100)(101, 101)(102, 102)(103, 103)(104, 104)(105, 105)(106, 106)(107, 107)(108, 108)(109, 109)(110, 110)(111, 111)(112, 112)(113, 113)(114, 114)(115, 115)(116, 116)(117, 117)(118, 118)(119, 119)(120, 120)(121, 121)(122, 122)(123, 123)(124, 124)(125, 125)(126, 126)(127, 127)(128, 128)(129, 129)(130, 130)(131, 131)(132, 132)(133, 133)(134, 134)(135, 135)(136, 136)(137, 137)(138, 138)(139, 139)(140, 140)(141, 141)(142, 142)(143, 143)(144, 144)(145, 145)(146, 146)(147, 147)(148, 148)(149, 149)(150, 150)(151, 151)(152, 152)(153, 153)(154, 154)(155, 155)(156, 156)(157, 157)(158, 158)(159, 159)(160, 160)(161, 161)(162, 162)(163, 163)(164, 164)(165, 165)(166, 166)(167, 167)
a62ac3f909e921e2ae89e2ed4c272cfadab838a3.mp4,b4d71ae78d81a607ddc2951bfd0a2e3ce46e6d91.flv	(51, 89)(52, 90)(53, 91)(54, 92)(55, 93)(56, 95)(57, 96)(58, 97)(59, 98)(60, 100)(61, 101)(62, 102)(64, 103)(65, 105)(66, 106)(67, 107)(68, 108)(69, 109)(70, 110)(71, 111)(72, 113)(73, 114)(74, 115)(75, 116)(77, 120)(78, 121)(78, 122)(79, 123)(80, 124)(81, 125)(82, 126)(83, 128)(84, 129)(85, 130)(86, 131)(87, 132)(88, 133)(89, 135)(90, 136)(91, 137)(92, 138)
a62ac3f909e921e2ae89e2ed4c272cfadab838a3.mp4,c3ca62e39b8118a8773999ca5ed4757784032371.flv	(41, 0)(42, 1)(43, 2)(44, 3)(46, 6)(53, 15)(54, 16)(56, 19)(57, 20)(58, 21)(59, 22)(61, 25)(62, 26)(63, 27)(64, 28)(65, 29)(72, 39)(73, 40)(74, 41)(75, 42)(76, 44)(77, 45)(79, 48)(80, 49)(81, 50)(82, 51)(88, 59)(90, 61)(91, 62)(92, 63)(94, 66)(95, 67)(96, 68)(97, 69)(99, 72)(100, 73)(101, 74)(102, 75)(107, 82)(108, 83)(109, 84)(110, 85)(111, 86)(113, 89)(114, 90)(115, 91)(116, 92)(118, 95)(119, 96)(120, 97)(122, 100)(123, 101)(126, 105)(128, 108)(129, 109)(131, 110)(133, 113)(135, 116)(136, 117)(140, 123)(144, 128)(145, 129)(146, 130)(147, 131)(148, 132)(149, 133)(150, 134)(151, 135)(153, 138)(154, 139)(161, 148)(163, 151)(164, 152)(165, 153)(166, 154)(167, 155)
a62ac3f909e921e2ae89e2ed4c272cfadab838a3.mp4,fa89363182761c182136f54fc7650930265a5bb4.flv	(39, 24)(40, 25)(41, 26)(43, 28)(44, 29)(49, 34)(52, 37)(53, 38)(54, 39)(55, 40)(56, 41)(57, 42)(58, 43)(59, 44)(60, 45)(61, 46)(63, 47)(64, 48)(65, 49)(66, 50)(71, 55)(76, 61)(77, 62)(79, 64)(80, 65)(81, 66)(82, 67)(84, 69)(85, 70)(86, 71)(87, 72)(92, 77)(97, 82)(100, 85)(101, 86)(102, 87)(104, 90)(106, 91)(107, 93)(108, 94)(110, 95)(113, 99)(118, 104)(119, 105)(120, 106)(121, 107)(122, 108)(126, 111)(128, 114)(129, 115)(131, 116)(133, 120)(134, 121)(137, 124)(138, 125)(140, 127)(141, 128)(142, 129)(144, 131)(145, 132)(149, 136)(150, 137)(151, 138)(152, 139)(155, 142)(160, 147)(161, 148)(163, 151)(165, 152)(166, 153)(167, 154)
b4d71ae78d81a607ddc2951bfd0a2e3ce46e6d91.flv,b4d71ae78d81a607ddc2951bfd0a2e3ce46e6d91.flv	(0, 0)(1, 1)(2, 2)(3, 3)(4, 4)(5, 5)(6, 6)(7, 7)(8, 8)(9, 9)(10, 10)(11, 11)(12, 12)(13, 13)(14, 14)(15, 15)(16, 16)(17, 17)(18, 18)(19, 19)(20, 20)(21, 21)(22, 22)(23, 23)(24, 24)(25, 25)(26, 26)(27, 27)(28, 28)(29, 29)(30, 30)(31, 31)(32, 32)(33, 33)(34, 34)(35, 35)(36, 36)(37, 37)(38, 38)(39, 39)(40, 40)(41, 41)(42, 42)(43, 43)(44, 44)(45, 45)(46, 46)(47, 47)(48, 48)(49, 49)(50, 50)(51, 51)(52, 52)(53, 53)(54, 54)(55, 55)(56, 56)(57, 57)(58, 58)(59, 59)(60, 60)(61, 61)(62, 62)(63, 63)(64, 64)(65, 65)(66, 66)(67, 67)(68, 68)(69, 69)(70, 70)(71, 71)(72, 72)(73, 73)(74, 74)(75, 75)(76, 76)(77, 77)(78, 78)(79, 79)(80, 80)(81, 81)(82, 82)(83, 83)(84, 84)(85, 85)(86, 86)(87, 87)(88, 88)(89, 89)(90, 90)(91, 91)(92, 92)(93, 93)(94, 94)(95, 95)(96, 96)(97, 97)(98, 98)(99, 99)(100, 100)(101, 101)(102, 102)(103, 103)(104, 104)(105, 105)(106, 106)(107, 107)(108, 108)(109, 109)(110, 110)(111, 111)(112, 112)(113, 113)(114, 114)(115, 115)(116, 116)(117, 117)(118, 118)(119, 119)(120, 120)(121, 121)(122, 122)(123, 123)(124, 124)(125, 125)(126, 126)(127, 127)(128, 128)(129, 129)(130, 130)(131, 131)(132, 132)(133, 133)(134, 134)(135, 135)(136, 136)(137, 137)(138, 138)(139, 139)(140, 140)(141, 141)(142, 142)(143, 143)(144, 144)(145, 145)(146, 146)(147, 147)(148, 148)(149, 149)(150, 150)(151, 151)(152, 152)(153, 153)(154, 154)(155, 155)(156, 156)(157, 157)(158, 158)(159, 159)(160, 160)(161, 161)(162, 162)(163, 163)(164, 164)(165, 165)(166, 166)(167, 167)(168, 168)(169, 169)(170, 170)(171, 171)(172, 172)(173, 173)(174, 174)(175, 175)(176, 176)(177, 177)(178, 178)(179, 179)(180, 180)(181, 181)(182, 182)(183, 183)(184, 184)(185, 185)(186, 186)(187, 187)(188, 188)(189, 189)(190, 190)(191, 191)(192, 192)(193, 193)(194, 194)(195, 195)(196, 196)(197, 197)(198, 198)(199, 199)(200, 200)(201, 201)(202, 202)(203, 203)(204, 204)(205, 205)(206, 206)(207, 207)(208, 208)
b4d71ae78d81a607ddc2951bfd0a2e3ce46e6d91.flv,fa89363182761c182136f54fc7650930265a5bb4.flv	(89, 37)(91, 38)(92, 39)(93, 40)(95, 41)(96, 42)(97, 43)(99, 45)(101, 46)(103, 48)(105, 50)(106, 51)(107, 52)(108, 53)(109, 54)(111, 55)(112, 56)(113, 57)(114, 58)(115, 59)(116, 60)(118, 61)(120, 62)(121, 63)(122, 64)(126, 67)(130, 71)(132, 72)(133, 73)(134, 74)(135, 75)(136, 76)(138, 77)
c3ca62e39b8118a8773999ca5ed4757784032371.flv,c3ca62e39b8118a8773999ca5ed4757784032371.flv	(0, 0)(1, 1)(2, 2)(3, 3)(4, 4)(5, 5)(6, 6)(7, 7)(8, 8)(9, 9)(10, 10)(11, 11)(12, 12)(13, 13)(14, 14)(15, 15)(16, 16)(17, 17)(18, 18)(19, 19)(20, 20)(21, 21)(22, 22)(23, 23)(24, 24)(25, 25)(26, 26)(27, 27)(28, 28)(29, 29)(30, 30)(31, 31)(32, 32)(33, 33)(34, 34)(35, 35)(36, 36)(37, 37)(38, 38)(39, 39)(40, 40)(41, 41)(42, 42)(43, 43)(44, 44)(45, 45)(46, 46)(47, 47)(48, 48)(49, 49)(50, 50)(51, 51)(52, 52)(53, 53)(54, 54)(55, 55)(56, 56)(57, 57)(58, 58)(59, 59)(60, 60)(61, 61)(62, 62)(63, 63)(64, 64)(65, 65)(66, 66)(67, 67)(68, 68)(69, 69)(70, 70)(71, 71)(72, 72)(73, 73)(74, 74)(75, 75)(76, 76)(77, 77)(78, 78)(79, 79)(80, 80)(81, 81)(82, 82)(83, 83)(84, 84)(85, 85)(86, 86)(87, 87)(88, 88)(89, 89)(90, 90)(91, 91)(92, 92)(93, 93)(94, 94)(95, 95)(96, 96)(97, 97)(98, 98)(99, 99)(100, 100)(101, 101)(102, 102)(103, 103)(104, 104)(105, 105)(106, 106)(107, 107)(108, 108)(109, 109)(110, 110)(111, 111)(112, 112)(113, 113)(114, 114)(115, 115)(116, 116)(117, 117)(118, 118)(119, 119)(120, 120)(121, 121)(122, 122)(123, 123)(124, 124)(125, 125)(126, 126)(127, 127)(128, 128)(129, 129)(130, 130)(131, 131)(132, 132)(133, 133)(134, 134)(135, 135)(136, 136)(137, 137)(138, 138)(139, 139)(140, 140)(141, 141)(142, 142)(143, 143)(144, 144)(145, 145)(146, 146)(147, 147)(148, 148)(149, 149)(150, 150)(151, 151)(152, 152)(153, 153)(154, 154)(155, 155)(156, 156)(157, 157)(158, 158)(159, 159)(160, 160)(161, 161)(162, 162)(163, 163)(164, 164)(165, 165)(166, 166)(167, 167)(168, 168)(169, 169)(170, 170)(171, 171)(172, 172)(173, 173)(174, 174)(175, 175)(176, 176)(177, 177)(178, 178)(179, 179)(180, 180)(181, 181)(182, 182)(183, 183)(184, 184)(185, 185)(186, 186)(187, 187)(188, 188)(189, 189)(190, 190)(191, 191)(192, 192)(193, 193)(194, 194)(195, 195)(196, 196)(197, 197)(198, 198)(199, 199)(200, 200)(201, 201)(202, 202)(203, 203)(204, 204)(205, 205)(206, 206)(207, 207)(208, 208)(209, 209)(210, 210)(211, 211)(212, 212)(213, 213)(214, 214)(215, 215)(216, 216)(217, 217)(218, 218)(219, 219)(220, 220)(221, 221)(222, 222)(223, 223)(224, 224)(225, 225)(226, 226)(227, 227)(228, 228)(229, 229)(230, 230)(231, 231)(232, 232)
c3ca62e39b8118a8773999ca5ed4757784032371.flv,fa89363182761c182136f54fc7650930265a5bb4.flv	(2, 28)(5, 30)(6, 31)(7, 32)(8, 33)(11, 35)(12, 36)(15, 38)(16, 39)(19, 41)(20, 42)(21, 43)(22, 44)(27, 47)(28, 48)(29, 49)(32, 51)(33, 52)(34, 53)(35, 54)(38, 56)(39, 57)(40, 58)(41, 59)(44, 61)(45, 62)(46, 63)(49, 65)(50, 66)(59, 73)(82, 93)(100, 108)(101, 109)(105, 111)(106, 112)(107, 113)(108, 114)(110, 116)(111, 117)(112, 118)(117, 122)(118, 123)(121, 125)(122, 126)(123, 127)(124, 128)(125, 129)(126, 130)(129, 132)(133, 136)(134, 137)(135, 138)(138, 140)(139, 141)(142, 143)(143, 144)(144, 145)(145, 146)(148, 148)(149, 149)(150, 150)(151, 151)(154, 153)(155, 154)
cbe5dff0d1f7658b8e37d32ade9fd9b27a9f3fc9.flv,cbe5dff0d1f7658b8e37d32ade9fd9b27a9f3fc9.flv	(0, 0)(1, 1)(2, 2)(3, 3)(4, 4)(5, 5)(6, 6)(7, 7)(8, 8)(9, 9)(10, 10)(11, 11)(12, 12)(13, 13)(14, 14)(15, 15)(16, 16)(17, 17)(18, 18)(19, 19)(20, 20)(21, 21)(22, 22)(23, 23)(24, 24)(25, 25)(26, 26)(27, 27)(28, 28)(29, 29)(30, 30)(31, 31)(32, 32)(33, 33)(34, 34)(35, 35)(36, 36)(37, 37)(38, 38)(39, 39)(40, 40)(41, 41)(42, 42)(43, 43)(44, 44)(45, 45)(46, 46)(47, 47)(48, 48)(49, 49)(50, 50)(51, 51)(52, 52)(53, 53)(54, 54)(55, 55)(56, 56)(57, 57)(58, 58)(59, 59)(60, 60)(61, 61)(62, 62)(63, 63)(64, 64)(65, 65)(66, 66)(67, 67)(68, 68)(69, 69)(70, 70)(71, 71)(72, 72)(73, 73)(74, 74)(75, 75)(76, 76)(77, 77)(78, 78)(79, 79)(80, 80)(81, 81)(82, 82)(83, 83)(84, 84)(85, 85)(86, 86)(87, 87)(88, 88)(89, 89)(90, 90)(91, 91)(92, 92)(93, 93)(94, 94)(95, 95)(96, 96)(97, 97)(98, 98)(99, 99)(100, 100)(101, 101)(102, 102)(103, 103)(104, 104)(105, 105)(106, 106)(107, 107)(108, 108)(109, 109)(110, 110)(111, 111)(112, 112)(113, 113)(114, 114)(115, 115)(116, 116)(117, 117)(118, 118)(119, 119)(120, 120)(121, 121)(122, 122)(123, 123)(124, 124)(125, 125)(126, 126)(127, 127)(128, 128)(129, 129)(130, 130)(131, 131)(132, 132)(133, 133)(134, 134)(135, 135)(136, 136)(137, 137)(138, 138)(139, 139)(140, 140)(141, 141)(142, 142)(143, 143)(144, 144)(145, 145)(146, 146)(147, 147)(148, 148)(149, 149)
cbe5dff0d1f7658b8e37d32ade9fd9b27a9f3fc9.flv,cf6db37d583044431cc33c4c723988cb6c5edc46.flv	(67, 5)(69, 10)(71, 13)(72, 14)(76, 21)(77, 22)(78, 23)(79, 25)(80, 27)(81, 28)(84, 32)(85, 35)(86, 37)(87, 39)(88, 40)(89, 41)(90, 42)(94, 47)(96, 50)(98, 52)(99, 53)(100, 55)
cbe5dff0d1f7658b8e37d32ade9fd9b27a9f3fc9.flv,cf6db37d583044431cc33c4c723988cb6c5edc46.flv	(107, 84)(109, 86)(110, 87)(111, 88)(112, 89)(114, 91)(115, 92)(116, 93)(119, 96)(120, 97)(122, 98)(125, 103)(127, 104)(128, 105)(129, 106)(144, 119)(145, 120)(146, 121)(147, 122)(148, 123)
cf6db37d583044431cc33c4c723988cb6c5edc46.flv,cf6db37d583044431cc33c4c723988cb6c5edc46.flv	(0, 0)(1, 1)(2, 2)(3, 3)(4, 4)(5, 5)(6, 6)(7, 7)(8, 8)(9, 9)(10, 10)(11, 11)(12, 12)(13, 13)(14, 14)(15, 15)(16, 16)(17, 17)(18, 18)(19, 19)(20, 20)(21, 21)(22, 22)(23, 23)(24, 24)(25, 25)(26, 26)(27, 27)(28, 28)(29, 29)(30, 30)(31, 31)(32, 32)(33, 33)(34, 34)(35, 35)(36, 36)(37, 37)(38, 38)(39, 39)(40, 40)(41, 41)(42, 42)(43, 43)(44, 44)(45, 45)(46, 46)(47, 47)(48, 48)(49, 49)(50, 50)(51, 51)(52, 52)(53, 53)(54, 54)(55, 55)(56, 56)(57, 57)(58, 58)(59, 59)(60, 60)(61, 61)(62, 62)(63, 63)(64, 64)(65, 65)(66, 66)(67, 67)(68, 68)(69, 69)(70, 70)(71, 71)(72, 72)(73, 73)(74, 74)(75, 75)(76, 76)(77, 77)(78, 78)(79, 79)(80, 80)(81, 81)(82, 82)(83, 83)(84, 84)(85, 85)(86, 86)(87, 87)(88, 88)(89, 89)(90, 90)(91, 91)(92, 92)(93, 93)(94, 94)(95, 95)(96, 96)(97, 97)(98, 98)(99, 99)(100, 100)(101, 101)(102, 102)(103, 103)(104, 104)(105, 105)(106, 106)(107, 107)(108, 108)(109, 109)(110, 110)(111, 111)(112, 112)(113, 113)(114, 114)(115, 115)(116, 116)(117, 117)(118, 118)(119, 119)(120, 120)(121, 121)(122, 122)(123, 123)(124, 124)(125, 125)(126, 126)
fa89363182761c182136f54fc7650930265a5bb4.flv,fa89363182761c182136f54fc7650930265a5bb4.flv	(0, 0)(1, 1)(2, 2)(3, 3)(4, 4)(5, 5)(6, 6)(7, 7)(8, 8)(9, 9)(10, 10)(11, 11)(12, 12)(13, 13)(14, 14)(15, 15)(16, 16)(17, 17)(18, 18)(19, 19)(20, 20)(21, 21)(22, 22)(23, 23)(24, 24)(25, 25)(26, 26)(27, 27)(28, 28)(29, 29)(30, 30)(31, 31)(32, 32)(33, 33)(34, 34)(35, 35)(36, 36)(37, 37)(38, 38)(39, 39)(40, 40)(41, 41)(42, 42)(43, 43)(44, 44)(45, 45)(46, 46)(47, 47)(48, 48)(49, 49)(50, 50)(51, 51)(52, 52)(53, 53)(54, 54)(55, 55)(56, 56)(57, 57)(58, 58)(59, 59)(60, 60)(61, 61)(62, 62)(63, 63)(64, 64)(65, 65)(66, 66)(67, 67)(68, 68)(69, 69)(70, 70)(71, 71)(72, 72)(73, 73)(74, 74)(75, 75)(76, 76)(77, 77)(78, 78)(79, 79)(80, 80)(81, 81)(82, 82)(83, 83)(84, 84)(85, 85)(86, 86)(87, 87)(88, 88)(89, 89)(90, 90)(91, 91)(92, 92)(93, 93)(94, 94)(95, 95)(96, 96)(97, 97)(98, 98)(99, 99)(100, 100)(101, 101)(102, 102)(103, 103)(104, 104)(105, 105)(106, 106)(107, 107)(108, 108)(109, 109)(110, 110)(111, 111)(112, 112)(113, 113)(114, 114)(115, 115)(116, 116)(117, 117)(118, 118)(119, 119)(120, 120)(121, 121)(122, 122)(123, 123)(124, 124)(125, 125)(126, 126)(127, 127)(128, 128)(129, 129)(130, 130)(131, 131)(132, 132)(133, 133)(134, 134)(135, 135)(136, 136)(137, 137)(138, 138)(139, 139)(140, 140)(141, 141)(142, 142)(143, 143)(144, 144)(145, 145)(146, 146)(147, 147)(148, 148)(149, 149)(150, 150)(151, 151)(152, 152)(153, 153)(154, 154)(155, 155)(156, 156)(157, 157)(158, 158)(159, 159)(160, 160)(161, 161)(162, 162)(163, 163)(164, 164)(165, 165)(166, 166)(167, 167)(168, 168)(169, 169)(170, 170)(171, 171)(172, 172)(173, 173)(174, 174)(175, 175)(176, 176)(177, 177)(178, 178)(179, 179)(180, 180)(181, 181)(182, 182)(183, 183)(184, 184)(185, 185)(186, 186)(187, 187)(188, 188)(189, 189)(190, 190)(191, 191)(192, 192)(193, 193)(194, 194)(195, 195)(196, 196)(197, 197)(198, 198)(199, 199)(200, 200)(201, 201)(202, 202)(203, 203)(204, 204)(205, 205)(206, 206)(207, 207)(208, 208)(209, 209)(210, 210)(211, 211)(212, 212)(213, 213)(214, 214)(215, 215)(216, 216)(217, 217)
