0908a93749a07da23df25c1e7e13c4ceaeca1e23.flv,0908a93749a07da23df25c1e7e13c4ceaeca1e23.flv	(0, 0)(1, 1)(2, 2)(3, 3)(4, 4)(5, 5)(6, 6)(7, 7)(8, 8)(9, 9)(10, 10)(11, 11)(12, 12)(13, 13)(14, 14)(15, 15)(16, 16)(17, 17)(18, 18)(19, 19)(20, 20)(21, 21)(22, 22)(23, 23)(24, 24)(25, 25)(26, 26)(27, 27)(28, 28)(29, 29)(30, 30)(31, 31)(32, 32)(33, 33)(34, 34)(35, 35)(36, 36)(37, 37)(38, 38)(39, 39)(40, 40)(41, 41)(42, 42)(43, 43)(44, 44)(45, 45)(46, 46)(47, 47)(48, 48)(49, 49)(50, 50)(51, 51)(52, 52)(53, 53)(54, 54)(55, 55)(56, 56)(57, 57)(58, 58)(59, 59)(60, 60)(61, 61)(62, 62)(63, 63)(64, 64)(65, 65)(66, 66)(67, 67)(68, 68)(69, 69)(70, 70)(71, 71)(72, 72)(73, 73)(74, 74)(75, 75)(76, 76)(77, 77)(78, 78)(79, 79)(80, 80)(81, 81)(82, 82)(83, 83)(84, 84)(85, 85)(86, 86)(87, 87)(88, 88)(89, 89)(90, 90)(91, 91)(92, 92)(93, 93)(94, 94)(95, 95)(96, 96)(97, 97)(98, 98)(99, 99)(100, 100)(101, 101)(102, 102)(103, 103)(104, 104)(105, 105)(106, 106)(107, 107)(108, 108)(109, 109)(110, 110)(111, 111)(112, 112)(113, 113)(114, 114)(115, 115)(116, 116)(117, 117)(118, 118)(119, 119)(120, 120)(121, 121)(122, 122)(123, 123)(124, 124)
0908a93749a07da23df25c1e7e13c4ceaeca1e23.flv,36058f2303f8f3792127c3aba23a770e2ce3a2af.flv	(19, 0)(20, 1)(21, 2)(22, 3)(23, 4)(24, 5)(27, 6)(28, 7)(31, 10)(32, 11)(34, 12)(35, 13)(37, 15)(39, 16)(41, 18)(42, 19)(43, 20)(44, 21)(46, 25)(49, 28)(56, 33)(60, 37)(61, 38)(63, 40)(68, 44)(72, 48)(73, 49)(74, 50)(76, 51)(77, 52)(78, 53)(81, 57)(82, 58)(87, 64)(88, 65)(89, 66)(90, 67)(92, 68)(93, 69)(94, 70)(96, 71)(103, 79)(104, 80)(106, 82)(110, 85)(112, 88)(117, 96)
0908a93749a07da23df25c1e7e13c4ceaeca1e23.flv,43e88c05606fa8939f8a1a908cc3ec7cbffb9acf.flv	(24, 0)(27, 1)(28, 2)(29, 4)(30, 5)(31, 6)(38, 11)(39, 12)(41, 15)(46, 20)(47, 21)(48, 22)(51, 25)(53, 26)(54, 27)(56, 30)(58, 33)(60, 34)(61, 35)(62, 36)(65, 39)(66, 40)(68, 41)(70, 43)(72, 44)(73, 45)(74, 46)(75, 47)(77, 49)(78, 50)(79, 52)(83, 56)(84, 57)(85, 58)(87, 61)(88, 62)(89, 63)(91, 64)(92, 65)(93, 66)(94, 67)(95, 68)(97, 69)(98, 70)(101, 74)(104, 78)(105, 79)(106, 80)(107, 81)(109, 84)(111, 85)
0908a93749a07da23df25c1e7e13c4ceaeca1e23.flv,4849d1042b92a04fb2e019beec04a4f30188ba18.flv	(23, 0)(24, 2)(26, 3)(27, 4)(29, 6)(30, 7)(31, 8)(32, 9)(35, 12)(38, 14)(39, 15)(40, 16)(41, 17)(42, 18)(44, 20)(46, 22)(49, 26)(51, 27)(57, 31)(58, 32)(59, 33)(65, 39)(68, 41)(71, 44)(72, 45)(74, 47)(75, 48)(76, 49)(77, 50)(78, 51)(80, 53)(81, 54)(82, 55)(87, 60)(88, 61)(90, 63)(94, 66)(95, 67)(96, 68)(97, 69)(103, 75)(105, 77)(107, 80)(108, 81)(110, 83)(111, 84)(112, 85)(116, 89)
0908a93749a07da23df25c1e7e13c4ceaeca1e23.flv,500bc7f5c5c61a19a8d4489fece07fdc1d7ed50e.flv	(23, 0)(24, 2)(26, 3)(27, 4)(29, 6)(30, 7)(31, 8)(32, 9)(35, 12)(38, 14)(39, 15)(40, 16)(41, 17)(42, 18)(44, 20)(46, 22)(49, 26)(51, 27)(57, 31)(58, 32)(59, 33)(65, 39)(68, 41)(71, 44)(72, 45)(74, 47)(75, 48)(76, 49)(77, 50)(78, 51)(80, 53)(81, 54)(82, 55)(87, 60)(88, 61)(90, 63)(94, 66)(95, 67)(96, 68)(97, 69)(103, 75)(105, 77)(107, 80)(108, 81)(110, 83)(111, 84)(112, 85)(116, 89)
0908a93749a07da23df25c1e7e13c4ceaeca1e23.flv,50dfd1daee780fbf9722990387201e2b367a1f27.flv	(3, 0)(4, 1)(5, 2)(6, 3)(7, 4)(8, 5)(10, 7)(11, 8)(12, 9)(15, 11)(19, 14)(20, 15)(21, 16)(22, 17)(23, 18)(24, 19)(26, 20)(27, 21)(28, 22)(29, 23)(30, 24)(31, 25)(32, 26)(33, 27)(34, 28)(35, 29)(37, 31)(41, 35)(43, 37)(44, 38)(45, 39)(46, 40)(47, 41)(48, 42)(49, 43)(50, 44)(51, 45)(53, 47)(54, 48)(55, 49)(58, 52)(59, 53)(60, 54)(61, 55)(62, 56)(63, 57)(64, 58)(65, 59)(66, 60)(69, 63)(71, 65)(73, 66)(74, 67)(75, 68)(76, 69)(77, 70)(78, 71)(79, 72)(82, 75)(83, 76)(84, 78)(87, 81)(88, 82)(89, 83)(90, 84)(91, 85)(93, 87)(94, 88)(95, 89)(98, 92)(100, 94)(103, 97)(104, 98)(105, 99)(106, 100)(107, 101)(110, 104)(113, 107)(114, 108)(116, 110)(117, 111)(118, 112)
0908a93749a07da23df25c1e7e13c4ceaeca1e23.flv,772259df16f837eb39a6d525748541fe6e15eecf.flv	(3, 2)(4, 3)(5, 4)(6, 5)(12, 9)(15, 12)(16, 14)(18, 15)(19, 16)(20, 17)(21, 18)(22, 19)(23, 20)(24, 21)(26, 22)(27, 23)(31, 26)(36, 30)(40, 34)(42, 35)(43, 36)(44, 37)(46, 40)(55, 47)(57, 48)(60, 51)(61, 52)(62, 53)(63, 54)(76, 66)(80, 70)(83, 73)(89, 78)(92, 81)(96, 84)(97, 85)(98, 86)(99, 87)(100, 88)(101, 89)(102, 90)(105, 94)(108, 97)(109, 98)(111, 100)(114, 103)(115, 105)(117, 109)(118, 110)
0908a93749a07da23df25c1e7e13c4ceaeca1e23.flv,923b0fb622520f5e31207dc0c339639743cd77bd.flv	(18, 0)(19, 1)(21, 3)(22, 4)(23, 5)(24, 6)(27, 8)(29, 12)(30, 13)(31, 14)(36, 17)(40, 21)(45, 25)(46, 27)(48, 29)(49, 30)(50, 31)(51, 32)(52, 33)(57, 38)(60, 40)(63, 43)(64, 44)(65, 45)(69, 48)(74, 53)(76, 54)(77, 55)(78, 56)(83, 61)(85, 62)(87, 65)(90, 68)(93, 71)(94, 72)(95, 73)(100, 75)(101, 76)(102, 77)(104, 79)(105, 80)(106, 81)(109, 84)(113, 87)(115, 90)(116, 92)
0908a93749a07da23df25c1e7e13c4ceaeca1e23.flv,976d46d661538fdfcff23979d4c0d9fff5fb5ee8.flv	(3, 0)(4, 1)(5, 2)(6, 3)(7, 4)(8, 5)(10, 7)(11, 8)(12, 9)(15, 11)(19, 14)(20, 15)(21, 16)(22, 17)(23, 18)(24, 19)(26, 20)(27, 21)(28, 22)(29, 23)(30, 24)(31, 25)(32, 26)(33, 27)(34, 28)(35, 29)(37, 31)(41, 35)(42, 36)(43, 37)(44, 38)(45, 39)(46, 40)(47, 41)(48, 42)(49, 43)(50, 44)(51, 45)(53, 47)(54, 48)(55, 49)(58, 52)(59, 53)(60, 54)(61, 55)(62, 56)(63, 57)(64, 58)(65, 59)(66, 60)(69, 63)(71, 65)(73, 66)(74, 67)(75, 68)(76, 69)(77, 70)(78, 71)(79, 72)(82, 75)(83, 76)(84, 78)(87, 81)(88, 82)(89, 83)(90, 84)(91, 85)(93, 87)(94, 88)(95, 89)(98, 92)(100, 94)(103, 97)(104, 98)(105, 99)(106, 100)(107, 101)(110, 104)(113, 107)(114, 108)(116, 110)(117, 111)(118, 112)
0908a93749a07da23df25c1e7e13c4ceaeca1e23.flv,abd84397791c7c16a1718e37e2821f232889d9ac.flv	(23, 14)(26, 32)(31, 45)(32, 46)(33, 48)(36, 53)(38, 55)(39, 57)(40, 59)(41, 60)(44, 62)(47, 70)(49, 75)(50, 76)(51, 78)(54, 82)(56, 86)(58, 90)(59, 91)(60, 92)
0908a93749a07da23df25c1e7e13c4ceaeca1e23.flv,b441a4e7885a6735296550f6e765a3fc1da1947b.flv	(3, 2)(4, 3)(5, 4)(6, 5)(12, 9)(15, 12)(16, 14)(18, 15)(19, 16)(20, 17)(21, 18)(22, 19)(23, 20)(24, 21)(26, 22)(27, 23)(31, 26)(36, 30)(40, 34)(42, 35)(43, 36)(44, 37)(46, 40)(55, 47)(57, 48)(60, 51)(61, 52)(62, 53)(63, 54)(71, 61)(76, 66)(80, 70)(83, 73)(88, 77)(89, 78)(92, 81)(97, 85)(98, 86)(99, 87)(100, 88)(101, 89)(102, 91)(105, 94)(108, 97)(109, 98)(111, 100)(114, 103)(115, 105)(117, 109)(118, 111)
0908a93749a07da23df25c1e7e13c4ceaeca1e23.flv,b90b0fdb3035754c78e100577387be7c39ea2404.flv	(19, 0)(20, 1)(21, 2)(22, 3)(23, 4)(24, 5)(27, 6)(28, 7)(31, 10)(32, 11)(34, 12)(35, 13)(37, 15)(39, 16)(41, 18)(42, 19)(43, 20)(44, 21)(46, 25)(49, 28)(56, 33)(60, 37)(61, 38)(63, 40)(68, 44)(72, 48)(73, 49)(74, 50)(76, 51)(77, 52)(78, 53)(81, 57)(82, 58)(87, 64)(88, 65)(89, 66)(90, 67)(92, 68)(93, 69)(94, 70)(96, 71)(103, 79)(104, 80)(106, 82)(110, 85)(112, 88)(117, 96)
0908a93749a07da23df25c1e7e13c4ceaeca1e23.flv,ffc734ab3e218f50f27286750b42a924fa151ef5.flv	(20, 0)(21, 2)(22, 3)(23, 4)(25, 10)(26, 11)(27, 13)(33, 19)(35, 21)(36, 22)(39, 24)(40, 25)(41, 26)(43, 27)(46, 30)(47, 31)(51, 35)(53, 36)(55, 38)(56, 39)(58, 41)(64, 46)(66, 50)(67, 51)(69, 53)(71, 54)(73, 56)(81, 65)(85, 69)(87, 71)(89, 72)(91, 74)(92, 75)(93, 76)(95, 77)(98, 80)(100, 81)(104, 86)(105, 87)(107, 89)(108, 90)(110, 92)(112, 94)(114, 95)
36058f2303f8f3792127c3aba23a770e2ce3a2af.flv,36058f2303f8f3792127c3aba23a770e2ce3a2af.flv	(0, 0)(1, 1)(2, 2)(3, 3)(4, 4)(5, 5)(6, 6)(7, 7)(8, 8)(9, 9)(10, 10)(11, 11)(12, 12)(13, 13)(14, 14)(15, 15)(16, 16)(17, 17)(18, 18)(19, 19)(20, 20)(21, 21)(22, 22)(23, 23)(24, 24)(25, 25)(26, 26)(27, 27)(28, 28)(29, 29)(30, 30)(31, 31)(32, 32)(33, 33)(34, 34)(35, 35)(36, 36)(37, 37)(38, 38)(39, 39)(40, 40)(41, 41)(42, 42)(43, 43)(44, 44)(45, 45)(46, 46)(47, 47)(48, 48)(49, 49)(50, 50)(51, 51)(52, 52)(53, 53)(54, 54)(55, 55)(56, 56)(57, 57)(58, 58)(59, 59)(60, 60)(61, 61)(62, 62)(63, 63)(64, 64)(65, 65)(66, 66)(67, 67)(68, 68)(69, 69)(70, 70)(71, 71)(72, 72)(73, 73)(74, 74)(75, 75)(76, 76)(77, 77)(78, 78)(79, 79)(80, 80)(81, 81)(82, 82)(83, 83)(84, 84)(85, 85)(86, 86)(87, 87)(88, 88)(89, 89)(90, 90)(91, 91)(92, 92)(93, 93)(94, 94)(95, 95)(96, 96)(97, 97)(98, 98)
36058f2303f8f3792127c3aba23a770e2ce3a2af.flv,43e88c05606fa8939f8a1a908cc3ec7cbffb9acf.flv	(5, 0)(6, 1)(7, 2)(10, 6)(16, 12)(17, 14)(20, 16)(21, 17)(22, 18)(23, 19)(28, 23)(30, 25)(32, 27)(33, 29)(37, 33)(38, 34)(40, 36)(43, 39)(44, 40)(48, 43)(49, 44)(50, 45)(51, 46)(52, 47)(53, 49)(57, 52)(58, 53)(59, 54)(61, 56)(64, 58)(65, 59)(66, 61)(67, 62)(68, 63)(69, 64)(71, 66)(72, 67)(73, 68)(74, 69)(75, 70)(76, 71)(77, 72)(78, 73)(81, 77)(82, 78)(83, 79)(84, 80)(85, 82)(86, 83)(89, 85)
36058f2303f8f3792127c3aba23a770e2ce3a2af.flv,4849d1042b92a04fb2e019beec04a4f30188ba18.flv	(4, 0)(5, 2)(6, 4)(10, 8)(13, 12)(14, 13)(18, 17)(19, 18)(20, 19)(21, 20)(23, 21)(24, 22)(26, 24)(27, 25)(28, 26)(30, 27)(31, 28)(32, 29)(33, 30)(34, 31)(37, 33)(38, 34)(42, 38)(43, 39)(44, 41)(48, 44)(50, 47)(52, 49)(53, 50)(54, 51)(57, 53)(59, 55)(61, 57)(62, 58)(63, 59)(65, 60)(68, 64)(69, 65)(72, 68)(74, 69)(76, 72)(78, 73)(79, 74)(80, 75)(87, 83)(90, 86)(91, 87)(92, 88)(94, 89)
36058f2303f8f3792127c3aba23a770e2ce3a2af.flv,500bc7f5c5c61a19a8d4489fece07fdc1d7ed50e.flv	(4, 0)(5, 2)(6, 4)(10, 8)(13, 12)(14, 13)(18, 17)(19, 18)(20, 19)(21, 20)(23, 21)(24, 22)(26, 24)(27, 25)(28, 26)(30, 27)(31, 28)(32, 29)(33, 30)(34, 31)(37, 33)(38, 34)(42, 38)(43, 39)(44, 41)(48, 44)(50, 47)(52, 49)(53, 50)(54, 51)(57, 53)(59, 55)(61, 57)(62, 58)(63, 59)(65, 60)(68, 64)(69, 65)(72, 68)(74, 69)(76, 72)(78, 73)(79, 74)(80, 75)(87, 83)(90, 86)(91, 87)(92, 88)(94, 89)
36058f2303f8f3792127c3aba23a770e2ce3a2af.flv,50dfd1daee780fbf9722990387201e2b367a1f27.flv	(0, 14)(1, 15)(3, 17)(4, 18)(5, 19)(6, 21)(7, 22)(10, 25)(12, 28)(13, 29)(14, 30)(15, 31)(18, 35)(21, 38)(23, 39)(26, 42)(29, 45)(35, 52)(36, 53)(37, 54)(39, 56)(45, 63)(49, 66)(50, 67)(51, 69)(52, 70)(56, 73)(57, 75)(61, 79)(62, 80)(63, 81)(64, 82)(67, 85)(69, 88)(70, 89)(73, 92)(76, 96)(78, 97)(80, 99)(81, 100)(85, 104)(88, 107)(89, 108)(95, 111)(96, 112)
36058f2303f8f3792127c3aba23a770e2ce3a2af.flv,772259df16f837eb39a6d525748541fe6e15eecf.flv	(0, 16)(1, 17)(2, 18)(3, 19)(4, 20)(5, 21)(6, 23)(7, 24)(9, 25)(10, 27)(11, 28)(12, 29)(13, 30)(16, 33)(18, 35)(19, 36)(20, 37)(21, 38)(25, 41)(26, 42)(27, 43)(28, 44)(30, 45)(32, 47)(33, 48)(34, 49)(35, 50)(38, 53)(40, 55)(42, 57)(43, 58)(44, 59)(47, 61)(48, 62)(49, 63)(50, 65)(51, 66)(52, 67)(53, 68)(57, 71)(58, 72)(60, 74)(61, 75)(64, 77)(65, 78)(66, 79)(67, 80)(68, 82)(71, 85)(74, 88)(75, 89)(76, 90)(77, 91)(82, 96)(83, 97)(84, 98)(85, 99)(89, 103)(90, 105)(93, 107)(94, 108)(95, 109)(96, 110)(97, 111)(98, 112)
36058f2303f8f3792127c3aba23a770e2ce3a2af.flv,923b0fb622520f5e31207dc0c339639743cd77bd.flv	(0, 1)(1, 2)(2, 3)(3, 4)(4, 5)(5, 6)(6, 8)(8, 11)(9, 12)(11, 14)(12, 15)(13, 16)(14, 17)(15, 18)(16, 19)(23, 24)(24, 25)(25, 27)(26, 28)(27, 29)(28, 30)(29, 31)(30, 32)(33, 36)(37, 39)(38, 40)(40, 42)(41, 43)(42, 44)(43, 45)(44, 46)(48, 49)(50, 52)(51, 53)(52, 54)(53, 55)(54, 56)(55, 57)(60, 60)(61, 61)(63, 62)(64, 63)(65, 64)(70, 70)(71, 71)(72, 73)(74, 74)(78, 76)(80, 78)(81, 79)(82, 80)(83, 81)(84, 82)(86, 84)(89, 86)(90, 87)(94, 90)(97, 92)(98, 93)
36058f2303f8f3792127c3aba23a770e2ce3a2af.flv,976d46d661538fdfcff23979d4c0d9fff5fb5ee8.flv	(0, 14)(1, 15)(3, 17)(4, 18)(5, 19)(6, 21)(7, 22)(10, 25)(12, 28)(13, 29)(15, 31)(18, 35)(19, 36)(20, 37)(21, 38)(22, 39)(24, 40)(26, 42)(27, 43)(29, 45)(30, 47)(32, 49)(34, 52)(36, 53)(37, 54)(38, 56)(46, 64)(47, 65)(48, 66)(51, 69)(53, 72)(55, 73)(56, 74)(57, 75)(61, 79)(65, 83)(67, 85)(69, 89)(72, 92)(74, 94)(75, 96)(77, 97)(79, 98)(80, 99)(81, 100)(82, 101)(83, 102)(87, 107)(89, 108)(94, 111)(96, 112)
36058f2303f8f3792127c3aba23a770e2ce3a2af.flv,abd84397791c7c16a1718e37e2821f232889d9ac.flv	(0, 1)(1, 2)(2, 3)(3, 4)(4, 5)(5, 6)(6, 8)(8, 11)(9, 12)(10, 13)(11, 14)(12, 15)(13, 16)(15, 18)(16, 19)(17, 20)(18, 21)(23, 24)(24, 25)(25, 26)(26, 28)(27, 29)(28, 30)(30, 32)(33, 36)(35, 37)(36, 38)(37, 39)(38, 40)(40, 42)(41, 43)(42, 44)(43, 45)(44, 46)(48, 49)(49, 51)(50, 52)(51, 53)(52, 54)(53, 55)(54, 56)(55, 57)(61, 61)(62, 62)(63, 63)(66, 66)(71, 72)(72, 73)(74, 74)(75, 75)(77, 76)(80, 78)(84, 82)(85, 83)(89, 86)(90, 88)(93, 90)
36058f2303f8f3792127c3aba23a770e2ce3a2af.flv,b441a4e7885a6735296550f6e765a3fc1da1947b.flv	(0, 16)(1, 17)(2, 18)(3, 19)(4, 20)(5, 21)(6, 23)(7, 24)(9, 25)(10, 27)(11, 28)(12, 29)(13, 30)(16, 33)(18, 35)(19, 36)(20, 37)(21, 38)(25, 41)(26, 42)(27, 43)(28, 44)(30, 45)(32, 47)(33, 48)(34, 49)(35, 50)(38, 53)(40, 55)(42, 57)(43, 58)(44, 59)(47, 61)(48, 62)(49, 63)(50, 65)(51, 66)(52, 67)(53, 68)(57, 71)(58, 72)(60, 74)(61, 75)(64, 77)(65, 78)(66, 79)(67, 80)(68, 82)(71, 85)(74, 88)(75, 89)(76, 90)(77, 91)(82, 96)(83, 97)(84, 98)(85, 99)(89, 103)(90, 105)(93, 107)(94, 108)(95, 109)(96, 110)(97, 111)(98, 112)
36058f2303f8f3792127c3aba23a770e2ce3a2af.flv,b90b0fdb3035754c78e100577387be7c39ea2404.flv	(0, 0)(1, 1)(2, 2)(3, 3)(4, 4)(5, 5)(6, 6)(7, 7)(8, 8)(9, 9)(10, 10)(11, 11)(12, 12)(13, 13)(14, 14)(15, 15)(16, 16)(17, 17)(18, 18)(19, 19)(20, 20)(21, 21)(22, 22)(23, 23)(24, 24)(25, 25)(26, 26)(27, 27)(28, 28)(29, 29)(30, 30)(31, 31)(32, 32)(33, 33)(34, 34)(35, 35)(36, 36)(37, 37)(38, 38)(39, 39)(40, 40)(41, 41)(42, 42)(43, 43)(44, 44)(45, 45)(46, 46)(47, 47)(48, 48)(49, 49)(50, 50)(51, 51)(52, 52)(53, 53)(54, 54)(55, 55)(56, 56)(57, 57)(58, 58)(59, 59)(60, 60)(61, 61)(62, 62)(63, 63)(64, 64)(65, 65)(66, 66)(67, 67)(68, 68)(69, 69)(70, 70)(71, 71)(72, 72)(73, 73)(74, 74)(75, 75)(76, 76)(77, 77)(78, 78)(79, 79)(80, 80)(81, 81)(82, 82)(83, 83)(84, 84)(85, 85)(86, 86)(87, 87)(88, 88)(89, 89)(90, 90)(91, 91)(92, 92)(93, 93)(94, 94)(95, 95)(96, 96)(97, 97)(98, 98)
36058f2303f8f3792127c3aba23a770e2ce3a2af.flv,ffc734ab3e218f50f27286750b42a924fa151ef5.flv	(1, 0)(1, 1)(2, 2)(3, 3)(4, 4)(6, 13)(9, 16)(10, 17)(12, 20)(13, 21)(14, 22)(15, 23)(16, 24)(17, 25)(19, 26)(20, 27)(21, 27)(22, 28)(24, 29)(25, 30)(26, 31)(29, 34)(30, 35)(34, 39)(35, 40)(36, 41)(38, 43)(41, 45)(45, 51)(46, 52)(49, 55)(50, 56)(51, 58)(52, 59)(53, 60)(54, 61)(55, 62)(57, 63)(58, 64)(62, 68)(63, 69)(64, 69)(65, 70)(66, 71)(67, 72)(69, 74)(71, 76)(73, 77)(74, 78)(75, 80)(76, 81)(78, 82)(79, 83)(80, 84)(81, 85)(82, 86)(83, 87)(84, 88)(86, 90)(87, 91)(88, 92)(89, 93)(90, 94)
43e88c05606fa8939f8a1a908cc3ec7cbffb9acf.flv,43e88c05606fa8939f8a1a908cc3ec7cbffb9acf.flv	(0, 0)(1, 1)(2, 2)(3, 3)(4, 4)(5, 5)(6, 6)(7, 7)(8, 8)(9, 9)(10, 10)(11, 11)(12, 12)(13, 13)(14, 14)(15, 15)(16, 16)(17, 17)(18, 18)(19, 19)(20, 20)(21, 21)(22, 22)(23, 23)(24, 24)(25, 25)(26, 26)(27, 27)(28, 28)(29, 29)(30, 30)(31, 31)(32, 32)(33, 33)(34, 34)(35, 35)(36, 36)(37, 37)(38, 38)(39, 39)(40, 40)(41, 41)(42, 42)(43, 43)(44, 44)(45, 45)(46, 46)(47, 47)(48, 48)(49, 49)(50, 50)(51, 51)(52, 52)(53, 53)(54, 54)(55, 55)(56, 56)(57, 57)(58, 58)(59, 59)(60, 60)(61, 61)(62, 62)(63, 63)(64, 64)(65, 65)(66, 66)(67, 67)(68, 68)(69, 69)(70, 70)(71, 71)(72, 72)(73, 73)(74, 74)(75, 75)(76, 76)(77, 77)(78, 78)(79, 79)(80, 80)(81, 81)(82, 82)(83, 83)(84, 84)(85, 85)
43e88c05606fa8939f8a1a908cc3ec7cbffb9acf.flv,4849d1042b92a04fb2e019beec04a4f30188ba18.flv	(0, 2)(1, 4)(4, 7)(6, 10)(7, 11)(10, 14)(13, 17)(14, 18)(15, 19)(17, 21)(20, 23)(23, 26)(25, 27)(26, 28)(27, 29)(33, 33)(34, 34)(36, 36)(39, 39)(40, 41)(41, 42)(43, 44)(44, 46)(45, 47)(46, 48)(47, 49)(49, 51)(52, 53)(53, 54)(56, 57)(57, 58)(58, 59)(61, 61)(62, 62)(63, 63)(67, 67)(68, 68)(69, 69)(70, 70)(71, 71)(72, 72)(74, 74)(77, 76)(78, 77)(79, 79)(80, 80)(83, 82)(84, 83)(85, 84)
43e88c05606fa8939f8a1a908cc3ec7cbffb9acf.flv,500bc7f5c5c61a19a8d4489fece07fdc1d7ed50e.flv	(0, 2)(1, 4)(7, 11)(8, 12)(9, 13)(10, 14)(11, 15)(12, 16)(13, 16)(14, 17)(15, 18)(16, 20)(18, 21)(19, 22)(20, 23)(21, 24)(22, 25)(23, 26)(25, 27)(26, 28)(27, 29)(28, 30)(29, 30)(30, 31)(32, 32)(33, 33)(34, 34)(36, 36)(37, 37)(39, 39)(40, 40)(42, 43)(43, 44)(44, 45)(45, 47)(47, 49)(48, 50)(50, 51)(51, 52)(52, 53)(53, 54)(54, 55)(55, 55)(56, 57)(57, 58)(58, 59)(59, 60)(60, 60)(61, 61)(62, 62)(63, 63)(64, 64)(65, 65)(66, 66)(67, 67)(68, 68)(69, 69)(70, 70)(71, 71)(72, 72)(73, 73)(74, 74)(75, 75)(76, 75)(77, 76)(78, 77)(79, 78)(79, 79)(80, 80)(81, 81)(82, 81)(83, 82)(84, 83)(85, 84)
43e88c05606fa8939f8a1a908cc3ec7cbffb9acf.flv,50dfd1daee780fbf9722990387201e2b367a1f27.flv	(0, 19)(1, 21)(2, 22)(7, 28)(8, 29)(9, 30)(10, 31)(11, 32)(12, 33)(13, 34)(16, 37)(17, 38)(19, 39)(20, 40)(22, 42)(23, 43)(24, 44)(25, 45)(26, 47)(27, 48)(28, 49)(29, 49)(30, 50)(31, 51)(32, 52)(33, 53)(34, 54)(35, 55)(36, 56)(37, 57)(38, 58)(39, 59)(40, 60)(41, 61)(42, 63)(43, 64)(44, 65)(45, 66)(46, 67)(47, 68)(48, 69)(49, 70)(50, 71)(52, 72)(53, 73)(54, 74)(56, 76)(57, 78)(58, 79)(59, 79)(60, 80)(61, 81)(62, 82)(63, 83)(64, 85)(65, 86)(66, 87)(67, 88)(68, 89)(70, 92)(71, 93)(72, 94)(73, 94)(76, 97)(77, 97)(78, 98)(79, 99)(80, 100)(81, 101)(82, 101)(83, 102)(84, 103)(85, 104)
43e88c05606fa8939f8a1a908cc3ec7cbffb9acf.flv,772259df16f837eb39a6d525748541fe6e15eecf.flv	(0, 21)(1, 23)(2, 24)(4, 25)(5, 26)(6, 28)(7, 29)(8, 30)(11, 33)(14, 35)(15, 36)(20, 41)(21, 42)(22, 43)(23, 44)(25, 45)(26, 46)(27, 47)(30, 49)(31, 50)(34, 53)(35, 54)(36, 55)(39, 58)(40, 59)(41, 60)(42, 61)(43, 62)(44, 64)(45, 65)(46, 66)(47, 67)(48, 68)(49, 69)(50, 70)(52, 71)(56, 75)(57, 76)(58, 77)(59, 78)(62, 80)(63, 82)(64, 83)(65, 84)(67, 86)(68, 87)(69, 88)(70, 89)(74, 93)(78, 96)(79, 97)(80, 98)(81, 99)(82, 100)(83, 101)(85, 104)
43e88c05606fa8939f8a1a908cc3ec7cbffb9acf.flv,923b0fb622520f5e31207dc0c339639743cd77bd.flv	(0, 6)(1, 8)(3, 11)(4, 12)(5, 13)(6, 14)(7, 15)(8, 16)(9, 17)(10, 18)(15, 22)(18, 24)(19, 25)(20, 27)(21, 28)(22, 29)(23, 30)(24, 31)(25, 32)(26, 34)(27, 35)(33, 39)(34, 40)(36, 42)(37, 43)(38, 44)(39, 45)(40, 46)(41, 47)(43, 49)(44, 51)(45, 52)(46, 53)(47, 54)(49, 56)(50, 57)(56, 61)(57, 62)(65, 71)(66, 72)(67, 73)(69, 74)(70, 75)(72, 76)(78, 80)(79, 81)(80, 82)(82, 83)(83, 84)(84, 85)(85, 86)
43e88c05606fa8939f8a1a908cc3ec7cbffb9acf.flv,976d46d661538fdfcff23979d4c0d9fff5fb5ee8.flv	(0, 19)(1, 21)(2, 22)(7, 28)(8, 29)(9, 30)(10, 31)(11, 32)(12, 33)(13, 34)(16, 37)(17, 38)(19, 39)(20, 40)(22, 42)(23, 43)(24, 44)(25, 45)(26, 47)(27, 48)(28, 49)(29, 49)(30, 50)(31, 51)(32, 52)(33, 53)(34, 54)(35, 55)(36, 56)(37, 57)(38, 58)(39, 59)(40, 60)(41, 61)(42, 63)(43, 64)(44, 65)(45, 66)(46, 67)(47, 68)(48, 69)(49, 70)(50, 71)(52, 72)(53, 73)(54, 74)(56, 76)(57, 78)(58, 79)(59, 79)(60, 80)(61, 81)(62, 82)(63, 83)(64, 85)(65, 86)(66, 87)(67, 88)(68, 89)(70, 92)(71, 93)(72, 94)(73, 94)(76, 97)(77, 97)(78, 98)(79, 99)(80, 100)(81, 101)(82, 101)(83, 102)(84, 103)(85, 104)
43e88c05606fa8939f8a1a908cc3ec7cbffb9acf.flv,abd84397791c7c16a1718e37e2821f232889d9ac.flv	(0, 6)(1, 8)(3, 11)(4, 12)(5, 13)(6, 14)(7, 15)(8, 16)(10, 18)(13, 20)(14, 21)(15, 22)(18, 24)(19, 25)(20, 26)(21, 28)(22, 29)(23, 30)(25, 32)(31, 37)(32, 38)(33, 39)(34, 40)(39, 45)(41, 47)(42, 48)(43, 49)(44, 50)(45, 52)(46, 53)(47, 54)(49, 55)(52, 58)(56, 61)(58, 63)(59, 64)(60, 65)(65, 70)(66, 71)(67, 72)(68, 73)(69, 74)(73, 76)(74, 77)(78, 80)(79, 81)(83, 83)(85, 86)
43e88c05606fa8939f8a1a908cc3ec7cbffb9acf.flv,b441a4e7885a6735296550f6e765a3fc1da1947b.flv	(0, 21)(1, 23)(2, 24)(5, 27)(6, 28)(7, 29)(8, 30)(10, 32)(14, 35)(15, 37)(16, 38)(19, 40)(20, 41)(21, 42)(23, 44)(25, 45)(26, 46)(27, 47)(30, 49)(31, 50)(34, 53)(35, 54)(36, 55)(39, 58)(40, 59)(41, 60)(42, 61)(43, 62)(44, 63)(45, 65)(46, 66)(47, 67)(49, 69)(52, 71)(53, 72)(56, 75)(57, 76)(58, 77)(59, 78)(65, 84)(68, 86)(69, 88)(71, 90)(72, 91)(75, 94)(78, 96)(79, 97)(80, 98)(82, 99)(83, 100)(84, 102)(85, 103)
43e88c05606fa8939f8a1a908cc3ec7cbffb9acf.flv,b90b0fdb3035754c78e100577387be7c39ea2404.flv	(0, 5)(1, 6)(2, 7)(3, 8)(4, 9)(6, 11)(7, 12)(8, 13)(9, 14)(10, 15)(12, 16)(13, 17)(14, 18)(15, 19)(16, 21)(17, 22)(18, 23)(19, 24)(20, 25)(21, 26)(22, 27)(23, 28)(24, 29)(25, 30)(27, 32)(28, 33)(29, 33)(30, 34)(31, 35)(32, 36)(33, 37)(34, 38)(35, 39)(36, 40)(37, 41)(39, 43)(40, 44)(41, 45)(42, 47)(43, 48)(44, 49)(45, 50)(46, 51)(47, 52)(48, 53)(49, 54)(50, 55)(51, 56)(52, 57)(53, 58)(54, 59)(56, 61)(57, 63)(58, 64)(59, 65)(60, 66)(61, 66)(62, 67)(63, 68)(64, 69)(65, 70)(66, 71)(67, 72)(68, 73)(69, 74)(70, 75)(71, 76)(72, 77)(73, 78)(77, 81)(78, 82)(79, 83)(80, 84)(81, 85)(82, 85)(83, 86)(84, 88)(85, 89)
43e88c05606fa8939f8a1a908cc3ec7cbffb9acf.flv,ffc734ab3e218f50f27286750b42a924fa151ef5.flv	(1, 13)(4, 16)(5, 17)(6, 18)(8, 21)(15, 26)(19, 29)(20, 30)(21, 31)(22, 32)(23, 33)(25, 35)(26, 36)(27, 37)(33, 41)(34, 42)(36, 44)(40, 50)(41, 51)(43, 53)(44, 54)(45, 56)(46, 57)(47, 59)(49, 60)(54, 64)(56, 66)(57, 68)(60, 70)(63, 72)(67, 76)(69, 78)(80, 88)(84, 91)(85, 92)
4849d1042b92a04fb2e019beec04a4f30188ba18.flv,4849d1042b92a04fb2e019beec04a4f30188ba18.flv	(0, 0)(1, 1)(2, 2)(3, 3)(4, 4)(5, 5)(6, 6)(7, 7)(8, 8)(9, 9)(10, 10)(11, 11)(12, 12)(13, 13)(14, 14)(15, 15)(16, 16)(17, 17)(18, 18)(19, 19)(20, 20)(21, 21)(22, 22)(23, 23)(24, 24)(25, 25)(26, 26)(27, 27)(28, 28)(29, 29)(30, 30)(31, 31)(32, 32)(33, 33)(34, 34)(35, 35)(36, 36)(37, 37)(38, 38)(39, 39)(40, 40)(41, 41)(42, 42)(43, 43)(44, 44)(45, 45)(46, 46)(47, 47)(48, 48)(49, 49)(50, 50)(51, 51)(52, 52)(53, 53)(54, 54)(55, 55)(56, 56)(57, 57)(58, 58)(59, 59)(60, 60)(61, 61)(62, 62)(63, 63)(64, 64)(65, 65)(66, 66)(67, 67)(68, 68)(69, 69)(70, 70)(71, 71)(72, 72)(73, 73)(74, 74)(75, 75)(76, 76)(77, 77)(78, 78)(79, 79)(80, 80)(81, 81)(82, 82)(83, 83)(84, 84)(85, 85)(86, 86)(87, 87)(88, 88)(89, 89)
4849d1042b92a04fb2e019beec04a4f30188ba18.flv,500bc7f5c5c61a19a8d4489fece07fdc1d7ed50e.flv	(0, 0)(1, 1)(2, 2)(3, 3)(4, 4)(5, 5)(6, 6)(7, 7)(8, 8)(9, 9)(10, 10)(11, 11)(12, 12)(13, 13)(14, 14)(15, 15)(16, 16)(17, 17)(18, 18)(19, 19)(20, 20)(21, 21)(22, 22)(23, 23)(24, 24)(25, 25)(26, 26)(27, 27)(28, 28)(29, 29)(30, 30)(31, 31)(32, 32)(33, 33)(34, 34)(35, 35)(36, 36)(37, 37)(38, 38)(39, 39)(40, 40)(41, 41)(42, 42)(43, 43)(44, 44)(45, 45)(46, 46)(47, 47)(48, 48)(49, 49)(50, 50)(51, 51)(52, 52)(53, 53)(54, 54)(55, 55)(56, 56)(57, 57)(58, 58)(59, 59)(60, 60)(61, 61)(62, 62)(63, 63)(64, 64)(65, 65)(66, 66)(67, 67)(68, 68)(69, 69)(70, 70)(71, 71)(72, 72)(73, 73)(74, 74)(75, 75)(76, 76)(77, 77)(78, 78)(79, 79)(80, 80)(81, 81)(82, 82)(83, 83)(84, 84)(85, 85)(86, 86)(87, 87)(88, 88)(89, 89)
4849d1042b92a04fb2e019beec04a4f30188ba18.flv,50dfd1daee780fbf9722990387201e2b367a1f27.flv	(0, 18)(2, 19)(3, 20)(4, 21)(6, 23)(8, 25)(10, 28)(12, 29)(13, 31)(17, 35)(21, 39)(22, 40)(32, 52)(35, 56)(36, 57)(37, 58)(39, 59)(42, 63)(48, 68)(49, 69)(50, 70)(54, 74)(55, 75)(58, 79)(62, 83)(64, 85)(67, 89)(71, 94)(72, 95)(73, 96)(76, 98)(77, 99)(79, 100)(80, 101)(81, 102)(82, 103)(83, 104)(87, 108)(88, 109)(89, 110)
4849d1042b92a04fb2e019beec04a4f30188ba18.flv,772259df16f837eb39a6d525748541fe6e15eecf.flv	(0, 19)(2, 21)(3, 22)(4, 23)(8, 26)(10, 28)(11, 29)(12, 30)(13, 31)(16, 34)(20, 38)(22, 40)(24, 42)(25, 43)(26, 44)(27, 45)(29, 47)(30, 48)(31, 49)(33, 51)(34, 53)(35, 54)(38, 57)(39, 58)(43, 61)(44, 62)(47, 65)(50, 68)(51, 69)(52, 70)(53, 71)(54, 72)(55, 73)(56, 74)(57, 75)(59, 77)(60, 78)(63, 81)(64, 82)(68, 86)(69, 88)(70, 89)(71, 90)(72, 91)(73, 92)(74, 93)(75, 94)(77, 96)(80, 98)(81, 99)(83, 102)(84, 103)(85, 104)(88, 107)(89, 109)
4849d1042b92a04fb2e019beec04a4f30188ba18.flv,923b0fb622520f5e31207dc0c339639743cd77bd.flv	(0, 5)(2, 6)(3, 7)(4, 8)(5, 9)(8, 13)(12, 16)(13, 17)(16, 20)(17, 21)(20, 23)(21, 24)(22, 25)(23, 27)(24, 28)(25, 29)(26, 30)(27, 32)(28, 34)(31, 37)(32, 38)(33, 39)(34, 40)(36, 42)(37, 43)(38, 44)(39, 45)(41, 46)(42, 47)(43, 48)(44, 49)(45, 50)(47, 52)(49, 54)(50, 55)(51, 56)(53, 58)(57, 61)(58, 62)(59, 63)(60, 64)(63, 67)(64, 69)(66, 71)(69, 74)(75, 78)(76, 79)(77, 80)(83, 85)(86, 88)(89, 91)
4849d1042b92a04fb2e019beec04a4f30188ba18.flv,976d46d661538fdfcff23979d4c0d9fff5fb5ee8.flv	(0, 18)(2, 19)(3, 20)(4, 21)(6, 23)(9, 27)(10, 28)(11, 29)(13, 31)(14, 32)(15, 33)(18, 36)(20, 39)(22, 40)(24, 42)(25, 43)(26, 45)(27, 47)(28, 48)(29, 49)(31, 52)(32, 53)(33, 54)(34, 56)(35, 57)(36, 58)(41, 63)(42, 64)(43, 65)(48, 69)(49, 70)(51, 72)(52, 73)(55, 76)(60, 83)(61, 84)(67, 91)(70, 95)(71, 96)(73, 97)(74, 98)(75, 99)(77, 100)(78, 101)(80, 102)(81, 104)(85, 108)
4849d1042b92a04fb2e019beec04a4f30188ba18.flv,abd84397791c7c16a1718e37e2821f232889d9ac.flv	(0, 5)(2, 6)(3, 7)(4, 8)(5, 9)(8, 13)(12, 16)(13, 17)(16, 20)(17, 21)(20, 23)(21, 24)(22, 25)(23, 27)(24, 28)(25, 29)(26, 30)(27, 32)(28, 34)(31, 37)(32, 38)(33, 39)(34, 40)(36, 42)(37, 43)(38, 44)(39, 45)(41, 46)(42, 47)(43, 48)(44, 49)(45, 50)(47, 52)(49, 54)(50, 55)(51, 56)(53, 58)(57, 61)(58, 62)(59, 63)(60, 64)(63, 67)(64, 69)(66, 71)(69, 74)(75, 78)(76, 79)(77, 80)(83, 85)(86, 88)(89, 91)
4849d1042b92a04fb2e019beec04a4f30188ba18.flv,b441a4e7885a6735296550f6e765a3fc1da1947b.flv	(0, 19)(2, 21)(3, 22)(4, 23)(8, 26)(10, 28)(11, 29)(12, 30)(13, 31)(16, 34)(20, 38)(22, 40)(24, 42)(25, 43)(26, 44)(27, 45)(29, 47)(30, 48)(31, 49)(33, 51)(34, 53)(35, 54)(38, 57)(39, 58)(43, 61)(44, 62)(47, 65)(50, 68)(51, 69)(52, 70)(53, 71)(54, 72)(55, 73)(56, 74)(57, 75)(59, 77)(60, 78)(63, 81)(64, 82)(68, 86)(69, 88)(70, 89)(71, 90)(72, 91)(73, 92)(74, 93)(75, 94)(77, 96)(80, 98)(81, 99)(83, 102)(84, 103)(85, 104)(88, 107)(89, 109)
4849d1042b92a04fb2e019beec04a4f30188ba18.flv,b90b0fdb3035754c78e100577387be7c39ea2404.flv	(0, 4)(2, 5)(4, 6)(8, 10)(9, 11)(12, 13)(13, 14)(14, 15)(15, 16)(16, 17)(17, 18)(18, 19)(19, 20)(20, 21)(21, 23)(24, 26)(25, 27)(26, 28)(27, 30)(28, 31)(29, 32)(30, 33)(31, 34)(31, 35)(32, 36)(33, 37)(34, 38)(35, 40)(37, 41)(38, 42)(39, 43)(42, 46)(43, 47)(44, 48)(46, 49)(47, 50)(48, 51)(49, 52)(50, 53)(51, 55)(52, 56)(53, 57)(54, 58)(55, 59)(56, 60)(57, 61)(58, 63)(59, 64)(60, 65)(61, 66)(62, 67)(63, 68)(64, 69)(65, 70)(66, 71)(67, 72)(68, 73)(69, 74)(70, 75)(71, 76)(72, 77)(73, 78)(73, 79)(75, 80)(76, 81)(77, 82)(78, 83)(79, 83)(80, 84)(81, 85)(82, 86)(83, 88)(84, 89)(85, 90)(86, 91)(87, 92)(88, 93)(89, 94)(89, 95)
4849d1042b92a04fb2e019beec04a4f30188ba18.flv,ffc734ab3e218f50f27286750b42a924fa151ef5.flv	(0, 4)(3, 10)(4, 13)(6, 15)(7, 16)(9, 18)(15, 23)(16, 24)(17, 25)(19, 26)(20, 27)(21, 28)(23, 30)(27, 35)(28, 36)(30, 38)(31, 39)(33, 41)(35, 44)(37, 45)(40, 50)(41, 51)(44, 53)(45, 54)(49, 59)(50, 60)(52, 62)(53, 63)(54, 64)(55, 65)(59, 69)(61, 71)(64, 74)(68, 77)(70, 80)(72, 81)(74, 83)(75, 84)(76, 85)(77, 86)(79, 87)(82, 90)
500bc7f5c5c61a19a8d4489fece07fdc1d7ed50e.flv,500bc7f5c5c61a19a8d4489fece07fdc1d7ed50e.flv	(0, 0)(1, 1)(2, 2)(3, 3)(4, 4)(5, 5)(6, 6)(7, 7)(8, 8)(9, 9)(10, 10)(11, 11)(12, 12)(13, 13)(14, 14)(15, 15)(16, 16)(17, 17)(18, 18)(19, 19)(20, 20)(21, 21)(22, 22)(23, 23)(24, 24)(25, 25)(26, 26)(27, 27)(28, 28)(29, 29)(30, 30)(31, 31)(32, 32)(33, 33)(34, 34)(35, 35)(36, 36)(37, 37)(38, 38)(39, 39)(40, 40)(41, 41)(42, 42)(43, 43)(44, 44)(45, 45)(46, 46)(47, 47)(48, 48)(49, 49)(50, 50)(51, 51)(52, 52)(53, 53)(54, 54)(55, 55)(56, 56)(57, 57)(58, 58)(59, 59)(60, 60)(61, 61)(62, 62)(63, 63)(64, 64)(65, 65)(66, 66)(67, 67)(68, 68)(69, 69)(70, 70)(71, 71)(72, 72)(73, 73)(74, 74)(75, 75)(76, 76)(77, 77)(78, 78)(79, 79)(80, 80)(81, 81)(82, 82)(83, 83)(84, 84)(85, 85)(86, 86)(87, 87)(88, 88)(89, 89)
500bc7f5c5c61a19a8d4489fece07fdc1d7ed50e.flv,50dfd1daee780fbf9722990387201e2b367a1f27.flv	(0, 18)(2, 19)(3, 20)(4, 21)(8, 25)(11, 28)(12, 29)(14, 31)(15, 32)(18, 35)(19, 36)(23, 40)(25, 42)(26, 43)(27, 45)(28, 47)(29, 48)(30, 49)(32, 52)(35, 56)(39, 59)(40, 60)(43, 63)(48, 68)(49, 69)(50, 70)(54, 74)(55, 75)(58, 79)(61, 82)(62, 83)(64, 85)(65, 86)(67, 89)(71, 94)(73, 96)(75, 97)(76, 98)(77, 99)(79, 100)(80, 101)(81, 102)(82, 103)(83, 104)(87, 108)(88, 109)(89, 110)
500bc7f5c5c61a19a8d4489fece07fdc1d7ed50e.flv,772259df16f837eb39a6d525748541fe6e15eecf.flv	(0, 20)(2, 21)(3, 22)(4, 23)(6, 25)(8, 27)(12, 30)(13, 31)(14, 32)(15, 33)(16, 34)(17, 35)(18, 36)(19, 37)(20, 38)(22, 40)(24, 42)(25, 43)(26, 44)(27, 45)(29, 47)(30, 48)(31, 49)(33, 51)(34, 53)(35, 54)(38, 57)(39, 58)(44, 62)(47, 65)(50, 68)(51, 69)(52, 70)(53, 71)(54, 72)(55, 73)(57, 75)(60, 78)(64, 82)(65, 83)(66, 84)(69, 88)(72, 90)(75, 94)(81, 98)(83, 101)(84, 103)(86, 105)(89, 108)
500bc7f5c5c61a19a8d4489fece07fdc1d7ed50e.flv,923b0fb622520f5e31207dc0c339639743cd77bd.flv	(0, 5)(2, 6)(3, 7)(4, 8)(5, 9)(8, 13)(12, 16)(13, 17)(16, 20)(17, 21)(20, 23)(21, 24)(22, 25)(23, 27)(24, 28)(25, 29)(26, 30)(27, 32)(28, 34)(31, 37)(32, 38)(33, 39)(34, 40)(36, 42)(37, 43)(38, 44)(39, 45)(41, 46)(42, 47)(43, 48)(44, 49)(45, 50)(47, 52)(49, 54)(50, 55)(51, 56)(53, 58)(57, 61)(58, 62)(59, 63)(60, 64)(63, 67)(64, 69)(66, 71)(69, 74)(75, 78)(76, 79)(77, 80)(83, 85)(86, 88)(89, 91)
500bc7f5c5c61a19a8d4489fece07fdc1d7ed50e.flv,976d46d661538fdfcff23979d4c0d9fff5fb5ee8.flv	(0, 18)(2, 19)(3, 20)(4, 21)(6, 23)(9, 27)(10, 28)(11, 29)(13, 31)(14, 32)(15, 33)(18, 36)(20, 39)(22, 40)(24, 42)(25, 43)(26, 45)(27, 47)(28, 48)(29, 49)(31, 52)(32, 53)(33, 54)(34, 56)(35, 57)(36, 58)(41, 63)(42, 64)(43, 65)(48, 69)(49, 70)(51, 72)(52, 73)(55, 76)(60, 83)(61, 84)(67, 91)(70, 95)(71, 96)(73, 97)(74, 98)(75, 99)(77, 100)(78, 101)(80, 102)(81, 104)(85, 108)
500bc7f5c5c61a19a8d4489fece07fdc1d7ed50e.flv,abd84397791c7c16a1718e37e2821f232889d9ac.flv	(0, 5)(2, 6)(3, 7)(4, 8)(5, 9)(8, 13)(12, 16)(13, 17)(16, 20)(17, 21)(20, 23)(21, 24)(22, 25)(23, 27)(24, 28)(25, 29)(26, 30)(27, 32)(28, 34)(31, 37)(32, 38)(33, 39)(34, 40)(36, 42)(37, 43)(38, 44)(39, 45)(41, 46)(42, 47)(43, 48)(44, 49)(45, 50)(47, 52)(49, 54)(50, 55)(51, 56)(53, 58)(57, 61)(58, 62)(59, 63)(60, 64)(63, 67)(64, 69)(66, 71)(69, 74)(75, 78)(76, 79)(77, 80)(83, 85)(86, 88)(89, 91)
500bc7f5c5c61a19a8d4489fece07fdc1d7ed50e.flv,b441a4e7885a6735296550f6e765a3fc1da1947b.flv	(0, 19)(2, 21)(3, 22)(4, 23)(6, 24)(8, 26)(10, 28)(12, 30)(13, 31)(15, 32)(18, 35)(19, 36)(20, 38)(25, 43)(26, 44)(27, 45)(31, 49)(32, 50)(33, 51)(34, 53)(35, 54)(38, 56)(39, 58)(41, 59)(46, 63)(47, 65)(50, 67)(51, 69)(53, 71)(57, 75)(60, 77)(63, 80)(64, 82)(66, 84)(71, 89)(72, 90)(75, 93)(80, 97)(81, 98)(83, 101)(86, 105)(89, 108)
500bc7f5c5c61a19a8d4489fece07fdc1d7ed50e.flv,b90b0fdb3035754c78e100577387be7c39ea2404.flv	(0, 4)(2, 5)(4, 6)(8, 10)(9, 11)(12, 13)(13, 14)(14, 15)(15, 16)(16, 17)(17, 18)(18, 19)(19, 20)(20, 21)(21, 23)(24, 26)(25, 27)(26, 28)(27, 30)(28, 31)(29, 32)(30, 33)(31, 34)(31, 35)(32, 36)(33, 37)(34, 38)(35, 40)(37, 41)(38, 42)(39, 43)(42, 46)(43, 47)(44, 48)(46, 49)(47, 50)(48, 51)(49, 52)(50, 53)(51, 55)(52, 56)(53, 57)(54, 58)(55, 59)(56, 60)(57, 61)(58, 63)(59, 64)(60, 65)(61, 66)(62, 67)(63, 68)(64, 69)(65, 70)(66, 71)(67, 72)(68, 73)(69, 74)(70, 75)(71, 76)(72, 77)(73, 78)(73, 79)(75, 80)(76, 81)(77, 82)(78, 83)(79, 83)(80, 84)(81, 85)(82, 86)(83, 88)(84, 89)(85, 90)(86, 91)(87, 92)(88, 93)(89, 94)(89, 95)
500bc7f5c5c61a19a8d4489fece07fdc1d7ed50e.flv,ffc734ab3e218f50f27286750b42a924fa151ef5.flv	(0, 4)(3, 10)(4, 13)(6, 15)(7, 16)(9, 18)(10, 19)(12, 21)(13, 22)(16, 24)(17, 25)(20, 27)(21, 28)(23, 30)(24, 31)(26, 34)(27, 35)(28, 36)(35, 44)(37, 45)(41, 51)(42, 52)(43, 53)(46, 55)(48, 58)(49, 59)(50, 60)(53, 63)(55, 65)(56, 66)(58, 69)(60, 71)(62, 72)(64, 74)(65, 75)(67, 77)(71, 81)(72, 82)(73, 83)(78, 87)(79, 88)(80, 89)(81, 90)(82, 91)(83, 92)(85, 94)(86, 95)
50dfd1daee780fbf9722990387201e2b367a1f27.flv,50dfd1daee780fbf9722990387201e2b367a1f27.flv	(0, 0)(1, 1)(2, 2)(3, 3)(4, 4)(5, 5)(6, 6)(7, 7)(8, 8)(9, 9)(10, 10)(11, 11)(12, 12)(13, 13)(14, 14)(15, 15)(16, 16)(17, 17)(18, 18)(19, 19)(20, 20)(21, 21)(22, 22)(23, 23)(24, 24)(25, 25)(26, 26)(27, 27)(28, 28)(29, 29)(30, 30)(31, 31)(32, 32)(33, 33)(34, 34)(35, 35)(36, 36)(37, 37)(38, 38)(39, 39)(40, 40)(41, 41)(42, 42)(43, 43)(44, 44)(45, 45)(46, 46)(47, 47)(48, 48)(49, 49)(50, 50)(51, 51)(52, 52)(53, 53)(54, 54)(55, 55)(56, 56)(57, 57)(58, 58)(59, 59)(60, 60)(61, 61)(62, 62)(63, 63)(64, 64)(65, 65)(66, 66)(67, 67)(68, 68)(69, 69)(70, 70)(71, 71)(72, 72)(73, 73)(74, 74)(75, 75)(76, 76)(77, 77)(78, 78)(79, 79)(80, 80)(81, 81)(82, 82)(83, 83)(84, 84)(85, 85)(86, 86)(87, 87)(88, 88)(89, 89)(90, 90)(91, 91)(92, 92)(93, 93)(94, 94)(95, 95)(96, 96)(97, 97)(98, 98)(99, 99)(100, 100)(101, 101)(102, 102)(103, 103)(104, 104)(105, 105)(106, 106)(107, 107)(108, 108)(109, 109)(110, 110)(111, 111)(112, 112)
50dfd1daee780fbf9722990387201e2b367a1f27.flv,772259df16f837eb39a6d525748541fe6e15eecf.flv	(0, 2)(1, 3)(2, 4)(3, 5)(5, 7)(9, 9)(10, 11)(11, 12)(13, 15)(14, 16)(15, 17)(16, 18)(17, 19)(18, 20)(19, 21)(20, 22)(21, 23)(22, 24)(25, 26)(31, 31)(32, 32)(33, 33)(40, 40)(48, 46)(49, 47)(52, 49)(54, 51)(56, 53)(57, 54)(65, 61)(66, 62)(72, 69)(73, 70)(75, 71)(76, 73)(77, 74)(79, 75)(82, 77)(83, 78)(85, 80)(89, 84)(92, 86)(94, 88)(96, 90)(98, 93)(99, 94)(101, 96)(102, 97)(104, 99)(105, 100)(106, 101)(107, 102)(111, 109)(112, 111)
50dfd1daee780fbf9722990387201e2b367a1f27.flv,923b0fb622520f5e31207dc0c339639743cd77bd.flv	(13, 0)(14, 1)(16, 3)(17, 4)(18, 5)(19, 6)(20, 7)(21, 8)(28, 15)(29, 16)(31, 18)(34, 20)(35, 21)(39, 24)(40, 26)(41, 27)(42, 28)(45, 31)(47, 33)(48, 34)(49, 35)(52, 37)(54, 39)(58, 42)(64, 48)(69, 53)(70, 54)(73, 57)(76, 60)(81, 62)(82, 63)(83, 65)(86, 68)(89, 70)(90, 71)(91, 72)(96, 75)(97, 76)(98, 77)(99, 78)(100, 79)(102, 81)(105, 83)(106, 84)(107, 85)(108, 86)(109, 87)(112, 92)
50dfd1daee780fbf9722990387201e2b367a1f27.flv,976d46d661538fdfcff23979d4c0d9fff5fb5ee8.flv	(0, 0)(1, 1)(2, 2)(3, 3)(4, 4)(5, 5)(6, 6)(7, 7)(8, 8)(9, 9)(10, 10)(11, 11)(12, 12)(13, 13)(14, 14)(15, 15)(16, 16)(17, 17)(18, 18)(19, 19)(20, 20)(21, 21)(22, 22)(23, 23)(24, 24)(25, 25)(26, 26)(27, 27)(28, 28)(29, 29)(30, 30)(31, 31)(32, 32)(33, 33)(34, 34)(35, 35)(36, 36)(37, 37)(38, 38)(39, 39)(40, 40)(41, 41)(42, 42)(43, 43)(44, 44)(45, 45)(46, 46)(47, 47)(48, 48)(49, 49)(50, 50)(51, 51)(52, 52)(53, 53)(54, 54)(55, 55)(56, 56)(57, 57)(58, 58)(59, 59)(60, 60)(61, 61)(62, 62)(63, 63)(64, 64)(65, 65)(66, 66)(67, 67)(68, 68)(69, 69)(70, 70)(71, 71)(72, 72)(73, 73)(74, 74)(75, 75)(76, 76)(77, 77)(78, 78)(79, 79)(80, 80)(81, 81)(82, 82)(83, 83)(84, 84)(85, 85)(86, 86)(87, 87)(88, 88)(89, 89)(90, 90)(91, 91)(92, 92)(93, 93)(94, 94)(95, 95)(96, 96)(97, 97)(98, 98)(99, 99)(100, 100)(101, 101)(102, 102)(103, 103)(104, 104)(105, 105)(106, 106)(107, 107)(108, 108)(109, 109)(110, 110)(111, 111)(112, 112)
50dfd1daee780fbf9722990387201e2b367a1f27.flv,abd84397791c7c16a1718e37e2821f232889d9ac.flv	(13, 0)(14, 1)(16, 3)(17, 4)(18, 5)(19, 6)(20, 7)(21, 8)(28, 15)(29, 16)(31, 18)(34, 20)(35, 21)(39, 24)(40, 26)(41, 27)(42, 28)(45, 31)(47, 33)(48, 34)(49, 35)(52, 37)(54, 39)(58, 42)(64, 48)(69, 53)(70, 54)(73, 57)(76, 60)(81, 62)(82, 63)(83, 65)(86, 68)(89, 70)(90, 71)(91, 72)(96, 75)(97, 76)(98, 77)(99, 78)(100, 79)(102, 81)(105, 83)(106, 84)(107, 85)(108, 86)(109, 87)(112, 92)
50dfd1daee780fbf9722990387201e2b367a1f27.flv,b441a4e7885a6735296550f6e765a3fc1da1947b.flv	(0, 2)(1, 3)(2, 4)(3, 5)(5, 7)(9, 9)(10, 11)(11, 12)(13, 15)(14, 16)(15, 17)(16, 18)(17, 19)(18, 20)(19, 21)(20, 22)(21, 23)(22, 24)(25, 26)(31, 31)(32, 32)(33, 33)(40, 40)(48, 46)(49, 47)(52, 49)(54, 51)(56, 53)(57, 54)(65, 61)(66, 62)(72, 69)(73, 70)(75, 71)(76, 73)(77, 74)(79, 75)(82, 77)(83, 78)(85, 80)(89, 84)(92, 86)(94, 88)(96, 90)(98, 93)(99, 94)(101, 96)(102, 97)(104, 99)(105, 100)(106, 101)(107, 102)(111, 109)(112, 111)
50dfd1daee780fbf9722990387201e2b367a1f27.flv,b90b0fdb3035754c78e100577387be7c39ea2404.flv	(14, 0)(15, 1)(16, 2)(17, 3)(18, 4)(19, 5)(21, 6)(22, 7)(23, 8)(25, 10)(35, 17)(36, 19)(37, 20)(38, 21)(39, 22)(40, 24)(42, 26)(43, 27)(45, 29)(47, 30)(49, 32)(52, 34)(53, 36)(54, 37)(56, 38)(63, 45)(64, 46)(65, 47)(66, 48)(67, 50)(69, 51)(70, 52)(75, 57)(79, 61)(80, 62)(81, 63)(82, 64)(83, 65)(85, 67)(89, 70)(92, 73)(94, 74)(96, 76)(97, 78)(99, 80)(100, 81)(104, 85)(107, 88)(108, 89)(111, 95)(112, 97)
50dfd1daee780fbf9722990387201e2b367a1f27.flv,ffc734ab3e218f50f27286750b42a924fa151ef5.flv	(15, 0)(16, 2)(17, 3)(18, 4)(20, 11)(21, 13)(25, 17)(29, 21)(40, 30)(43, 33)(47, 36)(48, 37)(49, 38)(52, 41)(54, 42)(56, 44)(60, 50)(63, 53)(66, 56)(67, 57)(69, 59)(70, 60)(74, 64)(75, 65)(76, 66)(79, 69)(80, 70)(83, 72)(84, 73)(85, 74)(88, 76)(89, 77)(94, 81)(95, 82)(96, 83)(97, 84)(100, 88)(101, 89)(102, 90)(103, 91)(104, 92)(105, 93)(108, 95)
772259df16f837eb39a6d525748541fe6e15eecf.flv,772259df16f837eb39a6d525748541fe6e15eecf.flv	(0, 0)(1, 1)(2, 2)(3, 3)(4, 4)(5, 5)(6, 6)(7, 7)(8, 8)(9, 9)(10, 10)(11, 11)(12, 12)(13, 13)(14, 14)(15, 15)(16, 16)(17, 17)(18, 18)(19, 19)(20, 20)(21, 21)(22, 22)(23, 23)(24, 24)(25, 25)(26, 26)(27, 27)(28, 28)(29, 29)(30, 30)(31, 31)(32, 32)(33, 33)(34, 34)(35, 35)(36, 36)(37, 37)(38, 38)(39, 39)(40, 40)(41, 41)(42, 42)(43, 43)(44, 44)(45, 45)(46, 46)(47, 47)(48, 48)(49, 49)(50, 50)(51, 51)(52, 52)(53, 53)(54, 54)(55, 55)(56, 56)(57, 57)(58, 58)(59, 59)(60, 60)(61, 61)(62, 62)(63, 63)(64, 64)(65, 65)(66, 66)(67, 67)(68, 68)(69, 69)(70, 70)(71, 71)(72, 72)(73, 73)(74, 74)(75, 75)(76, 76)(77, 77)(78, 78)(79, 79)(80, 80)(81, 81)(82, 82)(83, 83)(84, 84)(85, 85)(86, 86)(87, 87)(88, 88)(89, 89)(90, 90)(91, 91)(92, 92)(93, 93)(94, 94)(95, 95)(96, 96)(97, 97)(98, 98)(99, 99)(100, 100)(101, 101)(102, 102)(103, 103)(104, 104)(105, 105)(106, 106)(107, 107)(108, 108)(109, 109)(110, 110)(111, 111)(112, 112)(113, 113)
772259df16f837eb39a6d525748541fe6e15eecf.flv,923b0fb622520f5e31207dc0c339639743cd77bd.flv	(15, 0)(16, 1)(17, 2)(18, 3)(19, 4)(20, 5)(21, 6)(22, 7)(23, 8)(27, 13)(28, 14)(31, 17)(32, 18)(34, 20)(35, 21)(37, 22)(38, 23)(40, 25)(41, 26)(41, 27)(42, 28)(44, 30)(46, 34)(49, 36)(50, 37)(51, 38)(53, 40)(55, 42)(56, 43)(57, 44)(58, 45)(60, 47)(61, 48)(62, 49)(63, 50)(64, 51)(65, 52)(66, 53)(67, 54)(68, 55)(69, 56)(70, 57)(71, 58)(72, 59)(75, 61)(76, 62)(77, 63)(78, 64)(79, 65)(80, 66)(81, 67)(84, 70)(85, 71)(85, 72)(86, 73)(88, 74)(94, 78)(95, 79)(96, 80)(97, 81)(98, 82)(100, 83)(101, 84)(102, 85)(105, 87)(106, 88)(107, 89)(108, 90)(110, 91)(111, 92)
772259df16f837eb39a6d525748541fe6e15eecf.flv,976d46d661538fdfcff23979d4c0d9fff5fb5ee8.flv	(2, 0)(3, 1)(4, 2)(5, 3)(7, 5)(9, 9)(11, 10)(12, 11)(15, 13)(16, 14)(17, 15)(18, 16)(19, 17)(20, 18)(21, 19)(22, 20)(23, 21)(24, 22)(26, 25)(31, 31)(32, 32)(33, 33)(40, 40)(46, 48)(47, 49)(49, 52)(51, 54)(53, 56)(54, 57)(61, 65)(62, 66)(69, 72)(70, 73)(71, 75)(73, 76)(74, 77)(75, 79)(77, 82)(78, 83)(80, 85)(84, 89)(86, 92)(88, 94)(90, 96)(93, 98)(94, 99)(96, 101)(97, 102)(99, 104)(100, 105)(101, 106)(102, 107)(109, 111)(111, 112)
772259df16f837eb39a6d525748541fe6e15eecf.flv,abd84397791c7c16a1718e37e2821f232889d9ac.flv	(15, 0)(16, 1)(17, 2)(18, 3)(19, 4)(20, 5)(21, 6)(23, 8)(25, 11)(28, 14)(30, 15)(31, 16)(32, 17)(33, 18)(34, 19)(35, 20)(36, 21)(39, 23)(40, 24)(41, 26)(42, 27)(43, 28)(44, 29)(45, 32)(46, 33)(47, 34)(48, 35)(51, 37)(55, 41)(56, 42)(57, 43)(58, 45)(60, 46)(61, 47)(62, 48)(64, 50)(65, 51)(69, 55)(71, 57)(73, 59)(79, 64)(82, 67)(85, 70)(88, 74)(92, 75)(93, 76)(96, 79)(97, 80)(98, 81)(102, 83)(106, 87)(107, 88)(110, 90)(111, 91)
772259df16f837eb39a6d525748541fe6e15eecf.flv,b441a4e7885a6735296550f6e765a3fc1da1947b.flv	(0, 0)(1, 1)(2, 2)(3, 3)(4, 4)(5, 5)(6, 6)(7, 7)(8, 8)(9, 9)(10, 10)(11, 11)(12, 12)(13, 13)(14, 14)(15, 15)(16, 16)(17, 17)(18, 18)(19, 19)(20, 20)(21, 21)(22, 22)(23, 23)(24, 24)(25, 25)(26, 26)(27, 27)(28, 28)(29, 29)(30, 30)(31, 31)(32, 32)(33, 33)(34, 34)(35, 35)(36, 36)(37, 37)(38, 38)(39, 39)(40, 40)(41, 41)(42, 42)(43, 43)(44, 44)(45, 45)(46, 46)(47, 47)(48, 48)(49, 49)(50, 50)(51, 51)(52, 52)(53, 53)(54, 54)(55, 55)(56, 56)(57, 57)(58, 58)(59, 59)(60, 60)(61, 61)(62, 62)(63, 63)(64, 64)(65, 65)(66, 66)(67, 67)(68, 68)(69, 69)(70, 70)(71, 71)(72, 72)(73, 73)(74, 74)(75, 75)(76, 76)(77, 77)(78, 78)(79, 79)(80, 80)(81, 81)(82, 82)(83, 83)(84, 84)(85, 85)(86, 86)(87, 87)(88, 88)(89, 89)(90, 90)(91, 91)(92, 92)(93, 93)(94, 94)(95, 95)(96, 96)(97, 97)(98, 98)(99, 99)(100, 100)(101, 101)(102, 102)(103, 103)(104, 104)(105, 105)(106, 106)(107, 107)(108, 108)(109, 109)(110, 110)(111, 111)(112, 112)(113, 113)
772259df16f837eb39a6d525748541fe6e15eecf.flv,b90b0fdb3035754c78e100577387be7c39ea2404.flv	(16, 0)(17, 1)(18, 2)(19, 3)(20, 4)(21, 5)(23, 6)(24, 7)(25, 9)(27, 10)(28, 11)(29, 12)(30, 13)(33, 16)(35, 18)(36, 19)(37, 20)(38, 21)(41, 25)(42, 26)(43, 27)(44, 28)(45, 30)(47, 32)(48, 33)(49, 34)(50, 35)(53, 38)(55, 40)(57, 42)(58, 43)(59, 44)(61, 47)(62, 48)(63, 49)(65, 50)(66, 51)(67, 52)(68, 53)(71, 57)(72, 58)(74, 60)(75, 61)(77, 64)(78, 65)(79, 66)(80, 67)(82, 68)(85, 71)(88, 74)(89, 75)(90, 76)(91, 77)(96, 82)(97, 83)(98, 84)(99, 85)(103, 89)(105, 90)(107, 93)(108, 94)(109, 95)(110, 96)(111, 97)(112, 98)
772259df16f837eb39a6d525748541fe6e15eecf.flv,ffc734ab3e218f50f27286750b42a924fa151ef5.flv	(17, 0)(19, 3)(20, 4)(22, 10)(25, 15)(26, 16)(27, 17)(28, 18)(29, 19)(33, 23)(34, 24)(35, 25)(38, 27)(39, 28)(41, 30)(44, 33)(45, 35)(46, 36)(48, 38)(49, 39)(51, 41)(57, 46)(59, 50)(60, 51)(62, 53)(63, 54)(64, 55)(65, 56)(67, 59)(68, 60)(70, 62)(71, 63)(73, 65)(77, 69)(78, 70)(79, 71)(80, 72)(84, 75)(86, 77)(89, 80)(91, 81)(93, 83)(94, 84)(96, 86)(97, 87)(98, 89)(100, 90)(105, 94)(106, 95)
923b0fb622520f5e31207dc0c339639743cd77bd.flv,923b0fb622520f5e31207dc0c339639743cd77bd.flv	(0, 0)(1, 1)(2, 2)(3, 3)(4, 4)(5, 5)(6, 6)(7, 7)(8, 8)(9, 9)(10, 10)(11, 11)(12, 12)(13, 13)(14, 14)(15, 15)(16, 16)(17, 17)(18, 18)(19, 19)(20, 20)(21, 21)(22, 22)(23, 23)(24, 24)(25, 25)(26, 26)(27, 27)(28, 28)(29, 29)(30, 30)(31, 31)(32, 32)(33, 33)(34, 34)(35, 35)(36, 36)(37, 37)(38, 38)(39, 39)(40, 40)(41, 41)(42, 42)(43, 43)(44, 44)(45, 45)(46, 46)(47, 47)(48, 48)(49, 49)(50, 50)(51, 51)(52, 52)(53, 53)(54, 54)(55, 55)(56, 56)(57, 57)(58, 58)(59, 59)(60, 60)(61, 61)(62, 62)(63, 63)(64, 64)(65, 65)(66, 66)(67, 67)(68, 68)(69, 69)(70, 70)(71, 71)(72, 72)(73, 73)(74, 74)(75, 75)(76, 76)(77, 77)(78, 78)(79, 79)(80, 80)(81, 81)(82, 82)(83, 83)(84, 84)(85, 85)(86, 86)(87, 87)(88, 88)(89, 89)(90, 90)(91, 91)(92, 92)(93, 93)(94, 94)
923b0fb622520f5e31207dc0c339639743cd77bd.flv,976d46d661538fdfcff23979d4c0d9fff5fb5ee8.flv	(1, 14)(4, 17)(5, 18)(6, 19)(7, 20)(8, 21)(13, 25)(15, 28)(16, 29)(18, 31)(20, 34)(21, 35)(24, 39)(26, 40)(27, 41)(28, 42)(29, 43)(31, 45)(34, 48)(35, 49)(37, 52)(38, 53)(39, 54)(46, 63)(47, 64)(48, 65)(53, 69)(55, 72)(57, 73)(58, 75)(64, 83)(65, 84)(66, 85)(67, 86)(68, 87)(73, 92)(75, 96)(77, 98)(79, 100)(80, 101)(81, 102)(82, 104)(83, 106)(90, 111)(91, 112)
923b0fb622520f5e31207dc0c339639743cd77bd.flv,abd84397791c7c16a1718e37e2821f232889d9ac.flv	(0, 0)(1, 1)(2, 2)(3, 3)(4, 4)(5, 5)(6, 6)(7, 7)(8, 8)(9, 9)(10, 10)(11, 11)(12, 12)(13, 13)(14, 14)(15, 15)(16, 16)(17, 17)(18, 18)(19, 19)(20, 20)(21, 21)(22, 22)(23, 23)(24, 24)(25, 25)(26, 26)(27, 27)(28, 28)(29, 29)(30, 30)(31, 31)(32, 32)(33, 33)(34, 34)(35, 35)(36, 36)(37, 37)(38, 38)(39, 39)(40, 40)(41, 41)(42, 42)(43, 43)(44, 44)(45, 45)(46, 46)(47, 47)(48, 48)(49, 49)(50, 50)(51, 51)(52, 52)(53, 53)(54, 54)(55, 55)(56, 56)(57, 57)(58, 58)(59, 59)(60, 60)(61, 61)(62, 62)(63, 63)(64, 64)(65, 65)(66, 66)(67, 67)(68, 68)(69, 69)(70, 70)(71, 71)(72, 72)(73, 73)(74, 74)(75, 75)(76, 76)(77, 77)(78, 78)(79, 79)(80, 80)(81, 81)(82, 82)(83, 83)(84, 84)(85, 85)(86, 86)(87, 87)(88, 88)(89, 89)(90, 90)(91, 91)(92, 92)(93, 93)(94, 94)
923b0fb622520f5e31207dc0c339639743cd77bd.flv,b441a4e7885a6735296550f6e765a3fc1da1947b.flv	(5, 20)(6, 21)(7, 22)(8, 23)(12, 25)(13, 26)(14, 28)(16, 30)(17, 31)(19, 32)(19, 33)(20, 34)(22, 35)(22, 36)(23, 37)(24, 39)(25, 39)(26, 40)(28, 42)(29, 43)(30, 44)(32, 45)(34, 46)(35, 47)(36, 48)(37, 49)(38, 50)(39, 51)(40, 52)(43, 55)(44, 56)(45, 58)(46, 59)(48, 60)(51, 64)(52, 65)(55, 68)(57, 69)(58, 70)(59, 72)(60, 73)(61, 75)(62, 76)(63, 76)(64, 77)(65, 78)(66, 79)(67, 80)(68, 81)(69, 82)(70, 83)(71, 84)(72, 85)(73, 85)(76, 91)(77, 92)(78, 93)(78, 94)(82, 98)(83, 99)(84, 100)(85, 101)(85, 102)(86, 103)(87, 104)(88, 105)(89, 106)(90, 107)(91, 108)
923b0fb622520f5e31207dc0c339639743cd77bd.flv,b90b0fdb3035754c78e100577387be7c39ea2404.flv	(1, 0)(2, 1)(3, 2)(4, 3)(5, 4)(6, 5)(8, 6)(11, 8)(12, 9)(14, 11)(15, 12)(16, 13)(17, 14)(18, 15)(19, 16)(24, 23)(25, 24)(27, 25)(28, 26)(29, 27)(30, 28)(31, 29)(32, 30)(36, 33)(39, 37)(40, 38)(42, 40)(43, 41)(44, 42)(45, 43)(46, 44)(49, 48)(52, 50)(53, 51)(54, 52)(55, 53)(56, 54)(57, 55)(60, 60)(61, 61)(62, 63)(63, 64)(64, 65)(70, 70)(71, 71)(73, 72)(74, 74)(76, 78)(78, 80)(79, 81)(80, 82)(81, 83)(82, 84)(84, 86)(86, 89)(87, 90)(90, 94)(92, 97)(93, 98)
923b0fb622520f5e31207dc0c339639743cd77bd.flv,ffc734ab3e218f50f27286750b42a924fa151ef5.flv	(2, 0)(3, 2)(4, 3)(5, 4)(8, 13)(11, 15)(12, 16)(13, 17)(14, 18)(16, 21)(17, 22)(21, 25)(23, 27)(24, 28)(27, 30)(28, 31)(32, 35)(34, 36)(35, 38)(36, 39)(41, 44)(44, 46)(46, 51)(49, 53)(50, 54)(54, 59)(55, 60)(56, 61)(57, 62)(58, 63)(60, 65)(63, 69)(64, 70)(65, 71)(68, 73)(69, 74)(70, 75)(73, 77)(75, 81)(76, 82)(77, 83)(78, 84)(79, 85)(80, 86)(81, 87)(82, 89)(83, 90)(85, 92)(87, 94)(89, 95)
976d46d661538fdfcff23979d4c0d9fff5fb5ee8.flv,976d46d661538fdfcff23979d4c0d9fff5fb5ee8.flv	(0, 0)(1, 1)(2, 2)(3, 3)(4, 4)(5, 5)(6, 6)(7, 7)(8, 8)(9, 9)(10, 10)(11, 11)(12, 12)(13, 13)(14, 14)(15, 15)(16, 16)(17, 17)(18, 18)(19, 19)(20, 20)(21, 21)(22, 22)(23, 23)(24, 24)(25, 25)(26, 26)(27, 27)(28, 28)(29, 29)(30, 30)(31, 31)(32, 32)(33, 33)(34, 34)(35, 35)(36, 36)(37, 37)(38, 38)(39, 39)(40, 40)(41, 41)(42, 42)(43, 43)(44, 44)(45, 45)(46, 46)(47, 47)(48, 48)(49, 49)(50, 50)(51, 51)(52, 52)(53, 53)(54, 54)(55, 55)(56, 56)(57, 57)(58, 58)(59, 59)(60, 60)(61, 61)(62, 62)(63, 63)(64, 64)(65, 65)(66, 66)(67, 67)(68, 68)(69, 69)(70, 70)(71, 71)(72, 72)(73, 73)(74, 74)(75, 75)(76, 76)(77, 77)(78, 78)(79, 79)(80, 80)(81, 81)(82, 82)(83, 83)(84, 84)(85, 85)(86, 86)(87, 87)(88, 88)(89, 89)(90, 90)(91, 91)(92, 92)(93, 93)(94, 94)(95, 95)(96, 96)(97, 97)(98, 98)(99, 99)(100, 100)(101, 101)(102, 102)(103, 103)(104, 104)(105, 105)(106, 106)(107, 107)(108, 108)(109, 109)(110, 110)(111, 111)(112, 112)
976d46d661538fdfcff23979d4c0d9fff5fb5ee8.flv,abd84397791c7c16a1718e37e2821f232889d9ac.flv	(13, 0)(14, 1)(15, 2)(16, 3)(17, 4)(18, 5)(19, 6)(20, 7)(21, 8)(23, 11)(25, 13)(31, 17)(35, 21)(39, 23)(40, 25)(41, 26)(42, 28)(43, 29)(45, 30)(47, 32)(52, 36)(56, 40)(63, 46)(66, 49)(67, 51)(70, 53)(72, 55)(73, 56)(74, 57)(75, 58)(76, 59)(82, 62)(83, 63)(87, 67)(88, 68)(89, 69)(90, 70)(92, 72)(97, 75)(98, 76)(99, 77)(100, 78)(101, 79)(107, 84)(108, 85)(112, 91)
976d46d661538fdfcff23979d4c0d9fff5fb5ee8.flv,b441a4e7885a6735296550f6e765a3fc1da1947b.flv	(0, 2)(1, 3)(2, 4)(3, 5)(5, 7)(9, 9)(10, 11)(11, 12)(13, 15)(14, 16)(15, 17)(16, 18)(17, 19)(18, 20)(19, 21)(20, 22)(21, 23)(22, 24)(25, 26)(31, 31)(32, 32)(33, 33)(40, 40)(48, 46)(49, 47)(52, 49)(54, 51)(56, 53)(57, 54)(65, 61)(66, 62)(72, 69)(73, 70)(75, 71)(76, 73)(77, 74)(79, 75)(82, 77)(83, 78)(85, 80)(89, 84)(92, 86)(94, 88)(96, 90)(98, 93)(99, 94)(101, 96)(102, 97)(104, 99)(105, 100)(106, 101)(107, 102)(111, 109)(112, 111)
976d46d661538fdfcff23979d4c0d9fff5fb5ee8.flv,b90b0fdb3035754c78e100577387be7c39ea2404.flv	(14, 0)(15, 1)(17, 3)(18, 4)(19, 5)(21, 6)(22, 7)(25, 10)(28, 12)(29, 13)(31, 15)(35, 18)(36, 19)(37, 20)(38, 21)(39, 22)(40, 24)(42, 26)(43, 27)(45, 29)(47, 30)(49, 32)(52, 34)(53, 36)(54, 37)(56, 38)(64, 46)(65, 47)(66, 48)(69, 51)(72, 53)(73, 55)(74, 56)(75, 57)(79, 61)(83, 65)(85, 67)(89, 69)(92, 72)(94, 74)(96, 75)(97, 77)(98, 79)(99, 80)(100, 81)(101, 82)(102, 83)(107, 87)(108, 89)(111, 94)(112, 96)
976d46d661538fdfcff23979d4c0d9fff5fb5ee8.flv,ffc734ab3e218f50f27286750b42a924fa151ef5.flv	(15, 0)(16, 2)(17, 3)(18, 4)(20, 10)(23, 15)(25, 16)(28, 19)(29, 20)(33, 23)(37, 26)(43, 32)(45, 34)(47, 35)(49, 37)(52, 39)(53, 40)(54, 41)(60, 48)(61, 49)(65, 52)(66, 53)(67, 55)(69, 57)(70, 58)(72, 60)(79, 67)(89, 74)(94, 78)(95, 79)(96, 80)(97, 81)(98, 82)(101, 86)(102, 87)(104, 89)(107, 91)(108, 92)(109, 93)(110, 95)
abd84397791c7c16a1718e37e2821f232889d9ac.flv,abd84397791c7c16a1718e37e2821f232889d9ac.flv	(0, 0)(1, 1)(2, 2)(3, 3)(4, 4)(5, 5)(6, 6)(7, 7)(8, 8)(9, 9)(10, 10)(11, 11)(12, 12)(13, 13)(14, 14)(15, 15)(16, 16)(17, 17)(18, 18)(19, 19)(20, 20)(21, 21)(22, 22)(23, 23)(24, 24)(25, 25)(26, 26)(27, 27)(28, 28)(29, 29)(30, 30)(31, 31)(32, 32)(33, 33)(34, 34)(35, 35)(36, 36)(37, 37)(38, 38)(39, 39)(40, 40)(41, 41)(42, 42)(43, 43)(44, 44)(45, 45)(46, 46)(47, 47)(48, 48)(49, 49)(50, 50)(51, 51)(52, 52)(53, 53)(54, 54)(55, 55)(56, 56)(57, 57)(58, 58)(59, 59)(60, 60)(61, 61)(62, 62)(63, 63)(64, 64)(65, 65)(66, 66)(67, 67)(68, 68)(69, 69)(70, 70)(71, 71)(72, 72)(73, 73)(74, 74)(75, 75)(76, 76)(77, 77)(78, 78)(79, 79)(80, 80)(81, 81)(82, 82)(83, 83)(84, 84)(85, 85)(86, 86)(87, 87)(88, 88)(89, 89)(90, 90)(91, 91)(92, 92)
abd84397791c7c16a1718e37e2821f232889d9ac.flv,b441a4e7885a6735296550f6e765a3fc1da1947b.flv	(0, 15)(1, 16)(2, 17)(3, 18)(4, 19)(5, 20)(6, 21)(8, 23)(11, 25)(14, 28)(15, 30)(16, 31)(17, 32)(18, 33)(19, 34)(20, 35)(21, 36)(23, 39)(24, 40)(26, 41)(27, 42)(28, 43)(29, 44)(32, 45)(33, 46)(34, 47)(35, 48)(37, 51)(41, 55)(42, 56)(43, 57)(45, 58)(46, 60)(47, 61)(48, 62)(50, 64)(51, 65)(55, 69)(57, 71)(59, 73)(64, 79)(67, 82)(70, 85)(74, 88)(75, 92)(76, 93)(79, 96)(80, 97)(81, 98)(83, 102)(87, 106)(88, 107)(90, 110)(91, 111)
abd84397791c7c16a1718e37e2821f232889d9ac.flv,b90b0fdb3035754c78e100577387be7c39ea2404.flv	(1, 0)(2, 1)(3, 2)(4, 3)(5, 4)(6, 5)(8, 6)(11, 8)(12, 9)(13, 10)(14, 11)(15, 12)(16, 13)(18, 15)(19, 16)(20, 17)(21, 18)(24, 23)(25, 24)(26, 25)(28, 26)(29, 27)(30, 28)(32, 30)(36, 33)(37, 35)(38, 36)(39, 37)(40, 38)(42, 40)(43, 41)(44, 42)(45, 43)(46, 44)(49, 48)(51, 49)(52, 50)(53, 51)(54, 52)(55, 53)(56, 54)(57, 55)(61, 61)(62, 62)(63, 63)(66, 66)(72, 71)(73, 72)(74, 74)(75, 75)(76, 77)(78, 80)(82, 84)(83, 85)(86, 89)(88, 90)(90, 93)
abd84397791c7c16a1718e37e2821f232889d9ac.flv,ffc734ab3e218f50f27286750b42a924fa151ef5.flv	(3, 2)(5, 4)(7, 11)(8, 13)(9, 14)(10, 15)(12, 16)(13, 17)(16, 21)(17, 22)(19, 24)(21, 25)(24, 28)(25, 29)(26, 30)(28, 31)(32, 35)(34, 36)(35, 38)(36, 39)(37, 40)(41, 44)(44, 46)(46, 51)(49, 53)(50, 54)(52, 56)(54, 59)(55, 60)(56, 61)(60, 65)(63, 69)(66, 71)(67, 72)(69, 74)(71, 75)(72, 76)(75, 80)(80, 86)(81, 87)(84, 90)(88, 94)(89, 95)
b441a4e7885a6735296550f6e765a3fc1da1947b.flv,b441a4e7885a6735296550f6e765a3fc1da1947b.flv	(0, 0)(1, 1)(2, 2)(3, 3)(4, 4)(5, 5)(6, 6)(7, 7)(8, 8)(9, 9)(10, 10)(11, 11)(12, 12)(13, 13)(14, 14)(15, 15)(16, 16)(17, 17)(18, 18)(19, 19)(20, 20)(21, 21)(22, 22)(23, 23)(24, 24)(25, 25)(26, 26)(27, 27)(28, 28)(29, 29)(30, 30)(31, 31)(32, 32)(33, 33)(34, 34)(35, 35)(36, 36)(37, 37)(38, 38)(39, 39)(40, 40)(41, 41)(42, 42)(43, 43)(44, 44)(45, 45)(46, 46)(47, 47)(48, 48)(49, 49)(50, 50)(51, 51)(52, 52)(53, 53)(54, 54)(55, 55)(56, 56)(57, 57)(58, 58)(59, 59)(60, 60)(61, 61)(62, 62)(63, 63)(64, 64)(65, 65)(66, 66)(67, 67)(68, 68)(69, 69)(70, 70)(71, 71)(72, 72)(73, 73)(74, 74)(75, 75)(76, 76)(77, 77)(78, 78)(79, 79)(80, 80)(81, 81)(82, 82)(83, 83)(84, 84)(85, 85)(86, 86)(87, 87)(88, 88)(89, 89)(90, 90)(91, 91)(92, 92)(93, 93)(94, 94)(95, 95)(96, 96)(97, 97)(98, 98)(99, 99)(100, 100)(101, 101)(102, 102)(103, 103)(104, 104)(105, 105)(106, 106)(107, 107)(108, 108)(109, 109)(110, 110)(111, 111)(112, 112)(113, 113)
b441a4e7885a6735296550f6e765a3fc1da1947b.flv,b90b0fdb3035754c78e100577387be7c39ea2404.flv	(16, 0)(17, 1)(18, 2)(19, 3)(20, 4)(21, 5)(23, 6)(24, 7)(25, 9)(26, 10)(28, 11)(30, 13)(31, 15)(33, 16)(35, 19)(36, 20)(37, 21)(38, 22)(40, 25)(43, 27)(45, 30)(49, 35)(50, 36)(51, 37)(52, 38)(54, 40)(56, 42)(58, 43)(61, 48)(66, 52)(67, 53)(68, 54)(72, 59)(73, 60)(78, 66)(83, 71)(88, 75)(94, 81)(95, 82)(96, 83)(97, 84)(98, 85)(99, 86)(100, 87)(102, 89)(103, 90)(107, 95)(108, 96)(110, 97)(111, 98)
b441a4e7885a6735296550f6e765a3fc1da1947b.flv,ffc734ab3e218f50f27286750b42a924fa151ef5.flv	(17, 0)(19, 3)(20, 4)(22, 10)(25, 15)(26, 16)(27, 17)(28, 18)(29, 19)(33, 23)(34, 24)(35, 25)(38, 27)(39, 28)(41, 30)(44, 33)(45, 35)(46, 36)(48, 38)(49, 39)(51, 41)(57, 46)(59, 50)(60, 51)(62, 53)(63, 54)(64, 55)(65, 56)(67, 59)(68, 60)(70, 62)(71, 63)(73, 65)(77, 69)(78, 70)(79, 71)(80, 72)(84, 75)(86, 77)(89, 80)(91, 81)(93, 83)(94, 84)(96, 86)(97, 87)(98, 89)(100, 90)(105, 94)(106, 95)
b90b0fdb3035754c78e100577387be7c39ea2404.flv,b90b0fdb3035754c78e100577387be7c39ea2404.flv	(0, 0)(1, 1)(2, 2)(3, 3)(4, 4)(5, 5)(6, 6)(7, 7)(8, 8)(9, 9)(10, 10)(11, 11)(12, 12)(13, 13)(14, 14)(15, 15)(16, 16)(17, 17)(18, 18)(19, 19)(20, 20)(21, 21)(22, 22)(23, 23)(24, 24)(25, 25)(26, 26)(27, 27)(28, 28)(29, 29)(30, 30)(31, 31)(32, 32)(33, 33)(34, 34)(35, 35)(36, 36)(37, 37)(38, 38)(39, 39)(40, 40)(41, 41)(42, 42)(43, 43)(44, 44)(45, 45)(46, 46)(47, 47)(48, 48)(49, 49)(50, 50)(51, 51)(52, 52)(53, 53)(54, 54)(55, 55)(56, 56)(57, 57)(58, 58)(59, 59)(60, 60)(61, 61)(62, 62)(63, 63)(64, 64)(65, 65)(66, 66)(67, 67)(68, 68)(69, 69)(70, 70)(71, 71)(72, 72)(73, 73)(74, 74)(75, 75)(76, 76)(77, 77)(78, 78)(79, 79)(80, 80)(81, 81)(82, 82)(83, 83)(84, 84)(85, 85)(86, 86)(87, 87)(88, 88)(89, 89)(90, 90)(91, 91)(92, 92)(93, 93)(94, 94)(95, 95)(96, 96)(97, 97)(98, 98)
b90b0fdb3035754c78e100577387be7c39ea2404.flv,ffc734ab3e218f50f27286750b42a924fa151ef5.flv	(1, 0)(1, 1)(2, 2)(3, 3)(4, 4)(6, 13)(9, 16)(10, 17)(12, 20)(13, 21)(14, 22)(15, 23)(16, 24)(17, 25)(19, 26)(20, 27)(21, 27)(22, 28)(24, 29)(25, 30)(26, 31)(29, 34)(30, 35)(34, 39)(35, 40)(36, 41)(38, 43)(41, 45)(45, 51)(46, 52)(49, 55)(50, 56)(51, 58)(52, 59)(53, 60)(54, 61)(55, 62)(57, 63)(58, 64)(62, 68)(63, 69)(64, 69)(65, 70)(66, 71)(67, 72)(69, 74)(71, 76)(73, 77)(74, 78)(75, 80)(76, 81)(78, 82)(79, 83)(80, 84)(81, 85)(82, 86)(83, 87)(84, 88)(86, 90)(87, 91)(88, 92)(89, 93)(90, 94)
ffc734ab3e218f50f27286750b42a924fa151ef5.flv,ffc734ab3e218f50f27286750b42a924fa151ef5.flv	(0, 0)(1, 1)(2, 2)(3, 3)(4, 4)(5, 5)(6, 6)(7, 7)(8, 8)(9, 9)(10, 10)(11, 11)(12, 12)(13, 13)(14, 14)(15, 15)(16, 16)(17, 17)(18, 18)(19, 19)(20, 20)(21, 21)(22, 22)(23, 23)(24, 24)(25, 25)(26, 26)(27, 27)(28, 28)(29, 29)(30, 30)(31, 31)(32, 32)(33, 33)(34, 34)(35, 35)(36, 36)(37, 37)(38, 38)(39, 39)(40, 40)(41, 41)(42, 42)(43, 43)(44, 44)(45, 45)(46, 46)(47, 47)(48, 48)(49, 49)(50, 50)(51, 51)(52, 52)(53, 53)(54, 54)(55, 55)(56, 56)(57, 57)(58, 58)(59, 59)(60, 60)(61, 61)(62, 62)(63, 63)(64, 64)(65, 65)(66, 66)(67, 67)(68, 68)(69, 69)(70, 70)(71, 71)(72, 72)(73, 73)(74, 74)(75, 75)(76, 76)(77, 77)(78, 78)(79, 79)(80, 80)(81, 81)(82, 82)(83, 83)(84, 84)(85, 85)(86, 86)(87, 87)(88, 88)(89, 89)(90, 90)(91, 91)(92, 92)(93, 93)(94, 94)(95, 95)
