0056649006c7a250cb4174f1e924768ba2c9d599.flv,0056649006c7a250cb4174f1e924768ba2c9d599.flv	(0, 0)(1, 1)(2, 2)(3, 3)(4, 4)(5, 5)(6, 6)(7, 7)(8, 8)(9, 9)(10, 10)(11, 11)(12, 12)(13, 13)(14, 14)(15, 15)(16, 16)(17, 17)(18, 18)(19, 19)(20, 20)(21, 21)
0056649006c7a250cb4174f1e924768ba2c9d599.flv,1357538fd1fd2975a8b3f750d5f6b13695aa4e28.flv	(5, 0)(5, 1)(11, 3)(12, 4)
0056649006c7a250cb4174f1e924768ba2c9d599.flv,1357538fd1fd2975a8b3f750d5f6b13695aa4e28.flv	(14, 10)
0056649006c7a250cb4174f1e924768ba2c9d599.flv,1357538fd1fd2975a8b3f750d5f6b13695aa4e28.flv	
0056649006c7a250cb4174f1e924768ba2c9d599.flv,1357538fd1fd2975a8b3f750d5f6b13695aa4e28.flv	(17, 7)
0056649006c7a250cb4174f1e924768ba2c9d599.flv,1f4f6311bb4acc0bc72e4a915a32093a7a85741c.flv	(5, 0)(5, 1)(7, 2)(8, 3)(9, 4)(10, 5)(11, 6)(12, 6)
0056649006c7a250cb4174f1e924768ba2c9d599.flv,1f4f6311bb4acc0bc72e4a915a32093a7a85741c.flv	(14, 13)
0056649006c7a250cb4174f1e924768ba2c9d599.flv,1f4f6311bb4acc0bc72e4a915a32093a7a85741c.flv	(14, 7)(15, 8)
0056649006c7a250cb4174f1e924768ba2c9d599.flv,1f4f6311bb4acc0bc72e4a915a32093a7a85741c.flv	(17, 9)(18, 10)
1357538fd1fd2975a8b3f750d5f6b13695aa4e28.flv,1357538fd1fd2975a8b3f750d5f6b13695aa4e28.flv	(0, 0)(1, 1)(2, 2)(3, 3)(4, 4)(5, 5)(6, 6)(7, 7)(8, 8)(9, 9)(10, 10)
1357538fd1fd2975a8b3f750d5f6b13695aa4e28.flv,1f4f6311bb4acc0bc72e4a915a32093a7a85741c.flv	(0, 0)(1, 1)(4, 6)(5, 7)(6, 8)(7, 9)(9, 11)(10, 13)
1357538fd1fd2975a8b3f750d5f6b13695aa4e28.flv,37a935b4c21662e183a0dd632f40d5fd6900c42b.mp4	(2, 0)(3, 1)(4, 2)(5, 3)(10, 5)
1357538fd1fd2975a8b3f750d5f6b13695aa4e28.flv,3fe2e54fdb267849aa8aeb0b39ec0d1c7075b391.flv	(0, 1)(3, 6)(4, 7)(5, 8)(6, 9)(7, 10)(9, 12)(10, 15)
1357538fd1fd2975a8b3f750d5f6b13695aa4e28.flv,4ffe88b2da93f727952dc3104e70c0b0665d9e1a.flv	(1, 0)(5, 8)(6, 9)
1357538fd1fd2975a8b3f750d5f6b13695aa4e28.flv,52ac7a125ee96ff91ca49c197d3a79b6c0857e68.flv	(0, 0)(0, 1)(1, 3)(3, 7)(4, 8)(5, 9)(6, 10)(7, 11)(9, 13)(10, 16)
1357538fd1fd2975a8b3f750d5f6b13695aa4e28.flv,54f841cdb1b1a498c656bd541d23c690b70737bd.flv	(0, 0)(1, 1)(3, 6)
1357538fd1fd2975a8b3f750d5f6b13695aa4e28.flv,5d38467d3becf8273bd7ae9028a37fcb0cc3828b.flv	(0, 6)(1, 6)(3, 12)(4, 13)
1357538fd1fd2975a8b3f750d5f6b13695aa4e28.flv,5d38467d3becf8273bd7ae9028a37fcb0cc3828b.flv	(5, 14)
1357538fd1fd2975a8b3f750d5f6b13695aa4e28.flv,5d38467d3becf8273bd7ae9028a37fcb0cc3828b.flv	(7, 18)
1357538fd1fd2975a8b3f750d5f6b13695aa4e28.flv,5d38467d3becf8273bd7ae9028a37fcb0cc3828b.flv	(8, 25)(9, 26)(10, 30)
1357538fd1fd2975a8b3f750d5f6b13695aa4e28.flv,63407cc775874d569f82a2060c636b785c09a487.flv	(0, 0)(1, 1)(4, 6)(5, 7)(6, 8)(7, 9)(9, 11)(10, 13)
1357538fd1fd2975a8b3f750d5f6b13695aa4e28.flv,66e0225621e48946b7ab09027c18c83b69564002.flv	(1, 0)(1, 1)(3, 9)(4, 10)(5, 11)(6, 12)
1357538fd1fd2975a8b3f750d5f6b13695aa4e28.flv,72e97f43a27cdb56a82454758c383c1ac82e91b9.flv	(3, 8)(5, 9)(6, 11)(7, 12)(8, 13)(10, 16)
1357538fd1fd2975a8b3f750d5f6b13695aa4e28.flv,74018dcbf908a0a0319e889a70a920896b63ed99.flv	(0, 0)(1, 2)(3, 7)(4, 8)(5, 9)(6, 10)(7, 11)(9, 13)(10, 16)
1357538fd1fd2975a8b3f750d5f6b13695aa4e28.flv,9026d2a43d0e645901aa9138136bbc1491856ffb.flv	(0, 0)(1, 1)(4, 6)(5, 8)(6, 9)(7, 10)(9, 12)(10, 15)
1357538fd1fd2975a8b3f750d5f6b13695aa4e28.flv,97c71f57e83f6ab16906fdd7edc8e3f88d2ceee1.flv	(2, 0)
1357538fd1fd2975a8b3f750d5f6b13695aa4e28.flv,97c71f57e83f6ab16906fdd7edc8e3f88d2ceee1.flv	(6, 0)
1357538fd1fd2975a8b3f750d5f6b13695aa4e28.flv,97c71f57e83f6ab16906fdd7edc8e3f88d2ceee1.flv	(7, 0)
1357538fd1fd2975a8b3f750d5f6b13695aa4e28.flv,97c71f57e83f6ab16906fdd7edc8e3f88d2ceee1.flv	(9, 0)
1357538fd1fd2975a8b3f750d5f6b13695aa4e28.flv,a100d2d414f1faa59abdb409e8858d6a4ba96618.flv	(0, 1)(1, 2)(3, 7)(4, 8)
1357538fd1fd2975a8b3f750d5f6b13695aa4e28.flv,a100d2d414f1faa59abdb409e8858d6a4ba96618.flv	(5, 9)
1357538fd1fd2975a8b3f750d5f6b13695aa4e28.flv,a100d2d414f1faa59abdb409e8858d6a4ba96618.flv	(7, 12)
1357538fd1fd2975a8b3f750d5f6b13695aa4e28.flv,a100d2d414f1faa59abdb409e8858d6a4ba96618.flv	(8, 20)(9, 21)
1357538fd1fd2975a8b3f750d5f6b13695aa4e28.flv,ab12206048207553294916664d0ebf1cd9e81ef6.flv	(0, 0)(1, 1)(4, 6)(5, 7)(6, 8)(7, 9)(9, 11)(10, 12)
1357538fd1fd2975a8b3f750d5f6b13695aa4e28.flv,b34b81ce75ea0773ba04b3f1ddedf3f3fac823fa.flv	(0, 0)(1, 2)(4, 7)(5, 8)(6, 9)(7, 10)(9, 12)(10, 15)
1357538fd1fd2975a8b3f750d5f6b13695aa4e28.flv,c4384b8402362a0351d4e1dc9de0c01d7117322f.flv	(0, 0)(0, 1)(1, 3)(3, 7)(4, 8)(5, 9)(7, 12)(8, 14)(9, 15)(10, 18)
1357538fd1fd2975a8b3f750d5f6b13695aa4e28.flv,d28c7952b8a60139126446bc81bff5ecebcf5129.flv	(0, 0)(0, 1)(1, 3)(3, 7)(4, 8)(5, 9)(6, 10)(7, 11)(9, 13)(10, 16)
1357538fd1fd2975a8b3f750d5f6b13695aa4e28.flv,e4516162efaa2bb36d38fbf245bc41b6fd24f443.flv	(0, 1)(3, 6)(4, 7)(5, 8)(6, 9)(7, 10)(9, 12)(10, 15)
1357538fd1fd2975a8b3f750d5f6b13695aa4e28.flv,e6f1dd4881c0088d861763dadd83db04fb353500.flv	(0, 1)(1, 2)(3, 7)(4, 8)
1357538fd1fd2975a8b3f750d5f6b13695aa4e28.flv,e6f1dd4881c0088d861763dadd83db04fb353500.flv	(5, 9)
1357538fd1fd2975a8b3f750d5f6b13695aa4e28.flv,e6f1dd4881c0088d861763dadd83db04fb353500.flv	(7, 12)
1357538fd1fd2975a8b3f750d5f6b13695aa4e28.flv,e6f1dd4881c0088d861763dadd83db04fb353500.flv	(8, 20)(9, 21)(10, 23)
1357538fd1fd2975a8b3f750d5f6b13695aa4e28.flv,f9395fd63d7f59cae6103cfb00e116b4a1d0be5e.flv	(0, 6)(1, 6)(3, 12)(4, 13)
1357538fd1fd2975a8b3f750d5f6b13695aa4e28.flv,f9395fd63d7f59cae6103cfb00e116b4a1d0be5e.flv	(5, 14)
1357538fd1fd2975a8b3f750d5f6b13695aa4e28.flv,f9395fd63d7f59cae6103cfb00e116b4a1d0be5e.flv	(7, 18)
1357538fd1fd2975a8b3f750d5f6b13695aa4e28.flv,f9395fd63d7f59cae6103cfb00e116b4a1d0be5e.flv	(8, 25)(9, 26)(10, 30)
1357538fd1fd2975a8b3f750d5f6b13695aa4e28.flv,f98075fcebb2596c91cf6886b30a39521cc60855.flv	(0, 0)(0, 1)(4, 8)(5, 9)(6, 10)(7, 11)
1357538fd1fd2975a8b3f750d5f6b13695aa4e28.flv,fa0aa890db611cbe029b8c222663579ec7081bb6.flv	(0, 0)(1, 2)(3, 8)(4, 9)(5, 10)(6, 11)(7, 12)(10, 18)
1f4f6311bb4acc0bc72e4a915a32093a7a85741c.flv,1f4f6311bb4acc0bc72e4a915a32093a7a85741c.flv	(0, 0)(1, 1)(2, 2)(3, 3)(4, 4)(5, 5)(6, 6)(7, 7)(8, 8)(9, 9)(10, 10)(11, 11)(12, 12)(13, 13)
1f4f6311bb4acc0bc72e4a915a32093a7a85741c.flv,37a935b4c21662e183a0dd632f40d5fd6900c42b.mp4	(6, 2)(7, 3)(13, 5)
1f4f6311bb4acc0bc72e4a915a32093a7a85741c.flv,3fe2e54fdb267849aa8aeb0b39ec0d1c7075b391.flv	(0, 1)(2, 3)(4, 4)(5, 5)(6, 6)(6, 7)(7, 8)(8, 9)(9, 10)(10, 11)(11, 12)(12, 13)(13, 15)
1f4f6311bb4acc0bc72e4a915a32093a7a85741c.flv,4ffe88b2da93f727952dc3104e70c0b0665d9e1a.flv	(1, 0)(2, 1)(3, 3)(5, 6)(6, 7)(7, 8)(8, 9)
1f4f6311bb4acc0bc72e4a915a32093a7a85741c.flv,52ac7a125ee96ff91ca49c197d3a79b6c0857e68.flv	(0, 0)(0, 1)(1, 3)(2, 4)(4, 5)(5, 6)(6, 7)(6, 8)(7, 9)(8, 10)(9, 11)(10, 12)(11, 13)(12, 14)(13, 16)
1f4f6311bb4acc0bc72e4a915a32093a7a85741c.flv,54f841cdb1b1a498c656bd541d23c690b70737bd.flv	(0, 0)(1, 1)(2, 3)(3, 4)(5, 5)(6, 6)
1f4f6311bb4acc0bc72e4a915a32093a7a85741c.flv,5d38467d3becf8273bd7ae9028a37fcb0cc3828b.flv	(0, 6)(1, 6)(2, 8)(3, 9)(4, 10)(5, 11)(6, 12)(6, 13)
1f4f6311bb4acc0bc72e4a915a32093a7a85741c.flv,5d38467d3becf8273bd7ae9028a37fcb0cc3828b.flv	(7, 14)
1f4f6311bb4acc0bc72e4a915a32093a7a85741c.flv,5d38467d3becf8273bd7ae9028a37fcb0cc3828b.flv	(9, 18)(10, 19)
1f4f6311bb4acc0bc72e4a915a32093a7a85741c.flv,5d38467d3becf8273bd7ae9028a37fcb0cc3828b.flv	(11, 26)(12, 28)(13, 30)
1f4f6311bb4acc0bc72e4a915a32093a7a85741c.flv,63407cc775874d569f82a2060c636b785c09a487.flv	(0, 0)(1, 1)(2, 2)(3, 3)(4, 4)(5, 5)(6, 6)(7, 7)(8, 8)(9, 9)(10, 10)(11, 11)(12, 12)(13, 13)
1f4f6311bb4acc0bc72e4a915a32093a7a85741c.flv,66e0225621e48946b7ab09027c18c83b69564002.flv	(1, 0)(1, 1)(2, 3)(3, 4)(4, 5)(4, 6)(5, 7)(7, 11)(8, 12)
1f4f6311bb4acc0bc72e4a915a32093a7a85741c.flv,72e97f43a27cdb56a82454758c383c1ac82e91b9.flv	(2, 2)(3, 3)(6, 8)(7, 9)(8, 11)(11, 14)(13, 16)
1f4f6311bb4acc0bc72e4a915a32093a7a85741c.flv,74018dcbf908a0a0319e889a70a920896b63ed99.flv	(0, 0)(1, 2)(2, 3)(3, 4)(4, 5)(5, 6)(6, 7)(6, 8)(7, 9)(8, 10)(9, 11)(10, 12)(11, 13)(12, 14)(13, 16)
1f4f6311bb4acc0bc72e4a915a32093a7a85741c.flv,9026d2a43d0e645901aa9138136bbc1491856ffb.flv	(0, 0)(1, 1)(2, 2)(3, 3)(4, 4)(5, 5)(6, 6)(7, 8)(8, 9)(9, 10)(10, 11)(11, 12)(12, 13)(13, 14)(13, 15)
1f4f6311bb4acc0bc72e4a915a32093a7a85741c.flv,97c71f57e83f6ab16906fdd7edc8e3f88d2ceee1.flv	
1f4f6311bb4acc0bc72e4a915a32093a7a85741c.flv,97c71f57e83f6ab16906fdd7edc8e3f88d2ceee1.flv	(8, 0)
1f4f6311bb4acc0bc72e4a915a32093a7a85741c.flv,97c71f57e83f6ab16906fdd7edc8e3f88d2ceee1.flv	(9, 0)
1f4f6311bb4acc0bc72e4a915a32093a7a85741c.flv,97c71f57e83f6ab16906fdd7edc8e3f88d2ceee1.flv	(11, 0)
1f4f6311bb4acc0bc72e4a915a32093a7a85741c.flv,a100d2d414f1faa59abdb409e8858d6a4ba96618.flv	(0, 1)(1, 2)(2, 4)(3, 5)(5, 6)(6, 7)(6, 8)
1f4f6311bb4acc0bc72e4a915a32093a7a85741c.flv,a100d2d414f1faa59abdb409e8858d6a4ba96618.flv	(7, 9)
1f4f6311bb4acc0bc72e4a915a32093a7a85741c.flv,a100d2d414f1faa59abdb409e8858d6a4ba96618.flv	
1f4f6311bb4acc0bc72e4a915a32093a7a85741c.flv,a100d2d414f1faa59abdb409e8858d6a4ba96618.flv	(11, 21)(12, 22)(13, 23)
1f4f6311bb4acc0bc72e4a915a32093a7a85741c.flv,ab12206048207553294916664d0ebf1cd9e81ef6.flv	(0, 0)(1, 1)(2, 2)(3, 3)(4, 4)(5, 5)(6, 6)(7, 7)(8, 8)(9, 9)(10, 10)(11, 11)(13, 12)
1f4f6311bb4acc0bc72e4a915a32093a7a85741c.flv,b34b81ce75ea0773ba04b3f1ddedf3f3fac823fa.flv	(0, 0)(1, 2)(2, 3)(4, 5)(5, 6)(6, 7)(7, 8)(8, 9)(9, 10)(10, 11)(11, 12)(12, 13)(13, 15)
1f4f6311bb4acc0bc72e4a915a32093a7a85741c.flv,c4384b8402362a0351d4e1dc9de0c01d7117322f.flv	(0, 0)(0, 1)(1, 3)(2, 4)(3, 5)(5, 6)(6, 7)(6, 8)(7, 9)(9, 12)(10, 13)(11, 15)(12, 16)(13, 18)
1f4f6311bb4acc0bc72e4a915a32093a7a85741c.flv,d28c7952b8a60139126446bc81bff5ecebcf5129.flv	(0, 0)(0, 1)(1, 3)(2, 4)(4, 5)(5, 6)(6, 7)(6, 8)(7, 9)(8, 10)(9, 11)(10, 12)(11, 13)(12, 14)(13, 16)
1f4f6311bb4acc0bc72e4a915a32093a7a85741c.flv,e4516162efaa2bb36d38fbf245bc41b6fd24f443.flv	(0, 1)(2, 3)(3, 4)(4, 4)(5, 5)(6, 7)(7, 8)(8, 9)(9, 10)(10, 11)(11, 12)(12, 13)(13, 14)(13, 15)
1f4f6311bb4acc0bc72e4a915a32093a7a85741c.flv,e6f1dd4881c0088d861763dadd83db04fb353500.flv	(0, 1)(1, 2)(2, 4)(3, 5)(5, 6)(6, 7)(6, 8)
1f4f6311bb4acc0bc72e4a915a32093a7a85741c.flv,e6f1dd4881c0088d861763dadd83db04fb353500.flv	(7, 9)
1f4f6311bb4acc0bc72e4a915a32093a7a85741c.flv,e6f1dd4881c0088d861763dadd83db04fb353500.flv	(9, 12)(10, 13)
1f4f6311bb4acc0bc72e4a915a32093a7a85741c.flv,e6f1dd4881c0088d861763dadd83db04fb353500.flv	(11, 21)(12, 22)(13, 23)
1f4f6311bb4acc0bc72e4a915a32093a7a85741c.flv,f9395fd63d7f59cae6103cfb00e116b4a1d0be5e.flv	(1, 6)(2, 8)(3, 9)(4, 10)(5, 11)(6, 13)
1f4f6311bb4acc0bc72e4a915a32093a7a85741c.flv,f9395fd63d7f59cae6103cfb00e116b4a1d0be5e.flv	(7, 14)
1f4f6311bb4acc0bc72e4a915a32093a7a85741c.flv,f9395fd63d7f59cae6103cfb00e116b4a1d0be5e.flv	(9, 18)(10, 19)
1f4f6311bb4acc0bc72e4a915a32093a7a85741c.flv,f9395fd63d7f59cae6103cfb00e116b4a1d0be5e.flv	(11, 26)(12, 28)(13, 30)
1f4f6311bb4acc0bc72e4a915a32093a7a85741c.flv,f98075fcebb2596c91cf6886b30a39521cc60855.flv	(0, 0)(0, 1)(2, 4)(4, 5)(5, 6)(6, 8)(7, 9)(8, 10)(9, 11)(10, 12)
1f4f6311bb4acc0bc72e4a915a32093a7a85741c.flv,fa0aa890db611cbe029b8c222663579ec7081bb6.flv	(0, 0)(1, 2)(2, 3)(3, 4)(5, 7)(6, 8)(6, 9)(7, 10)(8, 11)(9, 12)(10, 13)(11, 14)(12, 16)(13, 18)
37a935b4c21662e183a0dd632f40d5fd6900c42b.mp4,37a935b4c21662e183a0dd632f40d5fd6900c42b.mp4	(0, 0)(1, 1)(2, 2)(3, 3)(4, 4)(5, 5)
37a935b4c21662e183a0dd632f40d5fd6900c42b.mp4,3fe2e54fdb267849aa8aeb0b39ec0d1c7075b391.flv	(1, 6)(2, 7)(3, 8)(5, 15)
37a935b4c21662e183a0dd632f40d5fd6900c42b.mp4,4ffe88b2da93f727952dc3104e70c0b0665d9e1a.flv	(1, 7)(4, 9)
37a935b4c21662e183a0dd632f40d5fd6900c42b.mp4,52ac7a125ee96ff91ca49c197d3a79b6c0857e68.flv	(1, 7)(2, 8)(3, 9)(5, 16)
37a935b4c21662e183a0dd632f40d5fd6900c42b.mp4,54f841cdb1b1a498c656bd541d23c690b70737bd.flv	(1, 6)
37a935b4c21662e183a0dd632f40d5fd6900c42b.mp4,5d38467d3becf8273bd7ae9028a37fcb0cc3828b.flv	
37a935b4c21662e183a0dd632f40d5fd6900c42b.mp4,5d38467d3becf8273bd7ae9028a37fcb0cc3828b.flv	
37a935b4c21662e183a0dd632f40d5fd6900c42b.mp4,5d38467d3becf8273bd7ae9028a37fcb0cc3828b.flv	(4, 18)
37a935b4c21662e183a0dd632f40d5fd6900c42b.mp4,5d38467d3becf8273bd7ae9028a37fcb0cc3828b.flv	(5, 30)
37a935b4c21662e183a0dd632f40d5fd6900c42b.mp4,63407cc775874d569f82a2060c636b785c09a487.flv	(2, 6)(3, 7)(5, 13)
37a935b4c21662e183a0dd632f40d5fd6900c42b.mp4,66e0225621e48946b7ab09027c18c83b69564002.flv	(1, 9)(2, 10)(4, 12)
37a935b4c21662e183a0dd632f40d5fd6900c42b.mp4,72e97f43a27cdb56a82454758c383c1ac82e91b9.flv	(5, 16)
37a935b4c21662e183a0dd632f40d5fd6900c42b.mp4,74018dcbf908a0a0319e889a70a920896b63ed99.flv	(1, 7)(2, 8)(3, 9)(5, 16)
37a935b4c21662e183a0dd632f40d5fd6900c42b.mp4,9026d2a43d0e645901aa9138136bbc1491856ffb.flv	(2, 6)(3, 7)
37a935b4c21662e183a0dd632f40d5fd6900c42b.mp4,97c71f57e83f6ab16906fdd7edc8e3f88d2ceee1.flv	(0, 0)
37a935b4c21662e183a0dd632f40d5fd6900c42b.mp4,97c71f57e83f6ab16906fdd7edc8e3f88d2ceee1.flv	(4, 0)
37a935b4c21662e183a0dd632f40d5fd6900c42b.mp4,97c71f57e83f6ab16906fdd7edc8e3f88d2ceee1.flv	(4, 0)
37a935b4c21662e183a0dd632f40d5fd6900c42b.mp4,97c71f57e83f6ab16906fdd7edc8e3f88d2ceee1.flv	(4, 0)
37a935b4c21662e183a0dd632f40d5fd6900c42b.mp4,a100d2d414f1faa59abdb409e8858d6a4ba96618.flv	(1, 7)(2, 8)
37a935b4c21662e183a0dd632f40d5fd6900c42b.mp4,a100d2d414f1faa59abdb409e8858d6a4ba96618.flv	(4, 9)
37a935b4c21662e183a0dd632f40d5fd6900c42b.mp4,a100d2d414f1faa59abdb409e8858d6a4ba96618.flv	(4, 12)
37a935b4c21662e183a0dd632f40d5fd6900c42b.mp4,a100d2d414f1faa59abdb409e8858d6a4ba96618.flv	
37a935b4c21662e183a0dd632f40d5fd6900c42b.mp4,ab12206048207553294916664d0ebf1cd9e81ef6.flv	(2, 6)(3, 7)
37a935b4c21662e183a0dd632f40d5fd6900c42b.mp4,b34b81ce75ea0773ba04b3f1ddedf3f3fac823fa.flv	(2, 7)(3, 8)(5, 15)
37a935b4c21662e183a0dd632f40d5fd6900c42b.mp4,c4384b8402362a0351d4e1dc9de0c01d7117322f.flv	(1, 7)(2, 8)(3, 9)(5, 18)
37a935b4c21662e183a0dd632f40d5fd6900c42b.mp4,d28c7952b8a60139126446bc81bff5ecebcf5129.flv	(1, 7)(2, 8)(3, 9)(5, 16)
37a935b4c21662e183a0dd632f40d5fd6900c42b.mp4,e4516162efaa2bb36d38fbf245bc41b6fd24f443.flv	(1, 6)(2, 7)(3, 8)(5, 15)
37a935b4c21662e183a0dd632f40d5fd6900c42b.mp4,e6f1dd4881c0088d861763dadd83db04fb353500.flv	(1, 7)(2, 8)
37a935b4c21662e183a0dd632f40d5fd6900c42b.mp4,e6f1dd4881c0088d861763dadd83db04fb353500.flv	(4, 9)
37a935b4c21662e183a0dd632f40d5fd6900c42b.mp4,e6f1dd4881c0088d861763dadd83db04fb353500.flv	(4, 12)
37a935b4c21662e183a0dd632f40d5fd6900c42b.mp4,e6f1dd4881c0088d861763dadd83db04fb353500.flv	
37a935b4c21662e183a0dd632f40d5fd6900c42b.mp4,f9395fd63d7f59cae6103cfb00e116b4a1d0be5e.flv	(2, 13)
37a935b4c21662e183a0dd632f40d5fd6900c42b.mp4,f9395fd63d7f59cae6103cfb00e116b4a1d0be5e.flv	
37a935b4c21662e183a0dd632f40d5fd6900c42b.mp4,f9395fd63d7f59cae6103cfb00e116b4a1d0be5e.flv	(4, 18)
37a935b4c21662e183a0dd632f40d5fd6900c42b.mp4,f9395fd63d7f59cae6103cfb00e116b4a1d0be5e.flv	(5, 30)
37a935b4c21662e183a0dd632f40d5fd6900c42b.mp4,f98075fcebb2596c91cf6886b30a39521cc60855.flv	(2, 8)(3, 9)
37a935b4c21662e183a0dd632f40d5fd6900c42b.mp4,fa0aa890db611cbe029b8c222663579ec7081bb6.flv	(1, 8)(2, 9)(3, 10)(5, 18)
3fe2e54fdb267849aa8aeb0b39ec0d1c7075b391.flv,3fe2e54fdb267849aa8aeb0b39ec0d1c7075b391.flv	(0, 0)(1, 1)(2, 2)(3, 3)(4, 4)(5, 5)(6, 6)(7, 7)(8, 8)(9, 9)(10, 10)(11, 11)(12, 12)(13, 13)(14, 14)(15, 15)(16, 16)(17, 17)(18, 18)
3fe2e54fdb267849aa8aeb0b39ec0d1c7075b391.flv,4ffe88b2da93f727952dc3104e70c0b0665d9e1a.flv	(2, 0)(3, 1)(5, 6)(6, 7)(8, 8)(9, 9)
3fe2e54fdb267849aa8aeb0b39ec0d1c7075b391.flv,52ac7a125ee96ff91ca49c197d3a79b6c0857e68.flv	(1, 1)(1, 2)(2, 3)(3, 4)(4, 5)(5, 6)(6, 7)(7, 8)(8, 9)(9, 10)(10, 11)(11, 12)(12, 13)(13, 14)(14, 15)(15, 16)
3fe2e54fdb267849aa8aeb0b39ec0d1c7075b391.flv,54f841cdb1b1a498c656bd541d23c690b70737bd.flv	(1, 0)(1, 1)(2, 2)(3, 3)(4, 4)(5, 5)(6, 6)
3fe2e54fdb267849aa8aeb0b39ec0d1c7075b391.flv,5d38467d3becf8273bd7ae9028a37fcb0cc3828b.flv	(1, 6)(3, 8)(5, 11)(6, 12)(7, 13)
3fe2e54fdb267849aa8aeb0b39ec0d1c7075b391.flv,5d38467d3becf8273bd7ae9028a37fcb0cc3828b.flv	(8, 14)
3fe2e54fdb267849aa8aeb0b39ec0d1c7075b391.flv,5d38467d3becf8273bd7ae9028a37fcb0cc3828b.flv	(10, 18)(11, 19)
3fe2e54fdb267849aa8aeb0b39ec0d1c7075b391.flv,5d38467d3becf8273bd7ae9028a37fcb0cc3828b.flv	(12, 26)(13, 28)(14, 29)(15, 30)
3fe2e54fdb267849aa8aeb0b39ec0d1c7075b391.flv,63407cc775874d569f82a2060c636b785c09a487.flv	(1, 0)(3, 2)(4, 4)(5, 5)(6, 6)(7, 6)(8, 7)(9, 8)(10, 9)(11, 10)(12, 11)(13, 12)(15, 13)
3fe2e54fdb267849aa8aeb0b39ec0d1c7075b391.flv,66e0225621e48946b7ab09027c18c83b69564002.flv	(1, 1)(1, 2)(2, 3)
3fe2e54fdb267849aa8aeb0b39ec0d1c7075b391.flv,72e97f43a27cdb56a82454758c383c1ac82e91b9.flv	(8, 9)(9, 11)(12, 14)(15, 16)
3fe2e54fdb267849aa8aeb0b39ec0d1c7075b391.flv,74018dcbf908a0a0319e889a70a920896b63ed99.flv	(1, 0)(1, 1)(2, 2)(3, 3)(4, 5)(5, 6)(6, 7)(7, 8)(8, 9)(9, 10)(10, 11)(11, 12)(12, 13)(13, 14)(14, 15)(15, 16)
3fe2e54fdb267849aa8aeb0b39ec0d1c7075b391.flv,9026d2a43d0e645901aa9138136bbc1491856ffb.flv	(1, 0)(1, 1)(3, 2)(4, 4)(5, 5)(7, 6)(8, 8)(9, 9)(10, 10)(11, 11)(12, 12)(13, 13)(14, 14)(15, 15)
3fe2e54fdb267849aa8aeb0b39ec0d1c7075b391.flv,97c71f57e83f6ab16906fdd7edc8e3f88d2ceee1.flv	
3fe2e54fdb267849aa8aeb0b39ec0d1c7075b391.flv,97c71f57e83f6ab16906fdd7edc8e3f88d2ceee1.flv	(9, 0)
3fe2e54fdb267849aa8aeb0b39ec0d1c7075b391.flv,97c71f57e83f6ab16906fdd7edc8e3f88d2ceee1.flv	(10, 0)
3fe2e54fdb267849aa8aeb0b39ec0d1c7075b391.flv,97c71f57e83f6ab16906fdd7edc8e3f88d2ceee1.flv	(12, 0)
3fe2e54fdb267849aa8aeb0b39ec0d1c7075b391.flv,a100d2d414f1faa59abdb409e8858d6a4ba96618.flv	(1, 1)(2, 2)(3, 4)(4, 5)(5, 6)(6, 7)(7, 8)
3fe2e54fdb267849aa8aeb0b39ec0d1c7075b391.flv,a100d2d414f1faa59abdb409e8858d6a4ba96618.flv	(8, 9)
3fe2e54fdb267849aa8aeb0b39ec0d1c7075b391.flv,a100d2d414f1faa59abdb409e8858d6a4ba96618.flv	(10, 12)(11, 13)
3fe2e54fdb267849aa8aeb0b39ec0d1c7075b391.flv,a100d2d414f1faa59abdb409e8858d6a4ba96618.flv	(12, 21)(13, 22)(15, 23)
3fe2e54fdb267849aa8aeb0b39ec0d1c7075b391.flv,ab12206048207553294916664d0ebf1cd9e81ef6.flv	(1, 0)(3, 2)(4, 4)(5, 5)(6, 6)(7, 6)(8, 7)(9, 8)(10, 9)(11, 10)(12, 11)(15, 12)
3fe2e54fdb267849aa8aeb0b39ec0d1c7075b391.flv,b34b81ce75ea0773ba04b3f1ddedf3f3fac823fa.flv	(1, 0)(2, 2)(3, 3)(4, 5)(5, 6)(7, 7)(8, 8)(9, 9)(10, 10)(11, 11)(12, 12)(13, 13)(14, 14)(15, 15)
3fe2e54fdb267849aa8aeb0b39ec0d1c7075b391.flv,c4384b8402362a0351d4e1dc9de0c01d7117322f.flv	(2, 3)(3, 4)(4, 5)(5, 6)(6, 7)(7, 8)(8, 9)(10, 12)(11, 13)(12, 15)(13, 16)(14, 17)(15, 18)
3fe2e54fdb267849aa8aeb0b39ec0d1c7075b391.flv,d28c7952b8a60139126446bc81bff5ecebcf5129.flv	(2, 3)(3, 4)(4, 5)(5, 6)(6, 7)(7, 8)(8, 9)(9, 10)(10, 11)(11, 12)(12, 13)(13, 14)(14, 15)(15, 16)
3fe2e54fdb267849aa8aeb0b39ec0d1c7075b391.flv,e4516162efaa2bb36d38fbf245bc41b6fd24f443.flv	(0, 0)(1, 1)(2, 2)(3, 3)(4, 4)(5, 5)(6, 6)(7, 7)(8, 8)(9, 9)(10, 10)(11, 11)(12, 12)(13, 13)(14, 14)(15, 15)(16, 16)(17, 17)(18, 18)
3fe2e54fdb267849aa8aeb0b39ec0d1c7075b391.flv,e6f1dd4881c0088d861763dadd83db04fb353500.flv	(1, 1)(2, 2)(3, 4)(4, 5)(5, 6)(6, 7)(7, 8)
3fe2e54fdb267849aa8aeb0b39ec0d1c7075b391.flv,e6f1dd4881c0088d861763dadd83db04fb353500.flv	(8, 9)
3fe2e54fdb267849aa8aeb0b39ec0d1c7075b391.flv,e6f1dd4881c0088d861763dadd83db04fb353500.flv	(10, 12)(11, 13)
3fe2e54fdb267849aa8aeb0b39ec0d1c7075b391.flv,e6f1dd4881c0088d861763dadd83db04fb353500.flv	(12, 21)(14, 23)
3fe2e54fdb267849aa8aeb0b39ec0d1c7075b391.flv,f9395fd63d7f59cae6103cfb00e116b4a1d0be5e.flv	(1, 6)(3, 8)(5, 11)(6, 12)(7, 13)
3fe2e54fdb267849aa8aeb0b39ec0d1c7075b391.flv,f9395fd63d7f59cae6103cfb00e116b4a1d0be5e.flv	(8, 14)
3fe2e54fdb267849aa8aeb0b39ec0d1c7075b391.flv,f9395fd63d7f59cae6103cfb00e116b4a1d0be5e.flv	(10, 18)(11, 19)
3fe2e54fdb267849aa8aeb0b39ec0d1c7075b391.flv,f9395fd63d7f59cae6103cfb00e116b4a1d0be5e.flv	(12, 26)(13, 28)(14, 29)(15, 30)
3fe2e54fdb267849aa8aeb0b39ec0d1c7075b391.flv,f98075fcebb2596c91cf6886b30a39521cc60855.flv	(1, 1)(1, 2)(2, 3)(3, 4)(4, 5)(5, 6)(6, 7)(7, 8)(8, 9)(9, 10)(10, 11)(11, 12)
3fe2e54fdb267849aa8aeb0b39ec0d1c7075b391.flv,fa0aa890db611cbe029b8c222663579ec7081bb6.flv	(1, 0)(1, 1)(2, 2)(3, 3)(5, 7)(6, 8)(7, 9)(8, 10)(9, 11)(10, 12)(11, 13)(12, 14)(13, 16)(14, 17)(15, 18)
4ffe88b2da93f727952dc3104e70c0b0665d9e1a.flv,4ffe88b2da93f727952dc3104e70c0b0665d9e1a.flv	(0, 0)(1, 1)(2, 2)(3, 3)(4, 4)(5, 5)(6, 6)(7, 7)(8, 8)(9, 9)(10, 10)
4ffe88b2da93f727952dc3104e70c0b0665d9e1a.flv,52ac7a125ee96ff91ca49c197d3a79b6c0857e68.flv	(0, 3)(1, 4)(6, 6)(7, 7)(8, 9)(9, 10)(10, 11)
4ffe88b2da93f727952dc3104e70c0b0665d9e1a.flv,54f841cdb1b1a498c656bd541d23c690b70737bd.flv	(0, 2)(1, 3)(5, 5)(7, 6)
4ffe88b2da93f727952dc3104e70c0b0665d9e1a.flv,5d38467d3becf8273bd7ae9028a37fcb0cc3828b.flv	(0, 6)(0, 7)(1, 8)(3, 9)(4, 10)(6, 11)(7, 13)
4ffe88b2da93f727952dc3104e70c0b0665d9e1a.flv,5d38467d3becf8273bd7ae9028a37fcb0cc3828b.flv	
4ffe88b2da93f727952dc3104e70c0b0665d9e1a.flv,63407cc775874d569f82a2060c636b785c09a487.flv	(0, 1)(1, 2)(3, 3)(6, 5)(7, 6)(8, 7)(9, 8)
4ffe88b2da93f727952dc3104e70c0b0665d9e1a.flv,66e0225621e48946b7ab09027c18c83b69564002.flv	(0, 1)(0, 2)(1, 3)(2, 4)(4, 5)(5, 7)(9, 12)
4ffe88b2da93f727952dc3104e70c0b0665d9e1a.flv,72e97f43a27cdb56a82454758c383c1ac82e91b9.flv	(1, 2)(2, 3)(3, 4)(5, 6)(8, 9)(9, 11)(10, 12)
4ffe88b2da93f727952dc3104e70c0b0665d9e1a.flv,74018dcbf908a0a0319e889a70a920896b63ed99.flv	(0, 2)(1, 3)(3, 4)(6, 6)(7, 7)(8, 9)(9, 10)(10, 11)
4ffe88b2da93f727952dc3104e70c0b0665d9e1a.flv,9026d2a43d0e645901aa9138136bbc1491856ffb.flv	(1, 2)(2, 3)(6, 5)(7, 6)(9, 9)(10, 10)
4ffe88b2da93f727952dc3104e70c0b0665d9e1a.flv,97c71f57e83f6ab16906fdd7edc8e3f88d2ceee1.flv	
4ffe88b2da93f727952dc3104e70c0b0665d9e1a.flv,97c71f57e83f6ab16906fdd7edc8e3f88d2ceee1.flv	(9, 0)
4ffe88b2da93f727952dc3104e70c0b0665d9e1a.flv,a100d2d414f1faa59abdb409e8858d6a4ba96618.flv	(0, 2)(1, 4)(5, 6)(7, 8)
4ffe88b2da93f727952dc3104e70c0b0665d9e1a.flv,a100d2d414f1faa59abdb409e8858d6a4ba96618.flv	(9, 9)
4ffe88b2da93f727952dc3104e70c0b0665d9e1a.flv,ab12206048207553294916664d0ebf1cd9e81ef6.flv	(0, 1)(1, 2)(3, 3)(6, 5)(7, 6)(8, 7)(9, 8)
4ffe88b2da93f727952dc3104e70c0b0665d9e1a.flv,b34b81ce75ea0773ba04b3f1ddedf3f3fac823fa.flv	(0, 2)(6, 6)(7, 7)(8, 8)(9, 9)(10, 10)
4ffe88b2da93f727952dc3104e70c0b0665d9e1a.flv,c4384b8402362a0351d4e1dc9de0c01d7117322f.flv	(0, 3)(1, 4)(5, 6)(7, 7)(8, 9)(9, 10)
4ffe88b2da93f727952dc3104e70c0b0665d9e1a.flv,d28c7952b8a60139126446bc81bff5ecebcf5129.flv	(0, 3)(1, 4)(6, 6)(7, 7)(8, 9)(9, 10)(10, 11)
4ffe88b2da93f727952dc3104e70c0b0665d9e1a.flv,e4516162efaa2bb36d38fbf245bc41b6fd24f443.flv	(0, 2)(1, 3)(6, 5)(7, 6)(8, 8)(9, 9)
4ffe88b2da93f727952dc3104e70c0b0665d9e1a.flv,e6f1dd4881c0088d861763dadd83db04fb353500.flv	(0, 2)(1, 4)(5, 6)(7, 8)
4ffe88b2da93f727952dc3104e70c0b0665d9e1a.flv,e6f1dd4881c0088d861763dadd83db04fb353500.flv	(9, 9)
4ffe88b2da93f727952dc3104e70c0b0665d9e1a.flv,f9395fd63d7f59cae6103cfb00e116b4a1d0be5e.flv	(0, 6)(0, 7)(1, 8)(3, 9)(4, 10)(6, 11)(7, 13)
4ffe88b2da93f727952dc3104e70c0b0665d9e1a.flv,f9395fd63d7f59cae6103cfb00e116b4a1d0be5e.flv	
4ffe88b2da93f727952dc3104e70c0b0665d9e1a.flv,f98075fcebb2596c91cf6886b30a39521cc60855.flv	
4ffe88b2da93f727952dc3104e70c0b0665d9e1a.flv,fa0aa890db611cbe029b8c222663579ec7081bb6.flv	(8, 3)
52ac7a125ee96ff91ca49c197d3a79b6c0857e68.flv,52ac7a125ee96ff91ca49c197d3a79b6c0857e68.flv	(0, 0)(1, 1)(2, 2)(3, 3)(4, 4)(5, 5)(6, 6)(7, 7)(8, 8)(9, 9)(10, 10)(11, 11)(12, 12)(13, 13)(14, 14)(15, 15)(16, 16)
52ac7a125ee96ff91ca49c197d3a79b6c0857e68.flv,54f841cdb1b1a498c656bd541d23c690b70737bd.flv	(0, 0)(1, 0)(2, 1)(3, 2)(4, 3)(5, 4)(6, 5)(7, 6)
52ac7a125ee96ff91ca49c197d3a79b6c0857e68.flv,5d38467d3becf8273bd7ae9028a37fcb0cc3828b.flv	(4, 8)(6, 11)(7, 12)(8, 13)
52ac7a125ee96ff91ca49c197d3a79b6c0857e68.flv,5d38467d3becf8273bd7ae9028a37fcb0cc3828b.flv	(9, 14)
52ac7a125ee96ff91ca49c197d3a79b6c0857e68.flv,5d38467d3becf8273bd7ae9028a37fcb0cc3828b.flv	(11, 18)(12, 19)
52ac7a125ee96ff91ca49c197d3a79b6c0857e68.flv,5d38467d3becf8273bd7ae9028a37fcb0cc3828b.flv	(13, 26)(14, 28)(15, 29)(16, 30)
52ac7a125ee96ff91ca49c197d3a79b6c0857e68.flv,63407cc775874d569f82a2060c636b785c09a487.flv	(0, 0)(1, 0)(3, 1)(4, 2)(5, 4)(6, 5)(7, 6)(8, 6)(9, 7)(10, 8)(11, 9)(12, 10)(13, 11)(14, 12)(16, 13)
52ac7a125ee96ff91ca49c197d3a79b6c0857e68.flv,66e0225621e48946b7ab09027c18c83b69564002.flv	(2, 0)(3, 1)(4, 3)(5, 4)(6, 7)(7, 9)(8, 10)(9, 11)(10, 12)
52ac7a125ee96ff91ca49c197d3a79b6c0857e68.flv,72e97f43a27cdb56a82454758c383c1ac82e91b9.flv	(9, 9)(10, 11)(11, 12)(13, 14)(16, 16)
52ac7a125ee96ff91ca49c197d3a79b6c0857e68.flv,74018dcbf908a0a0319e889a70a920896b63ed99.flv	(0, 0)(1, 0)(2, 1)(3, 2)(4, 3)(5, 5)(6, 6)(7, 7)(8, 8)(9, 9)(10, 10)(11, 11)(12, 12)(13, 13)(14, 14)(15, 15)(16, 16)
52ac7a125ee96ff91ca49c197d3a79b6c0857e68.flv,9026d2a43d0e645901aa9138136bbc1491856ffb.flv	(0, 0)(1, 0)(2, 1)(4, 2)(5, 4)(6, 5)(7, 6)(8, 6)(9, 8)(10, 9)(11, 10)(12, 11)(13, 12)(14, 13)(15, 14)(16, 15)
52ac7a125ee96ff91ca49c197d3a79b6c0857e68.flv,97c71f57e83f6ab16906fdd7edc8e3f88d2ceee1.flv	
52ac7a125ee96ff91ca49c197d3a79b6c0857e68.flv,97c71f57e83f6ab16906fdd7edc8e3f88d2ceee1.flv	(10, 0)
52ac7a125ee96ff91ca49c197d3a79b6c0857e68.flv,97c71f57e83f6ab16906fdd7edc8e3f88d2ceee1.flv	(11, 0)
52ac7a125ee96ff91ca49c197d3a79b6c0857e68.flv,97c71f57e83f6ab16906fdd7edc8e3f88d2ceee1.flv	(13, 0)
52ac7a125ee96ff91ca49c197d3a79b6c0857e68.flv,a100d2d414f1faa59abdb409e8858d6a4ba96618.flv	(3, 2)(4, 4)(5, 5)(6, 6)(7, 7)(8, 8)
52ac7a125ee96ff91ca49c197d3a79b6c0857e68.flv,a100d2d414f1faa59abdb409e8858d6a4ba96618.flv	(9, 9)
52ac7a125ee96ff91ca49c197d3a79b6c0857e68.flv,a100d2d414f1faa59abdb409e8858d6a4ba96618.flv	(11, 12)(12, 13)
52ac7a125ee96ff91ca49c197d3a79b6c0857e68.flv,a100d2d414f1faa59abdb409e8858d6a4ba96618.flv	(13, 21)(14, 22)(15, 22)(16, 23)
52ac7a125ee96ff91ca49c197d3a79b6c0857e68.flv,ab12206048207553294916664d0ebf1cd9e81ef6.flv	(0, 0)(1, 0)(3, 1)(4, 2)(5, 4)(6, 5)(7, 6)(8, 6)(9, 7)(10, 8)(11, 9)(12, 10)(13, 11)(16, 12)
52ac7a125ee96ff91ca49c197d3a79b6c0857e68.flv,b34b81ce75ea0773ba04b3f1ddedf3f3fac823fa.flv	(0, 0)(1, 0)(2, 1)(3, 2)(4, 3)(5, 5)(6, 6)(7, 7)(8, 7)(9, 8)(10, 9)(11, 10)(12, 11)(13, 12)(14, 13)(15, 14)(16, 15)
52ac7a125ee96ff91ca49c197d3a79b6c0857e68.flv,c4384b8402362a0351d4e1dc9de0c01d7117322f.flv	(0, 0)(1, 1)(2, 2)(3, 3)(4, 4)(5, 5)(6, 6)(7, 7)(8, 8)(9, 9)(10, 10)(11, 12)(12, 13)(13, 15)(14, 16)(15, 17)(16, 18)
52ac7a125ee96ff91ca49c197d3a79b6c0857e68.flv,d28c7952b8a60139126446bc81bff5ecebcf5129.flv	(0, 0)(1, 1)(2, 2)(3, 3)(4, 4)(5, 5)(6, 6)(7, 7)(8, 8)(9, 9)(10, 10)(11, 11)(12, 12)(13, 13)(14, 14)(15, 15)(16, 16)
52ac7a125ee96ff91ca49c197d3a79b6c0857e68.flv,e4516162efaa2bb36d38fbf245bc41b6fd24f443.flv	(1, 1)(2, 1)(3, 2)(4, 3)(5, 4)(6, 5)(7, 6)(8, 7)(9, 8)(10, 9)(11, 10)(12, 11)(13, 12)(14, 13)(15, 14)(16, 15)
52ac7a125ee96ff91ca49c197d3a79b6c0857e68.flv,e6f1dd4881c0088d861763dadd83db04fb353500.flv	(3, 2)(4, 4)(5, 5)(6, 6)(7, 7)(8, 8)
52ac7a125ee96ff91ca49c197d3a79b6c0857e68.flv,e6f1dd4881c0088d861763dadd83db04fb353500.flv	(9, 9)
52ac7a125ee96ff91ca49c197d3a79b6c0857e68.flv,e6f1dd4881c0088d861763dadd83db04fb353500.flv	(11, 12)(12, 13)
52ac7a125ee96ff91ca49c197d3a79b6c0857e68.flv,e6f1dd4881c0088d861763dadd83db04fb353500.flv	(13, 21)(14, 22)(15, 22)(16, 23)
52ac7a125ee96ff91ca49c197d3a79b6c0857e68.flv,f9395fd63d7f59cae6103cfb00e116b4a1d0be5e.flv	(4, 8)(6, 11)(7, 12)(8, 13)
52ac7a125ee96ff91ca49c197d3a79b6c0857e68.flv,f9395fd63d7f59cae6103cfb00e116b4a1d0be5e.flv	(9, 14)
52ac7a125ee96ff91ca49c197d3a79b6c0857e68.flv,f9395fd63d7f59cae6103cfb00e116b4a1d0be5e.flv	(11, 18)(12, 19)
52ac7a125ee96ff91ca49c197d3a79b6c0857e68.flv,f9395fd63d7f59cae6103cfb00e116b4a1d0be5e.flv	(13, 26)(14, 28)(15, 29)(16, 30)
52ac7a125ee96ff91ca49c197d3a79b6c0857e68.flv,f98075fcebb2596c91cf6886b30a39521cc60855.flv	(0, 0)(1, 1)(2, 2)(3, 3)(4, 4)(5, 5)(6, 6)(7, 7)(8, 8)(9, 9)(10, 10)(11, 11)(12, 12)
52ac7a125ee96ff91ca49c197d3a79b6c0857e68.flv,fa0aa890db611cbe029b8c222663579ec7081bb6.flv	(0, 0)(1, 0)(2, 1)(3, 2)(4, 3)(5, 5)(6, 7)(7, 8)(8, 9)(9, 10)(10, 11)(11, 12)(12, 13)(13, 14)(14, 16)(15, 17)(16, 18)
54f841cdb1b1a498c656bd541d23c690b70737bd.flv,54f841cdb1b1a498c656bd541d23c690b70737bd.flv	(0, 0)(1, 1)(2, 2)(3, 3)(4, 4)(5, 5)(6, 6)
54f841cdb1b1a498c656bd541d23c690b70737bd.flv,5d38467d3becf8273bd7ae9028a37fcb0cc3828b.flv	(3, 8)(5, 11)(6, 12)
54f841cdb1b1a498c656bd541d23c690b70737bd.flv,63407cc775874d569f82a2060c636b785c09a487.flv	(0, 0)(1, 1)(3, 2)(4, 3)(5, 5)(6, 6)
54f841cdb1b1a498c656bd541d23c690b70737bd.flv,66e0225621e48946b7ab09027c18c83b69564002.flv	(1, 0)(2, 1)(3, 3)(4, 4)(6, 9)
54f841cdb1b1a498c656bd541d23c690b70737bd.flv,72e97f43a27cdb56a82454758c383c1ac82e91b9.flv	(4, 5)(6, 9)
54f841cdb1b1a498c656bd541d23c690b70737bd.flv,74018dcbf908a0a0319e889a70a920896b63ed99.flv	(0, 0)(1, 1)(2, 2)(3, 3)(4, 4)(5, 6)(6, 7)
54f841cdb1b1a498c656bd541d23c690b70737bd.flv,9026d2a43d0e645901aa9138136bbc1491856ffb.flv	(0, 0)(1, 1)(3, 2)(5, 5)(6, 6)
54f841cdb1b1a498c656bd541d23c690b70737bd.flv,97c71f57e83f6ab16906fdd7edc8e3f88d2ceee1.flv	
54f841cdb1b1a498c656bd541d23c690b70737bd.flv,a100d2d414f1faa59abdb409e8858d6a4ba96618.flv	(1, 1)(2, 2)(3, 3)(3, 4)(4, 5)(5, 6)(6, 7)
54f841cdb1b1a498c656bd541d23c690b70737bd.flv,ab12206048207553294916664d0ebf1cd9e81ef6.flv	(0, 0)(1, 1)(3, 2)(4, 3)(5, 5)(6, 6)
54f841cdb1b1a498c656bd541d23c690b70737bd.flv,b34b81ce75ea0773ba04b3f1ddedf3f3fac823fa.flv	(0, 0)(1, 1)(2, 2)(3, 3)(4, 5)(5, 6)(6, 7)
54f841cdb1b1a498c656bd541d23c690b70737bd.flv,c4384b8402362a0351d4e1dc9de0c01d7117322f.flv	(0, 0)(0, 1)(1, 2)(2, 3)(3, 4)(4, 5)(5, 6)(6, 7)
54f841cdb1b1a498c656bd541d23c690b70737bd.flv,d28c7952b8a60139126446bc81bff5ecebcf5129.flv	(0, 0)(0, 1)(1, 2)(2, 3)(3, 4)(4, 5)(5, 6)(6, 7)
54f841cdb1b1a498c656bd541d23c690b70737bd.flv,e4516162efaa2bb36d38fbf245bc41b6fd24f443.flv	(0, 1)(1, 1)(2, 2)(3, 3)(4, 4)(5, 5)(6, 6)
54f841cdb1b1a498c656bd541d23c690b70737bd.flv,e6f1dd4881c0088d861763dadd83db04fb353500.flv	(1, 1)(2, 2)(3, 3)(3, 4)(4, 5)(5, 6)(6, 7)
54f841cdb1b1a498c656bd541d23c690b70737bd.flv,f9395fd63d7f59cae6103cfb00e116b4a1d0be5e.flv	(3, 8)(5, 11)(6, 12)
54f841cdb1b1a498c656bd541d23c690b70737bd.flv,f98075fcebb2596c91cf6886b30a39521cc60855.flv	(0, 0)(0, 1)(1, 2)(3, 4)(4, 5)(5, 6)(6, 7)
54f841cdb1b1a498c656bd541d23c690b70737bd.flv,fa0aa890db611cbe029b8c222663579ec7081bb6.flv	(0, 0)(1, 1)(2, 2)(3, 3)(4, 5)(5, 6)(6, 8)
5d38467d3becf8273bd7ae9028a37fcb0cc3828b.flv,5d38467d3becf8273bd7ae9028a37fcb0cc3828b.flv	(0, 0)(1, 1)(2, 2)(3, 3)(4, 4)(5, 5)(6, 6)(7, 7)(8, 8)(9, 9)(10, 10)(11, 11)(12, 12)(13, 13)(14, 14)(15, 15)(16, 16)(17, 17)(18, 18)(19, 19)(20, 20)(21, 21)(22, 22)(23, 23)(24, 24)(25, 25)(26, 26)(27, 27)(28, 28)(29, 29)(30, 30)(31, 31)(32, 32)(33, 33)(34, 34)(35, 35)(36, 36)(37, 37)(38, 38)(39, 39)(40, 40)(41, 41)(42, 42)(43, 43)(44, 44)(45, 45)(46, 46)(47, 47)(48, 48)(49, 49)(50, 50)(51, 51)(52, 52)(53, 53)(54, 54)
5d38467d3becf8273bd7ae9028a37fcb0cc3828b.flv,63407cc775874d569f82a2060c636b785c09a487.flv	(6, 1)(8, 2)(9, 3)(10, 4)(11, 5)(13, 6)
5d38467d3becf8273bd7ae9028a37fcb0cc3828b.flv,63407cc775874d569f82a2060c636b785c09a487.flv	(14, 7)
5d38467d3becf8273bd7ae9028a37fcb0cc3828b.flv,63407cc775874d569f82a2060c636b785c09a487.flv	(18, 9)(19, 10)
5d38467d3becf8273bd7ae9028a37fcb0cc3828b.flv,63407cc775874d569f82a2060c636b785c09a487.flv	(26, 11)(28, 12)(30, 13)
5d38467d3becf8273bd7ae9028a37fcb0cc3828b.flv,66e0225621e48946b7ab09027c18c83b69564002.flv	(6, 0)(6, 1)(7, 2)(8, 3)(9, 4)(10, 5)(10, 6)(11, 7)(12, 9)(13, 10)
5d38467d3becf8273bd7ae9028a37fcb0cc3828b.flv,66e0225621e48946b7ab09027c18c83b69564002.flv	(14, 11)
5d38467d3becf8273bd7ae9028a37fcb0cc3828b.flv,72e97f43a27cdb56a82454758c383c1ac82e91b9.flv	(6, 2)(13, 9)
5d38467d3becf8273bd7ae9028a37fcb0cc3828b.flv,72e97f43a27cdb56a82454758c383c1ac82e91b9.flv	(14, 10)
5d38467d3becf8273bd7ae9028a37fcb0cc3828b.flv,72e97f43a27cdb56a82454758c383c1ac82e91b9.flv	(18, 12)
5d38467d3becf8273bd7ae9028a37fcb0cc3828b.flv,72e97f43a27cdb56a82454758c383c1ac82e91b9.flv	(25, 13)(26, 14)(30, 16)
5d38467d3becf8273bd7ae9028a37fcb0cc3828b.flv,74018dcbf908a0a0319e889a70a920896b63ed99.flv	(8, 3)(9, 4)(10, 5)(11, 6)(12, 7)(13, 8)
5d38467d3becf8273bd7ae9028a37fcb0cc3828b.flv,74018dcbf908a0a0319e889a70a920896b63ed99.flv	(14, 9)
5d38467d3becf8273bd7ae9028a37fcb0cc3828b.flv,74018dcbf908a0a0319e889a70a920896b63ed99.flv	(18, 11)(19, 12)
5d38467d3becf8273bd7ae9028a37fcb0cc3828b.flv,74018dcbf908a0a0319e889a70a920896b63ed99.flv	(26, 13)(28, 14)(29, 15)(30, 16)
5d38467d3becf8273bd7ae9028a37fcb0cc3828b.flv,9026d2a43d0e645901aa9138136bbc1491856ffb.flv	(8, 2)(10, 4)(11, 5)(13, 6)
5d38467d3becf8273bd7ae9028a37fcb0cc3828b.flv,9026d2a43d0e645901aa9138136bbc1491856ffb.flv	
5d38467d3becf8273bd7ae9028a37fcb0cc3828b.flv,9026d2a43d0e645901aa9138136bbc1491856ffb.flv	(18, 10)(19, 11)
5d38467d3becf8273bd7ae9028a37fcb0cc3828b.flv,9026d2a43d0e645901aa9138136bbc1491856ffb.flv	(26, 12)(28, 13)(29, 14)(30, 15)
5d38467d3becf8273bd7ae9028a37fcb0cc3828b.flv,97c71f57e83f6ab16906fdd7edc8e3f88d2ceee1.flv	
5d38467d3becf8273bd7ae9028a37fcb0cc3828b.flv,a100d2d414f1faa59abdb409e8858d6a4ba96618.flv	(5, 0)(6, 1)(8, 4)(11, 6)(13, 8)(14, 9)(16, 10)(17, 11)(18, 12)(19, 13)(20, 14)(21, 15)(22, 16)
5d38467d3becf8273bd7ae9028a37fcb0cc3828b.flv,a100d2d414f1faa59abdb409e8858d6a4ba96618.flv	(23, 17)(24, 19)(25, 20)(26, 21)(27, 22)(28, 22)(29, 23)
5d38467d3becf8273bd7ae9028a37fcb0cc3828b.flv,ab12206048207553294916664d0ebf1cd9e81ef6.flv	(6, 1)(8, 2)(9, 3)(10, 4)(11, 5)(13, 6)
5d38467d3becf8273bd7ae9028a37fcb0cc3828b.flv,ab12206048207553294916664d0ebf1cd9e81ef6.flv	(14, 8)
5d38467d3becf8273bd7ae9028a37fcb0cc3828b.flv,ab12206048207553294916664d0ebf1cd9e81ef6.flv	(18, 9)(19, 10)
5d38467d3becf8273bd7ae9028a37fcb0cc3828b.flv,ab12206048207553294916664d0ebf1cd9e81ef6.flv	(26, 11)(30, 12)
5d38467d3becf8273bd7ae9028a37fcb0cc3828b.flv,b34b81ce75ea0773ba04b3f1ddedf3f3fac823fa.flv	(11, 6)(13, 7)
5d38467d3becf8273bd7ae9028a37fcb0cc3828b.flv,b34b81ce75ea0773ba04b3f1ddedf3f3fac823fa.flv	(14, 9)
5d38467d3becf8273bd7ae9028a37fcb0cc3828b.flv,b34b81ce75ea0773ba04b3f1ddedf3f3fac823fa.flv	(18, 10)(19, 11)
5d38467d3becf8273bd7ae9028a37fcb0cc3828b.flv,b34b81ce75ea0773ba04b3f1ddedf3f3fac823fa.flv	(26, 12)(28, 13)(29, 14)(30, 15)
5d38467d3becf8273bd7ae9028a37fcb0cc3828b.flv,c4384b8402362a0351d4e1dc9de0c01d7117322f.flv	(8, 4)(11, 6)(12, 7)(13, 8)
5d38467d3becf8273bd7ae9028a37fcb0cc3828b.flv,c4384b8402362a0351d4e1dc9de0c01d7117322f.flv	(14, 10)(15, 11)
5d38467d3becf8273bd7ae9028a37fcb0cc3828b.flv,c4384b8402362a0351d4e1dc9de0c01d7117322f.flv	(18, 12)(19, 13)
5d38467d3becf8273bd7ae9028a37fcb0cc3828b.flv,c4384b8402362a0351d4e1dc9de0c01d7117322f.flv	(26, 15)(28, 16)(29, 17)(30, 18)
5d38467d3becf8273bd7ae9028a37fcb0cc3828b.flv,d28c7952b8a60139126446bc81bff5ecebcf5129.flv	(8, 4)(11, 6)(12, 7)(13, 8)
5d38467d3becf8273bd7ae9028a37fcb0cc3828b.flv,d28c7952b8a60139126446bc81bff5ecebcf5129.flv	(14, 10)
5d38467d3becf8273bd7ae9028a37fcb0cc3828b.flv,d28c7952b8a60139126446bc81bff5ecebcf5129.flv	(18, 11)(19, 12)
5d38467d3becf8273bd7ae9028a37fcb0cc3828b.flv,d28c7952b8a60139126446bc81bff5ecebcf5129.flv	(26, 13)(28, 14)(29, 15)(30, 16)
5d38467d3becf8273bd7ae9028a37fcb0cc3828b.flv,e4516162efaa2bb36d38fbf245bc41b6fd24f443.flv	(6, 1)(8, 3)(11, 5)(12, 6)(13, 7)
5d38467d3becf8273bd7ae9028a37fcb0cc3828b.flv,e4516162efaa2bb36d38fbf245bc41b6fd24f443.flv	(14, 9)
5d38467d3becf8273bd7ae9028a37fcb0cc3828b.flv,e4516162efaa2bb36d38fbf245bc41b6fd24f443.flv	(18, 10)(19, 11)
5d38467d3becf8273bd7ae9028a37fcb0cc3828b.flv,e4516162efaa2bb36d38fbf245bc41b6fd24f443.flv	(26, 12)(28, 13)(29, 14)(30, 15)
5d38467d3becf8273bd7ae9028a37fcb0cc3828b.flv,e6f1dd4881c0088d861763dadd83db04fb353500.flv	(5, 0)(6, 1)(7, 3)(8, 4)(11, 6)(12, 7)(13, 8)(14, 9)(15, 10)(17, 11)(18, 12)(19, 13)(20, 14)(21, 15)(22, 16)
5d38467d3becf8273bd7ae9028a37fcb0cc3828b.flv,e6f1dd4881c0088d861763dadd83db04fb353500.flv	(23, 17)(24, 19)(25, 20)(26, 21)(27, 22)(28, 22)(29, 23)
5d38467d3becf8273bd7ae9028a37fcb0cc3828b.flv,f9395fd63d7f59cae6103cfb00e116b4a1d0be5e.flv	(0, 0)(1, 1)(2, 2)(3, 3)(4, 4)(5, 5)(6, 6)(7, 7)(8, 8)(9, 9)(10, 10)(11, 11)(12, 12)(13, 13)(14, 14)(15, 15)(16, 16)(17, 17)(18, 18)(19, 19)(20, 20)(21, 21)(22, 22)(23, 23)(24, 24)(25, 25)(26, 26)(27, 27)(28, 28)(29, 29)(30, 30)(31, 31)(32, 32)(33, 33)(34, 34)(35, 35)(36, 36)(37, 37)(38, 38)(39, 39)(40, 40)(41, 41)(42, 42)(43, 43)(44, 44)(45, 45)(46, 46)(47, 47)(48, 48)(49, 49)(50, 50)(51, 51)(52, 52)(53, 53)(54, 54)
5d38467d3becf8273bd7ae9028a37fcb0cc3828b.flv,f98075fcebb2596c91cf6886b30a39521cc60855.flv	(8, 4)(11, 6)(12, 7)(13, 8)
5d38467d3becf8273bd7ae9028a37fcb0cc3828b.flv,f98075fcebb2596c91cf6886b30a39521cc60855.flv	(14, 10)
5d38467d3becf8273bd7ae9028a37fcb0cc3828b.flv,f98075fcebb2596c91cf6886b30a39521cc60855.flv	(18, 11)(19, 12)
5d38467d3becf8273bd7ae9028a37fcb0cc3828b.flv,fa0aa890db611cbe029b8c222663579ec7081bb6.flv	(8, 3)(9, 5)(11, 7)(12, 8)(13, 9)
5d38467d3becf8273bd7ae9028a37fcb0cc3828b.flv,fa0aa890db611cbe029b8c222663579ec7081bb6.flv	(14, 11)
5d38467d3becf8273bd7ae9028a37fcb0cc3828b.flv,fa0aa890db611cbe029b8c222663579ec7081bb6.flv	(18, 12)(19, 13)
5d38467d3becf8273bd7ae9028a37fcb0cc3828b.flv,fa0aa890db611cbe029b8c222663579ec7081bb6.flv	(26, 14)(27, 15)(28, 16)(29, 17)(30, 18)
63407cc775874d569f82a2060c636b785c09a487.flv,63407cc775874d569f82a2060c636b785c09a487.flv	(0, 0)(1, 1)(2, 2)(3, 3)(4, 4)(5, 5)(6, 6)(7, 7)(8, 8)(9, 9)(10, 10)(11, 11)(12, 12)(13, 13)
63407cc775874d569f82a2060c636b785c09a487.flv,66e0225621e48946b7ab09027c18c83b69564002.flv	(1, 0)(1, 1)(2, 3)(3, 4)(4, 5)(4, 6)(5, 7)(7, 11)(8, 12)
63407cc775874d569f82a2060c636b785c09a487.flv,72e97f43a27cdb56a82454758c383c1ac82e91b9.flv	(3, 4)(4, 5)(7, 9)(8, 11)(9, 12)(11, 14)(13, 16)
63407cc775874d569f82a2060c636b785c09a487.flv,74018dcbf908a0a0319e889a70a920896b63ed99.flv	(0, 0)(1, 2)(2, 3)(3, 4)(4, 5)(5, 6)(6, 7)(6, 8)(7, 9)(8, 10)(9, 11)(10, 12)(11, 13)(12, 14)(13, 16)
63407cc775874d569f82a2060c636b785c09a487.flv,9026d2a43d0e645901aa9138136bbc1491856ffb.flv	(0, 0)(1, 1)(2, 2)(3, 3)(4, 4)(5, 5)(6, 6)(7, 8)(8, 9)(9, 10)(10, 11)(11, 12)(12, 13)(13, 14)(13, 15)
63407cc775874d569f82a2060c636b785c09a487.flv,97c71f57e83f6ab16906fdd7edc8e3f88d2ceee1.flv	
63407cc775874d569f82a2060c636b785c09a487.flv,97c71f57e83f6ab16906fdd7edc8e3f88d2ceee1.flv	(8, 0)
63407cc775874d569f82a2060c636b785c09a487.flv,97c71f57e83f6ab16906fdd7edc8e3f88d2ceee1.flv	(9, 0)
63407cc775874d569f82a2060c636b785c09a487.flv,97c71f57e83f6ab16906fdd7edc8e3f88d2ceee1.flv	(11, 0)
63407cc775874d569f82a2060c636b785c09a487.flv,a100d2d414f1faa59abdb409e8858d6a4ba96618.flv	(1, 1)(1, 2)(2, 3)(2, 4)(3, 5)(5, 6)(6, 7)(6, 8)
63407cc775874d569f82a2060c636b785c09a487.flv,a100d2d414f1faa59abdb409e8858d6a4ba96618.flv	(7, 9)
63407cc775874d569f82a2060c636b785c09a487.flv,a100d2d414f1faa59abdb409e8858d6a4ba96618.flv	(9, 12)(10, 13)
63407cc775874d569f82a2060c636b785c09a487.flv,a100d2d414f1faa59abdb409e8858d6a4ba96618.flv	(11, 21)(12, 22)(13, 23)
63407cc775874d569f82a2060c636b785c09a487.flv,ab12206048207553294916664d0ebf1cd9e81ef6.flv	(0, 0)(1, 1)(2, 2)(3, 3)(4, 4)(5, 5)(6, 6)(7, 7)(8, 8)(9, 9)(10, 10)(11, 11)(13, 12)
63407cc775874d569f82a2060c636b785c09a487.flv,b34b81ce75ea0773ba04b3f1ddedf3f3fac823fa.flv	(0, 0)(1, 2)(2, 3)(4, 5)(5, 6)(6, 7)(7, 8)(8, 9)(9, 10)(10, 11)(11, 12)(12, 13)(13, 15)
63407cc775874d569f82a2060c636b785c09a487.flv,c4384b8402362a0351d4e1dc9de0c01d7117322f.flv	(0, 0)(0, 1)(1, 3)(2, 4)(3, 5)(5, 6)(6, 7)(6, 8)(7, 9)(9, 12)(10, 13)(11, 15)(12, 16)(13, 18)
63407cc775874d569f82a2060c636b785c09a487.flv,d28c7952b8a60139126446bc81bff5ecebcf5129.flv	(0, 0)(0, 1)(1, 3)(2, 4)(4, 5)(5, 6)(6, 7)(6, 8)(7, 9)(8, 10)(9, 11)(10, 12)(11, 13)(12, 14)(13, 16)
63407cc775874d569f82a2060c636b785c09a487.flv,e4516162efaa2bb36d38fbf245bc41b6fd24f443.flv	(0, 1)(2, 3)(3, 4)(4, 4)(5, 5)(6, 6)(6, 7)(7, 8)(8, 9)(9, 10)(10, 11)(11, 12)(12, 13)(13, 15)
63407cc775874d569f82a2060c636b785c09a487.flv,e6f1dd4881c0088d861763dadd83db04fb353500.flv	(1, 1)(1, 2)(2, 3)(2, 4)(3, 5)(5, 6)(6, 7)(6, 8)
63407cc775874d569f82a2060c636b785c09a487.flv,e6f1dd4881c0088d861763dadd83db04fb353500.flv	(7, 9)
63407cc775874d569f82a2060c636b785c09a487.flv,e6f1dd4881c0088d861763dadd83db04fb353500.flv	(9, 12)(10, 13)
63407cc775874d569f82a2060c636b785c09a487.flv,e6f1dd4881c0088d861763dadd83db04fb353500.flv	(11, 21)(12, 22)(13, 23)
63407cc775874d569f82a2060c636b785c09a487.flv,f9395fd63d7f59cae6103cfb00e116b4a1d0be5e.flv	(1, 6)(2, 8)(3, 9)(4, 10)(5, 11)(6, 13)
63407cc775874d569f82a2060c636b785c09a487.flv,f9395fd63d7f59cae6103cfb00e116b4a1d0be5e.flv	(7, 14)
63407cc775874d569f82a2060c636b785c09a487.flv,f9395fd63d7f59cae6103cfb00e116b4a1d0be5e.flv	(9, 18)(10, 19)
63407cc775874d569f82a2060c636b785c09a487.flv,f9395fd63d7f59cae6103cfb00e116b4a1d0be5e.flv	(11, 26)(12, 28)(13, 30)
63407cc775874d569f82a2060c636b785c09a487.flv,f98075fcebb2596c91cf6886b30a39521cc60855.flv	(0, 0)(0, 1)(2, 4)(4, 5)(5, 6)(6, 8)(7, 9)(8, 10)(9, 11)(10, 12)
63407cc775874d569f82a2060c636b785c09a487.flv,fa0aa890db611cbe029b8c222663579ec7081bb6.flv	(0, 0)(1, 2)(2, 3)(3, 4)(5, 7)(6, 8)(6, 9)(7, 10)(8, 11)(9, 12)(10, 13)(11, 14)(12, 16)(13, 18)
66e0225621e48946b7ab09027c18c83b69564002.flv,66e0225621e48946b7ab09027c18c83b69564002.flv	(0, 0)(1, 1)(2, 2)(3, 3)(4, 4)(5, 5)(6, 6)(7, 7)(8, 8)(9, 9)(10, 10)(11, 11)(12, 12)
66e0225621e48946b7ab09027c18c83b69564002.flv,72e97f43a27cdb56a82454758c383c1ac82e91b9.flv	(3, 3)(6, 6)(7, 7)
66e0225621e48946b7ab09027c18c83b69564002.flv,74018dcbf908a0a0319e889a70a920896b63ed99.flv	(0, 1)(1, 2)(3, 3)(4, 4)(5, 5)(6, 5)(7, 6)(9, 7)(10, 8)(11, 9)(12, 10)
66e0225621e48946b7ab09027c18c83b69564002.flv,9026d2a43d0e645901aa9138136bbc1491856ffb.flv	(0, 1)(3, 2)(4, 3)(7, 5)(10, 7)(11, 8)(12, 9)
66e0225621e48946b7ab09027c18c83b69564002.flv,97c71f57e83f6ab16906fdd7edc8e3f88d2ceee1.flv	
66e0225621e48946b7ab09027c18c83b69564002.flv,97c71f57e83f6ab16906fdd7edc8e3f88d2ceee1.flv	(11, 0)
66e0225621e48946b7ab09027c18c83b69564002.flv,a100d2d414f1faa59abdb409e8858d6a4ba96618.flv	(0, 1)(1, 2)(2, 3)(3, 4)(4, 5)(9, 7)(10, 8)
66e0225621e48946b7ab09027c18c83b69564002.flv,a100d2d414f1faa59abdb409e8858d6a4ba96618.flv	(11, 9)
66e0225621e48946b7ab09027c18c83b69564002.flv,ab12206048207553294916664d0ebf1cd9e81ef6.flv	(0, 1)(1, 1)(3, 2)(4, 3)(5, 4)(6, 4)(7, 5)(11, 7)(12, 8)
66e0225621e48946b7ab09027c18c83b69564002.flv,b34b81ce75ea0773ba04b3f1ddedf3f3fac823fa.flv	(0, 1)(1, 2)(3, 3)(4, 5)(7, 6)(11, 8)(12, 9)
66e0225621e48946b7ab09027c18c83b69564002.flv,c4384b8402362a0351d4e1dc9de0c01d7117322f.flv	(0, 2)(1, 3)(3, 4)(4, 5)(9, 7)(10, 8)(12, 10)
66e0225621e48946b7ab09027c18c83b69564002.flv,d28c7952b8a60139126446bc81bff5ecebcf5129.flv	(0, 2)(1, 3)(3, 4)(4, 5)(7, 6)(9, 7)(10, 8)(11, 9)(12, 10)
66e0225621e48946b7ab09027c18c83b69564002.flv,e4516162efaa2bb36d38fbf245bc41b6fd24f443.flv	(0, 1)(1, 2)(2, 2)(3, 3)(4, 4)(7, 5)(9, 6)(10, 7)(11, 8)(12, 9)
66e0225621e48946b7ab09027c18c83b69564002.flv,e6f1dd4881c0088d861763dadd83db04fb353500.flv	(0, 1)(1, 2)(2, 3)(3, 4)(4, 5)(9, 7)(10, 8)
66e0225621e48946b7ab09027c18c83b69564002.flv,e6f1dd4881c0088d861763dadd83db04fb353500.flv	(11, 9)
66e0225621e48946b7ab09027c18c83b69564002.flv,f9395fd63d7f59cae6103cfb00e116b4a1d0be5e.flv	(0, 6)(1, 6)(2, 7)(3, 8)(4, 9)(5, 10)(6, 10)(7, 11)(9, 12)(10, 13)
66e0225621e48946b7ab09027c18c83b69564002.flv,f9395fd63d7f59cae6103cfb00e116b4a1d0be5e.flv	(11, 14)
66e0225621e48946b7ab09027c18c83b69564002.flv,f98075fcebb2596c91cf6886b30a39521cc60855.flv	(0, 2)(1, 3)(2, 3)(3, 4)(4, 5)(7, 6)(9, 7)(10, 8)(11, 9)(12, 10)
66e0225621e48946b7ab09027c18c83b69564002.flv,fa0aa890db611cbe029b8c222663579ec7081bb6.flv	(0, 1)(1, 2)(3, 3)(4, 4)(5, 5)(7, 6)(8, 7)(9, 8)(10, 9)(11, 10)(12, 11)
72e97f43a27cdb56a82454758c383c1ac82e91b9.flv,72e97f43a27cdb56a82454758c383c1ac82e91b9.flv	(0, 0)(1, 1)(2, 2)(3, 3)(4, 4)(5, 5)(6, 6)(7, 7)(8, 8)(9, 9)(10, 10)(11, 11)(12, 12)(13, 13)(14, 14)(15, 15)(16, 16)(17, 17)
72e97f43a27cdb56a82454758c383c1ac82e91b9.flv,74018dcbf908a0a0319e889a70a920896b63ed99.flv	(4, 4)(5, 5)(9, 9)(11, 10)(12, 11)(14, 13)(16, 16)
72e97f43a27cdb56a82454758c383c1ac82e91b9.flv,9026d2a43d0e645901aa9138136bbc1491856ffb.flv	(4, 3)(5, 4)(8, 6)(14, 12)(16, 15)
72e97f43a27cdb56a82454758c383c1ac82e91b9.flv,97c71f57e83f6ab16906fdd7edc8e3f88d2ceee1.flv	
72e97f43a27cdb56a82454758c383c1ac82e91b9.flv,97c71f57e83f6ab16906fdd7edc8e3f88d2ceee1.flv	(12, 0)
72e97f43a27cdb56a82454758c383c1ac82e91b9.flv,97c71f57e83f6ab16906fdd7edc8e3f88d2ceee1.flv	
72e97f43a27cdb56a82454758c383c1ac82e91b9.flv,a100d2d414f1faa59abdb409e8858d6a4ba96618.flv	(2, 1)(3, 4)(9, 8)
72e97f43a27cdb56a82454758c383c1ac82e91b9.flv,a100d2d414f1faa59abdb409e8858d6a4ba96618.flv	(11, 9)
72e97f43a27cdb56a82454758c383c1ac82e91b9.flv,a100d2d414f1faa59abdb409e8858d6a4ba96618.flv	(12, 12)
72e97f43a27cdb56a82454758c383c1ac82e91b9.flv,a100d2d414f1faa59abdb409e8858d6a4ba96618.flv	(13, 20)(14, 21)(15, 22)
72e97f43a27cdb56a82454758c383c1ac82e91b9.flv,ab12206048207553294916664d0ebf1cd9e81ef6.flv	(4, 3)(5, 4)(9, 7)(11, 8)(12, 9)(14, 11)(16, 12)
72e97f43a27cdb56a82454758c383c1ac82e91b9.flv,b34b81ce75ea0773ba04b3f1ddedf3f3fac823fa.flv	(9, 8)(11, 9)(12, 10)(14, 12)(16, 15)
72e97f43a27cdb56a82454758c383c1ac82e91b9.flv,c4384b8402362a0351d4e1dc9de0c01d7117322f.flv	(4, 5)(9, 9)(12, 12)(14, 15)(16, 18)
72e97f43a27cdb56a82454758c383c1ac82e91b9.flv,d28c7952b8a60139126446bc81bff5ecebcf5129.flv	(9, 9)(11, 10)(12, 11)(14, 13)(16, 16)
72e97f43a27cdb56a82454758c383c1ac82e91b9.flv,e4516162efaa2bb36d38fbf245bc41b6fd24f443.flv	(3, 3)(9, 8)(11, 9)(12, 10)(14, 12)(16, 15)
72e97f43a27cdb56a82454758c383c1ac82e91b9.flv,e6f1dd4881c0088d861763dadd83db04fb353500.flv	(2, 1)(3, 4)(9, 8)
72e97f43a27cdb56a82454758c383c1ac82e91b9.flv,e6f1dd4881c0088d861763dadd83db04fb353500.flv	(11, 9)
72e97f43a27cdb56a82454758c383c1ac82e91b9.flv,e6f1dd4881c0088d861763dadd83db04fb353500.flv	(12, 12)
72e97f43a27cdb56a82454758c383c1ac82e91b9.flv,e6f1dd4881c0088d861763dadd83db04fb353500.flv	(13, 20)(14, 21)(15, 22)
72e97f43a27cdb56a82454758c383c1ac82e91b9.flv,f9395fd63d7f59cae6103cfb00e116b4a1d0be5e.flv	(2, 6)(4, 9)(5, 10)(9, 13)
72e97f43a27cdb56a82454758c383c1ac82e91b9.flv,f9395fd63d7f59cae6103cfb00e116b4a1d0be5e.flv	(12, 18)
72e97f43a27cdb56a82454758c383c1ac82e91b9.flv,f9395fd63d7f59cae6103cfb00e116b4a1d0be5e.flv	(13, 25)(14, 26)(16, 30)
72e97f43a27cdb56a82454758c383c1ac82e91b9.flv,f98075fcebb2596c91cf6886b30a39521cc60855.flv	(3, 4)(9, 9)(11, 10)(12, 11)
72e97f43a27cdb56a82454758c383c1ac82e91b9.flv,fa0aa890db611cbe029b8c222663579ec7081bb6.flv	(4, 4)(5, 5)(6, 6)(9, 10)(11, 11)(12, 12)(14, 14)(16, 18)
74018dcbf908a0a0319e889a70a920896b63ed99.flv,74018dcbf908a0a0319e889a70a920896b63ed99.flv	(0, 0)(1, 1)(2, 2)(3, 3)(4, 4)(5, 5)(6, 6)(7, 7)(8, 8)(9, 9)(10, 10)(11, 11)(12, 12)(13, 13)(14, 14)(15, 15)(16, 16)
74018dcbf908a0a0319e889a70a920896b63ed99.flv,9026d2a43d0e645901aa9138136bbc1491856ffb.flv	(0, 0)(1, 1)(3, 2)(4, 3)(5, 4)(6, 5)(7, 6)(8, 6)(9, 8)(10, 9)(11, 10)(12, 11)(13, 12)(14, 13)(15, 14)(16, 15)
74018dcbf908a0a0319e889a70a920896b63ed99.flv,97c71f57e83f6ab16906fdd7edc8e3f88d2ceee1.flv	
74018dcbf908a0a0319e889a70a920896b63ed99.flv,97c71f57e83f6ab16906fdd7edc8e3f88d2ceee1.flv	(10, 0)
74018dcbf908a0a0319e889a70a920896b63ed99.flv,97c71f57e83f6ab16906fdd7edc8e3f88d2ceee1.flv	(11, 0)
74018dcbf908a0a0319e889a70a920896b63ed99.flv,97c71f57e83f6ab16906fdd7edc8e3f88d2ceee1.flv	(13, 0)
74018dcbf908a0a0319e889a70a920896b63ed99.flv,a100d2d414f1faa59abdb409e8858d6a4ba96618.flv	(0, 1)(2, 2)(3, 4)(4, 5)(6, 6)(7, 7)(8, 8)
74018dcbf908a0a0319e889a70a920896b63ed99.flv,a100d2d414f1faa59abdb409e8858d6a4ba96618.flv	(9, 9)
74018dcbf908a0a0319e889a70a920896b63ed99.flv,a100d2d414f1faa59abdb409e8858d6a4ba96618.flv	(11, 12)(12, 13)
74018dcbf908a0a0319e889a70a920896b63ed99.flv,a100d2d414f1faa59abdb409e8858d6a4ba96618.flv	(13, 21)(14, 22)(15, 23)
74018dcbf908a0a0319e889a70a920896b63ed99.flv,ab12206048207553294916664d0ebf1cd9e81ef6.flv	(0, 0)(2, 1)(3, 2)(4, 3)(5, 4)(6, 5)(7, 6)(8, 6)(9, 7)(10, 8)(11, 9)(12, 10)(13, 11)(16, 12)
74018dcbf908a0a0319e889a70a920896b63ed99.flv,b34b81ce75ea0773ba04b3f1ddedf3f3fac823fa.flv	(0, 0)(1, 1)(2, 2)(3, 3)(5, 5)(6, 6)(7, 7)(8, 7)(9, 8)(10, 9)(11, 10)(12, 11)(13, 12)(14, 13)(15, 14)(16, 15)
74018dcbf908a0a0319e889a70a920896b63ed99.flv,c4384b8402362a0351d4e1dc9de0c01d7117322f.flv	(0, 0)(0, 1)(1, 2)(2, 3)(3, 4)(4, 5)(6, 6)(7, 7)(8, 8)(9, 9)(10, 10)(11, 12)(12, 13)(13, 15)(14, 16)(15, 17)(16, 18)
74018dcbf908a0a0319e889a70a920896b63ed99.flv,d28c7952b8a60139126446bc81bff5ecebcf5129.flv	(0, 0)(0, 1)(1, 2)(2, 3)(3, 4)(5, 5)(6, 6)(7, 7)(8, 8)(9, 9)(10, 10)(11, 11)(12, 12)(13, 13)(14, 14)(15, 15)(16, 16)
74018dcbf908a0a0319e889a70a920896b63ed99.flv,e4516162efaa2bb36d38fbf245bc41b6fd24f443.flv	(0, 1)(2, 2)(3, 3)(5, 4)(6, 5)(7, 6)(8, 7)(9, 8)(10, 9)(11, 10)(12, 11)(13, 12)(14, 13)(15, 14)(16, 15)
74018dcbf908a0a0319e889a70a920896b63ed99.flv,e6f1dd4881c0088d861763dadd83db04fb353500.flv	(0, 1)(2, 2)(3, 4)(4, 5)(6, 6)(7, 7)(8, 8)
74018dcbf908a0a0319e889a70a920896b63ed99.flv,e6f1dd4881c0088d861763dadd83db04fb353500.flv	(9, 9)
74018dcbf908a0a0319e889a70a920896b63ed99.flv,e6f1dd4881c0088d861763dadd83db04fb353500.flv	(11, 12)(12, 13)
74018dcbf908a0a0319e889a70a920896b63ed99.flv,e6f1dd4881c0088d861763dadd83db04fb353500.flv	(13, 21)(14, 22)(15, 23)
74018dcbf908a0a0319e889a70a920896b63ed99.flv,f9395fd63d7f59cae6103cfb00e116b4a1d0be5e.flv	(0, 6)(3, 8)(4, 9)(5, 10)(6, 11)(7, 12)(8, 13)
74018dcbf908a0a0319e889a70a920896b63ed99.flv,f9395fd63d7f59cae6103cfb00e116b4a1d0be5e.flv	(9, 14)
74018dcbf908a0a0319e889a70a920896b63ed99.flv,f9395fd63d7f59cae6103cfb00e116b4a1d0be5e.flv	(11, 18)(12, 19)
74018dcbf908a0a0319e889a70a920896b63ed99.flv,f9395fd63d7f59cae6103cfb00e116b4a1d0be5e.flv	(13, 26)(14, 28)(15, 29)(16, 30)
74018dcbf908a0a0319e889a70a920896b63ed99.flv,f98075fcebb2596c91cf6886b30a39521cc60855.flv	(0, 0)(0, 1)(1, 2)(2, 3)(3, 4)(5, 5)(6, 6)(7, 7)(8, 8)(9, 9)(10, 10)(11, 11)(12, 12)
74018dcbf908a0a0319e889a70a920896b63ed99.flv,fa0aa890db611cbe029b8c222663579ec7081bb6.flv	(0, 0)(1, 1)(2, 2)(3, 3)(4, 4)(6, 7)(7, 8)(8, 9)(9, 10)(10, 11)(11, 12)(12, 13)(13, 14)(14, 16)(15, 17)(16, 18)
9026d2a43d0e645901aa9138136bbc1491856ffb.flv,9026d2a43d0e645901aa9138136bbc1491856ffb.flv	(0, 0)(1, 1)(2, 2)(3, 3)(4, 4)(5, 5)(6, 6)(7, 7)(8, 8)(9, 9)(10, 10)(11, 11)(12, 12)(13, 13)(14, 14)(15, 15)(16, 16)
9026d2a43d0e645901aa9138136bbc1491856ffb.flv,97c71f57e83f6ab16906fdd7edc8e3f88d2ceee1.flv	
9026d2a43d0e645901aa9138136bbc1491856ffb.flv,97c71f57e83f6ab16906fdd7edc8e3f88d2ceee1.flv	(9, 0)
9026d2a43d0e645901aa9138136bbc1491856ffb.flv,97c71f57e83f6ab16906fdd7edc8e3f88d2ceee1.flv	(10, 0)
9026d2a43d0e645901aa9138136bbc1491856ffb.flv,97c71f57e83f6ab16906fdd7edc8e3f88d2ceee1.flv	(12, 0)
9026d2a43d0e645901aa9138136bbc1491856ffb.flv,a100d2d414f1faa59abdb409e8858d6a4ba96618.flv	(0, 1)(4, 5)(5, 6)(6, 7)(6, 8)
9026d2a43d0e645901aa9138136bbc1491856ffb.flv,a100d2d414f1faa59abdb409e8858d6a4ba96618.flv	
9026d2a43d0e645901aa9138136bbc1491856ffb.flv,a100d2d414f1faa59abdb409e8858d6a4ba96618.flv	(10, 12)(11, 13)
9026d2a43d0e645901aa9138136bbc1491856ffb.flv,a100d2d414f1faa59abdb409e8858d6a4ba96618.flv	(12, 21)(13, 22)(14, 23)
9026d2a43d0e645901aa9138136bbc1491856ffb.flv,ab12206048207553294916664d0ebf1cd9e81ef6.flv	(0, 0)(1, 1)(2, 2)(3, 3)(4, 4)(5, 5)(6, 6)(8, 7)(9, 8)(10, 9)(11, 10)(12, 11)
9026d2a43d0e645901aa9138136bbc1491856ffb.flv,b34b81ce75ea0773ba04b3f1ddedf3f3fac823fa.flv	(0, 0)(1, 1)(2, 3)(4, 5)(5, 6)(6, 7)(8, 8)(9, 9)(10, 10)(11, 11)(12, 12)(13, 13)(14, 14)(15, 15)
9026d2a43d0e645901aa9138136bbc1491856ffb.flv,c4384b8402362a0351d4e1dc9de0c01d7117322f.flv	(0, 0)(0, 1)(1, 2)(2, 4)(4, 5)(5, 6)(6, 7)(6, 8)(7, 9)(9, 10)(10, 12)(11, 13)(12, 15)(13, 16)(14, 17)(15, 18)
9026d2a43d0e645901aa9138136bbc1491856ffb.flv,d28c7952b8a60139126446bc81bff5ecebcf5129.flv	(0, 0)(0, 1)(1, 2)(2, 4)(4, 5)(5, 6)(6, 7)(6, 8)(8, 9)(9, 10)(10, 11)(11, 12)(12, 13)(13, 14)(14, 15)(15, 16)
9026d2a43d0e645901aa9138136bbc1491856ffb.flv,e4516162efaa2bb36d38fbf245bc41b6fd24f443.flv	(0, 1)(1, 2)(2, 3)(5, 5)(6, 7)(9, 9)(10, 10)(12, 12)(13, 14)(14, 15)(15, 15)
9026d2a43d0e645901aa9138136bbc1491856ffb.flv,e6f1dd4881c0088d861763dadd83db04fb353500.flv	(0, 1)(4, 5)(5, 6)(6, 7)(6, 8)
9026d2a43d0e645901aa9138136bbc1491856ffb.flv,e6f1dd4881c0088d861763dadd83db04fb353500.flv	
9026d2a43d0e645901aa9138136bbc1491856ffb.flv,e6f1dd4881c0088d861763dadd83db04fb353500.flv	(10, 12)(11, 13)
9026d2a43d0e645901aa9138136bbc1491856ffb.flv,e6f1dd4881c0088d861763dadd83db04fb353500.flv	(12, 21)(13, 22)(14, 23)
9026d2a43d0e645901aa9138136bbc1491856ffb.flv,f9395fd63d7f59cae6103cfb00e116b4a1d0be5e.flv	(0, 6)(4, 10)(5, 11)(6, 12)(6, 13)
9026d2a43d0e645901aa9138136bbc1491856ffb.flv,f9395fd63d7f59cae6103cfb00e116b4a1d0be5e.flv	
9026d2a43d0e645901aa9138136bbc1491856ffb.flv,f9395fd63d7f59cae6103cfb00e116b4a1d0be5e.flv	(10, 18)(11, 19)
9026d2a43d0e645901aa9138136bbc1491856ffb.flv,f9395fd63d7f59cae6103cfb00e116b4a1d0be5e.flv	(12, 26)(13, 28)(14, 29)(15, 30)
9026d2a43d0e645901aa9138136bbc1491856ffb.flv,f98075fcebb2596c91cf6886b30a39521cc60855.flv	(0, 0)(0, 1)(1, 2)(2, 4)(4, 5)(5, 6)(6, 8)(8, 9)(9, 10)(10, 11)(11, 12)
9026d2a43d0e645901aa9138136bbc1491856ffb.flv,fa0aa890db611cbe029b8c222663579ec7081bb6.flv	(0, 0)(1, 1)(2, 3)(3, 4)(4, 5)(5, 7)(6, 8)(6, 9)(8, 10)(9, 11)(10, 12)(11, 13)(12, 14)(13, 16)(14, 17)(15, 18)
97c71f57e83f6ab16906fdd7edc8e3f88d2ceee1.flv,97c71f57e83f6ab16906fdd7edc8e3f88d2ceee1.flv	(0, 0)(1, 1)(2, 2)
97c71f57e83f6ab16906fdd7edc8e3f88d2ceee1.flv,a100d2d414f1faa59abdb409e8858d6a4ba96618.flv	
97c71f57e83f6ab16906fdd7edc8e3f88d2ceee1.flv,a100d2d414f1faa59abdb409e8858d6a4ba96618.flv	(0, 9)
97c71f57e83f6ab16906fdd7edc8e3f88d2ceee1.flv,a100d2d414f1faa59abdb409e8858d6a4ba96618.flv	(0, 12)
97c71f57e83f6ab16906fdd7edc8e3f88d2ceee1.flv,a100d2d414f1faa59abdb409e8858d6a4ba96618.flv	
97c71f57e83f6ab16906fdd7edc8e3f88d2ceee1.flv,ab12206048207553294916664d0ebf1cd9e81ef6.flv	
97c71f57e83f6ab16906fdd7edc8e3f88d2ceee1.flv,ab12206048207553294916664d0ebf1cd9e81ef6.flv	(0, 8)
97c71f57e83f6ab16906fdd7edc8e3f88d2ceee1.flv,ab12206048207553294916664d0ebf1cd9e81ef6.flv	(0, 9)
97c71f57e83f6ab16906fdd7edc8e3f88d2ceee1.flv,ab12206048207553294916664d0ebf1cd9e81ef6.flv	(0, 11)(0, 12)
97c71f57e83f6ab16906fdd7edc8e3f88d2ceee1.flv,b34b81ce75ea0773ba04b3f1ddedf3f3fac823fa.flv	
97c71f57e83f6ab16906fdd7edc8e3f88d2ceee1.flv,b34b81ce75ea0773ba04b3f1ddedf3f3fac823fa.flv	(0, 9)
97c71f57e83f6ab16906fdd7edc8e3f88d2ceee1.flv,b34b81ce75ea0773ba04b3f1ddedf3f3fac823fa.flv	(0, 10)
97c71f57e83f6ab16906fdd7edc8e3f88d2ceee1.flv,b34b81ce75ea0773ba04b3f1ddedf3f3fac823fa.flv	(0, 12)
97c71f57e83f6ab16906fdd7edc8e3f88d2ceee1.flv,c4384b8402362a0351d4e1dc9de0c01d7117322f.flv	
97c71f57e83f6ab16906fdd7edc8e3f88d2ceee1.flv,c4384b8402362a0351d4e1dc9de0c01d7117322f.flv	(0, 10)
97c71f57e83f6ab16906fdd7edc8e3f88d2ceee1.flv,c4384b8402362a0351d4e1dc9de0c01d7117322f.flv	(0, 12)
97c71f57e83f6ab16906fdd7edc8e3f88d2ceee1.flv,c4384b8402362a0351d4e1dc9de0c01d7117322f.flv	
97c71f57e83f6ab16906fdd7edc8e3f88d2ceee1.flv,d28c7952b8a60139126446bc81bff5ecebcf5129.flv	
97c71f57e83f6ab16906fdd7edc8e3f88d2ceee1.flv,d28c7952b8a60139126446bc81bff5ecebcf5129.flv	(0, 10)
97c71f57e83f6ab16906fdd7edc8e3f88d2ceee1.flv,d28c7952b8a60139126446bc81bff5ecebcf5129.flv	(0, 11)
97c71f57e83f6ab16906fdd7edc8e3f88d2ceee1.flv,d28c7952b8a60139126446bc81bff5ecebcf5129.flv	(0, 13)
97c71f57e83f6ab16906fdd7edc8e3f88d2ceee1.flv,e4516162efaa2bb36d38fbf245bc41b6fd24f443.flv	
97c71f57e83f6ab16906fdd7edc8e3f88d2ceee1.flv,e4516162efaa2bb36d38fbf245bc41b6fd24f443.flv	(0, 9)
97c71f57e83f6ab16906fdd7edc8e3f88d2ceee1.flv,e4516162efaa2bb36d38fbf245bc41b6fd24f443.flv	(0, 10)
97c71f57e83f6ab16906fdd7edc8e3f88d2ceee1.flv,e4516162efaa2bb36d38fbf245bc41b6fd24f443.flv	(0, 12)
97c71f57e83f6ab16906fdd7edc8e3f88d2ceee1.flv,e6f1dd4881c0088d861763dadd83db04fb353500.flv	
97c71f57e83f6ab16906fdd7edc8e3f88d2ceee1.flv,e6f1dd4881c0088d861763dadd83db04fb353500.flv	(0, 9)
97c71f57e83f6ab16906fdd7edc8e3f88d2ceee1.flv,e6f1dd4881c0088d861763dadd83db04fb353500.flv	(0, 12)
97c71f57e83f6ab16906fdd7edc8e3f88d2ceee1.flv,e6f1dd4881c0088d861763dadd83db04fb353500.flv	
97c71f57e83f6ab16906fdd7edc8e3f88d2ceee1.flv,f9395fd63d7f59cae6103cfb00e116b4a1d0be5e.flv	
97c71f57e83f6ab16906fdd7edc8e3f88d2ceee1.flv,f98075fcebb2596c91cf6886b30a39521cc60855.flv	
97c71f57e83f6ab16906fdd7edc8e3f88d2ceee1.flv,fa0aa890db611cbe029b8c222663579ec7081bb6.flv	
97c71f57e83f6ab16906fdd7edc8e3f88d2ceee1.flv,fa0aa890db611cbe029b8c222663579ec7081bb6.flv	(0, 11)
97c71f57e83f6ab16906fdd7edc8e3f88d2ceee1.flv,fa0aa890db611cbe029b8c222663579ec7081bb6.flv	(0, 12)
97c71f57e83f6ab16906fdd7edc8e3f88d2ceee1.flv,fa0aa890db611cbe029b8c222663579ec7081bb6.flv	
a100d2d414f1faa59abdb409e8858d6a4ba96618.flv,a100d2d414f1faa59abdb409e8858d6a4ba96618.flv	(0, 0)(1, 1)(2, 2)(3, 3)(4, 4)(5, 5)(6, 6)(7, 7)(8, 8)(9, 9)(10, 10)(11, 11)(12, 12)(13, 13)(14, 14)(15, 15)(16, 16)(17, 17)(18, 18)(19, 19)(20, 20)(21, 21)(22, 22)(23, 23)(24, 24)(25, 25)
a100d2d414f1faa59abdb409e8858d6a4ba96618.flv,ab12206048207553294916664d0ebf1cd9e81ef6.flv	(1, 0)(2, 1)(4, 2)(5, 3)(6, 5)(7, 6)(8, 6)
a100d2d414f1faa59abdb409e8858d6a4ba96618.flv,ab12206048207553294916664d0ebf1cd9e81ef6.flv	(9, 7)
a100d2d414f1faa59abdb409e8858d6a4ba96618.flv,ab12206048207553294916664d0ebf1cd9e81ef6.flv	(12, 9)(13, 10)
a100d2d414f1faa59abdb409e8858d6a4ba96618.flv,ab12206048207553294916664d0ebf1cd9e81ef6.flv	(21, 11)(23, 12)
a100d2d414f1faa59abdb409e8858d6a4ba96618.flv,b34b81ce75ea0773ba04b3f1ddedf3f3fac823fa.flv	(1, 0)(2, 2)(3, 3)(5, 5)(6, 6)(7, 7)(8, 7)
a100d2d414f1faa59abdb409e8858d6a4ba96618.flv,b34b81ce75ea0773ba04b3f1ddedf3f3fac823fa.flv	(9, 8)
a100d2d414f1faa59abdb409e8858d6a4ba96618.flv,b34b81ce75ea0773ba04b3f1ddedf3f3fac823fa.flv	(12, 10)(13, 11)
a100d2d414f1faa59abdb409e8858d6a4ba96618.flv,b34b81ce75ea0773ba04b3f1ddedf3f3fac823fa.flv	(21, 12)(22, 13)(23, 14)
a100d2d414f1faa59abdb409e8858d6a4ba96618.flv,c4384b8402362a0351d4e1dc9de0c01d7117322f.flv	(2, 3)(4, 4)(5, 5)(6, 6)(7, 7)(8, 8)
a100d2d414f1faa59abdb409e8858d6a4ba96618.flv,c4384b8402362a0351d4e1dc9de0c01d7117322f.flv	(9, 10)(10, 11)
a100d2d414f1faa59abdb409e8858d6a4ba96618.flv,c4384b8402362a0351d4e1dc9de0c01d7117322f.flv	(12, 12)(13, 13)
a100d2d414f1faa59abdb409e8858d6a4ba96618.flv,c4384b8402362a0351d4e1dc9de0c01d7117322f.flv	(20, 14)(21, 15)(22, 16)(23, 17)
a100d2d414f1faa59abdb409e8858d6a4ba96618.flv,d28c7952b8a60139126446bc81bff5ecebcf5129.flv	(2, 3)(4, 4)(5, 5)(6, 6)(7, 7)(8, 8)
a100d2d414f1faa59abdb409e8858d6a4ba96618.flv,d28c7952b8a60139126446bc81bff5ecebcf5129.flv	(9, 9)
a100d2d414f1faa59abdb409e8858d6a4ba96618.flv,d28c7952b8a60139126446bc81bff5ecebcf5129.flv	(12, 11)(13, 12)
a100d2d414f1faa59abdb409e8858d6a4ba96618.flv,d28c7952b8a60139126446bc81bff5ecebcf5129.flv	(21, 13)(22, 14)(23, 15)
a100d2d414f1faa59abdb409e8858d6a4ba96618.flv,e4516162efaa2bb36d38fbf245bc41b6fd24f443.flv	(1, 1)(2, 2)(4, 3)(5, 4)(6, 5)(7, 6)(8, 7)
a100d2d414f1faa59abdb409e8858d6a4ba96618.flv,e4516162efaa2bb36d38fbf245bc41b6fd24f443.flv	(9, 8)
a100d2d414f1faa59abdb409e8858d6a4ba96618.flv,e4516162efaa2bb36d38fbf245bc41b6fd24f443.flv	(12, 10)(13, 11)
a100d2d414f1faa59abdb409e8858d6a4ba96618.flv,e4516162efaa2bb36d38fbf245bc41b6fd24f443.flv	(21, 12)(22, 13)(23, 14)
a100d2d414f1faa59abdb409e8858d6a4ba96618.flv,e6f1dd4881c0088d861763dadd83db04fb353500.flv	(0, 0)(1, 1)(2, 2)(3, 3)(4, 4)(5, 5)(6, 6)(7, 7)(8, 8)(9, 9)(10, 10)(11, 11)(12, 12)(13, 13)(14, 14)(15, 15)(16, 16)(17, 17)(18, 18)(19, 19)(20, 20)(21, 21)(22, 22)(23, 23)(24, 24)(25, 25)
a100d2d414f1faa59abdb409e8858d6a4ba96618.flv,f9395fd63d7f59cae6103cfb00e116b4a1d0be5e.flv	(1, 6)(3, 7)(4, 8)(6, 11)(7, 12)(8, 13)
a100d2d414f1faa59abdb409e8858d6a4ba96618.flv,f9395fd63d7f59cae6103cfb00e116b4a1d0be5e.flv	(9, 14)(10, 16)
a100d2d414f1faa59abdb409e8858d6a4ba96618.flv,f9395fd63d7f59cae6103cfb00e116b4a1d0be5e.flv	(12, 18)(13, 19)
a100d2d414f1faa59abdb409e8858d6a4ba96618.flv,f9395fd63d7f59cae6103cfb00e116b4a1d0be5e.flv	(20, 25)(21, 26)(22, 28)(23, 30)
a100d2d414f1faa59abdb409e8858d6a4ba96618.flv,f98075fcebb2596c91cf6886b30a39521cc60855.flv	(2, 3)(4, 4)(5, 5)(6, 6)(7, 7)(8, 8)
a100d2d414f1faa59abdb409e8858d6a4ba96618.flv,f98075fcebb2596c91cf6886b30a39521cc60855.flv	(9, 9)
a100d2d414f1faa59abdb409e8858d6a4ba96618.flv,f98075fcebb2596c91cf6886b30a39521cc60855.flv	(12, 11)(13, 12)
a100d2d414f1faa59abdb409e8858d6a4ba96618.flv,fa0aa890db611cbe029b8c222663579ec7081bb6.flv	(1, 0)(2, 2)(4, 3)(5, 5)(6, 6)(7, 8)(8, 9)
a100d2d414f1faa59abdb409e8858d6a4ba96618.flv,fa0aa890db611cbe029b8c222663579ec7081bb6.flv	(9, 10)
a100d2d414f1faa59abdb409e8858d6a4ba96618.flv,fa0aa890db611cbe029b8c222663579ec7081bb6.flv	(12, 12)(13, 13)
a100d2d414f1faa59abdb409e8858d6a4ba96618.flv,fa0aa890db611cbe029b8c222663579ec7081bb6.flv	(21, 14)(22, 16)(23, 17)
ab12206048207553294916664d0ebf1cd9e81ef6.flv,ab12206048207553294916664d0ebf1cd9e81ef6.flv	(0, 0)(1, 1)(2, 2)(3, 3)(4, 4)(5, 5)(6, 6)(7, 7)(8, 8)(9, 9)(10, 10)(11, 11)(12, 12)
ab12206048207553294916664d0ebf1cd9e81ef6.flv,b34b81ce75ea0773ba04b3f1ddedf3f3fac823fa.flv	(0, 0)(1, 2)(2, 3)(4, 5)(5, 6)(6, 7)(7, 8)(8, 9)(9, 10)(10, 11)(11, 12)(12, 15)
ab12206048207553294916664d0ebf1cd9e81ef6.flv,c4384b8402362a0351d4e1dc9de0c01d7117322f.flv	(0, 0)(0, 1)(1, 3)(2, 4)(3, 5)(5, 6)(6, 7)(6, 8)(7, 9)(9, 12)(10, 13)(11, 15)(12, 18)
ab12206048207553294916664d0ebf1cd9e81ef6.flv,d28c7952b8a60139126446bc81bff5ecebcf5129.flv	(0, 0)(0, 1)(1, 3)(2, 4)(4, 5)(5, 6)(6, 7)(6, 8)(7, 9)(8, 10)(9, 11)(10, 12)(11, 13)(12, 16)
ab12206048207553294916664d0ebf1cd9e81ef6.flv,e4516162efaa2bb36d38fbf245bc41b6fd24f443.flv	(0, 1)(2, 3)(3, 4)(4, 4)(5, 5)(6, 6)(6, 7)(7, 8)(8, 9)(9, 10)(10, 11)(11, 12)(12, 15)
ab12206048207553294916664d0ebf1cd9e81ef6.flv,e6f1dd4881c0088d861763dadd83db04fb353500.flv	(0, 1)(1, 2)(2, 4)(3, 5)(5, 6)(6, 7)(6, 8)
ab12206048207553294916664d0ebf1cd9e81ef6.flv,e6f1dd4881c0088d861763dadd83db04fb353500.flv	(7, 9)
ab12206048207553294916664d0ebf1cd9e81ef6.flv,e6f1dd4881c0088d861763dadd83db04fb353500.flv	(9, 12)(10, 13)
ab12206048207553294916664d0ebf1cd9e81ef6.flv,e6f1dd4881c0088d861763dadd83db04fb353500.flv	(11, 21)(12, 22)
ab12206048207553294916664d0ebf1cd9e81ef6.flv,f9395fd63d7f59cae6103cfb00e116b4a1d0be5e.flv	(0, 6)(1, 6)(2, 8)(3, 9)(4, 10)(5, 11)(6, 12)(6, 13)
ab12206048207553294916664d0ebf1cd9e81ef6.flv,f9395fd63d7f59cae6103cfb00e116b4a1d0be5e.flv	(7, 14)
ab12206048207553294916664d0ebf1cd9e81ef6.flv,f9395fd63d7f59cae6103cfb00e116b4a1d0be5e.flv	(9, 18)(10, 19)
ab12206048207553294916664d0ebf1cd9e81ef6.flv,f9395fd63d7f59cae6103cfb00e116b4a1d0be5e.flv	(11, 26)(12, 30)
ab12206048207553294916664d0ebf1cd9e81ef6.flv,f98075fcebb2596c91cf6886b30a39521cc60855.flv	(0, 0)(0, 1)(2, 4)(4, 5)(5, 6)(6, 8)(7, 9)(8, 10)(9, 11)(10, 12)
ab12206048207553294916664d0ebf1cd9e81ef6.flv,fa0aa890db611cbe029b8c222663579ec7081bb6.flv	(0, 0)(1, 2)(2, 3)(3, 4)(5, 7)(6, 8)(6, 9)(7, 10)(8, 11)(9, 12)(10, 13)(11, 14)(12, 18)
b34b81ce75ea0773ba04b3f1ddedf3f3fac823fa.flv,b34b81ce75ea0773ba04b3f1ddedf3f3fac823fa.flv	(0, 0)(1, 1)(2, 2)(3, 3)(4, 4)(5, 5)(6, 6)(7, 7)(8, 8)(9, 9)(10, 10)(11, 11)(12, 12)(13, 13)(14, 14)(15, 15)
b34b81ce75ea0773ba04b3f1ddedf3f3fac823fa.flv,c4384b8402362a0351d4e1dc9de0c01d7117322f.flv	(0, 0)(0, 1)(1, 2)(2, 3)(3, 4)(5, 5)(6, 6)(7, 7)(7, 8)(8, 9)(9, 10)(10, 12)(11, 13)(12, 15)(13, 16)(14, 17)(15, 18)
b34b81ce75ea0773ba04b3f1ddedf3f3fac823fa.flv,d28c7952b8a60139126446bc81bff5ecebcf5129.flv	(0, 0)(0, 1)(1, 2)(2, 3)(3, 4)(5, 5)(6, 6)(7, 7)(7, 8)(8, 9)(9, 10)(10, 11)(11, 12)(12, 13)(13, 14)(14, 15)(15, 16)
b34b81ce75ea0773ba04b3f1ddedf3f3fac823fa.flv,e4516162efaa2bb36d38fbf245bc41b6fd24f443.flv	(0, 1)(1, 1)(5, 4)(6, 5)(7, 6)(7, 7)(8, 8)(9, 9)(10, 10)(11, 11)(12, 12)(13, 13)(14, 14)(15, 15)
b34b81ce75ea0773ba04b3f1ddedf3f3fac823fa.flv,e6f1dd4881c0088d861763dadd83db04fb353500.flv	(0, 1)(2, 2)(3, 3)(5, 5)(6, 6)(7, 7)(7, 8)
b34b81ce75ea0773ba04b3f1ddedf3f3fac823fa.flv,e6f1dd4881c0088d861763dadd83db04fb353500.flv	(8, 9)
b34b81ce75ea0773ba04b3f1ddedf3f3fac823fa.flv,e6f1dd4881c0088d861763dadd83db04fb353500.flv	(10, 12)(11, 13)
b34b81ce75ea0773ba04b3f1ddedf3f3fac823fa.flv,e6f1dd4881c0088d861763dadd83db04fb353500.flv	(12, 21)(13, 22)(15, 23)
b34b81ce75ea0773ba04b3f1ddedf3f3fac823fa.flv,f9395fd63d7f59cae6103cfb00e116b4a1d0be5e.flv	(0, 6)(6, 11)(7, 12)(7, 13)
b34b81ce75ea0773ba04b3f1ddedf3f3fac823fa.flv,f9395fd63d7f59cae6103cfb00e116b4a1d0be5e.flv	(8, 14)
b34b81ce75ea0773ba04b3f1ddedf3f3fac823fa.flv,f9395fd63d7f59cae6103cfb00e116b4a1d0be5e.flv	(10, 18)(11, 19)
b34b81ce75ea0773ba04b3f1ddedf3f3fac823fa.flv,f9395fd63d7f59cae6103cfb00e116b4a1d0be5e.flv	(12, 26)(13, 28)(14, 29)(15, 30)
b34b81ce75ea0773ba04b3f1ddedf3f3fac823fa.flv,f98075fcebb2596c91cf6886b30a39521cc60855.flv	(0, 0)(0, 1)(1, 2)(2, 3)(3, 4)(5, 5)(6, 6)(7, 8)(8, 9)(9, 10)(10, 11)(11, 12)
b34b81ce75ea0773ba04b3f1ddedf3f3fac823fa.flv,fa0aa890db611cbe029b8c222663579ec7081bb6.flv	(0, 0)(1, 1)(2, 2)(3, 3)(5, 5)(6, 7)(7, 8)(7, 9)(8, 10)(9, 11)(10, 12)(11, 13)(12, 14)(13, 16)(14, 17)(15, 18)
c4384b8402362a0351d4e1dc9de0c01d7117322f.flv,c4384b8402362a0351d4e1dc9de0c01d7117322f.flv	(0, 0)(1, 1)(2, 2)(3, 3)(4, 4)(5, 5)(6, 6)(7, 7)(8, 8)(9, 9)(10, 10)(11, 11)(12, 12)(13, 13)(14, 14)(15, 15)(16, 16)(17, 17)(18, 18)
c4384b8402362a0351d4e1dc9de0c01d7117322f.flv,d28c7952b8a60139126446bc81bff5ecebcf5129.flv	(0, 0)(1, 1)(2, 2)(3, 3)(4, 4)(5, 5)(6, 6)(7, 7)(8, 8)(9, 9)(10, 10)(12, 11)(13, 12)(15, 13)(16, 14)(17, 15)(18, 16)
c4384b8402362a0351d4e1dc9de0c01d7117322f.flv,e4516162efaa2bb36d38fbf245bc41b6fd24f443.flv	(1, 1)(2, 1)(4, 3)(5, 4)(6, 5)(7, 6)(8, 7)(9, 8)(10, 9)(12, 10)(13, 11)(15, 12)(16, 13)(17, 14)(18, 15)
c4384b8402362a0351d4e1dc9de0c01d7117322f.flv,e6f1dd4881c0088d861763dadd83db04fb353500.flv	(3, 2)(4, 4)(5, 5)(6, 6)(7, 7)(8, 8)
c4384b8402362a0351d4e1dc9de0c01d7117322f.flv,e6f1dd4881c0088d861763dadd83db04fb353500.flv	(10, 9)(11, 10)
c4384b8402362a0351d4e1dc9de0c01d7117322f.flv,e6f1dd4881c0088d861763dadd83db04fb353500.flv	(12, 12)(13, 13)
c4384b8402362a0351d4e1dc9de0c01d7117322f.flv,e6f1dd4881c0088d861763dadd83db04fb353500.flv	(14, 20)(15, 21)(16, 22)(18, 23)
c4384b8402362a0351d4e1dc9de0c01d7117322f.flv,f9395fd63d7f59cae6103cfb00e116b4a1d0be5e.flv	(4, 8)(6, 11)(7, 12)(8, 13)
c4384b8402362a0351d4e1dc9de0c01d7117322f.flv,f9395fd63d7f59cae6103cfb00e116b4a1d0be5e.flv	(10, 14)(11, 16)
c4384b8402362a0351d4e1dc9de0c01d7117322f.flv,f9395fd63d7f59cae6103cfb00e116b4a1d0be5e.flv	(12, 18)(13, 19)
c4384b8402362a0351d4e1dc9de0c01d7117322f.flv,f9395fd63d7f59cae6103cfb00e116b4a1d0be5e.flv	(14, 25)(15, 26)(16, 28)(17, 29)(18, 30)
c4384b8402362a0351d4e1dc9de0c01d7117322f.flv,f98075fcebb2596c91cf6886b30a39521cc60855.flv	(0, 0)(1, 1)(2, 2)(3, 3)(4, 4)(5, 5)(6, 6)(7, 7)(8, 8)(9, 9)(10, 10)(12, 11)(13, 12)
c4384b8402362a0351d4e1dc9de0c01d7117322f.flv,fa0aa890db611cbe029b8c222663579ec7081bb6.flv	(0, 0)(1, 0)(2, 1)(3, 2)(4, 3)(5, 5)(6, 6)(7, 8)(8, 9)(9, 10)(10, 11)(12, 12)(13, 13)(15, 14)(16, 16)(17, 17)(18, 18)
d28c7952b8a60139126446bc81bff5ecebcf5129.flv,d28c7952b8a60139126446bc81bff5ecebcf5129.flv	(0, 0)(1, 1)(2, 2)(3, 3)(4, 4)(5, 5)(6, 6)(7, 7)(8, 8)(9, 9)(10, 10)(11, 11)(12, 12)(13, 13)(14, 14)(15, 15)(16, 16)
d28c7952b8a60139126446bc81bff5ecebcf5129.flv,e4516162efaa2bb36d38fbf245bc41b6fd24f443.flv	(1, 1)(2, 1)(4, 3)(5, 4)(6, 5)(7, 6)(8, 7)(9, 8)(10, 9)(11, 10)(12, 11)(13, 12)(14, 13)(15, 14)(16, 15)
d28c7952b8a60139126446bc81bff5ecebcf5129.flv,e6f1dd4881c0088d861763dadd83db04fb353500.flv	(3, 2)(4, 4)(5, 5)(6, 6)(7, 7)(8, 8)
d28c7952b8a60139126446bc81bff5ecebcf5129.flv,e6f1dd4881c0088d861763dadd83db04fb353500.flv	(9, 9)
d28c7952b8a60139126446bc81bff5ecebcf5129.flv,e6f1dd4881c0088d861763dadd83db04fb353500.flv	(11, 12)(12, 13)
d28c7952b8a60139126446bc81bff5ecebcf5129.flv,e6f1dd4881c0088d861763dadd83db04fb353500.flv	(13, 21)(14, 22)(16, 23)
d28c7952b8a60139126446bc81bff5ecebcf5129.flv,f9395fd63d7f59cae6103cfb00e116b4a1d0be5e.flv	(4, 8)(6, 11)(7, 12)(8, 13)
d28c7952b8a60139126446bc81bff5ecebcf5129.flv,f9395fd63d7f59cae6103cfb00e116b4a1d0be5e.flv	(9, 14)
d28c7952b8a60139126446bc81bff5ecebcf5129.flv,f9395fd63d7f59cae6103cfb00e116b4a1d0be5e.flv	(11, 18)(12, 19)
d28c7952b8a60139126446bc81bff5ecebcf5129.flv,f9395fd63d7f59cae6103cfb00e116b4a1d0be5e.flv	(13, 26)(14, 28)(15, 29)(16, 30)
d28c7952b8a60139126446bc81bff5ecebcf5129.flv,f98075fcebb2596c91cf6886b30a39521cc60855.flv	(0, 0)(1, 1)(2, 2)(3, 3)(4, 4)(5, 5)(6, 6)(7, 7)(8, 8)(9, 9)(10, 10)(11, 11)(12, 12)
d28c7952b8a60139126446bc81bff5ecebcf5129.flv,fa0aa890db611cbe029b8c222663579ec7081bb6.flv	(0, 0)(1, 0)(2, 1)(3, 2)(4, 3)(5, 5)(6, 7)(7, 8)(8, 9)(9, 10)(10, 11)(11, 12)(12, 13)(13, 14)(14, 16)(15, 17)(16, 18)
e4516162efaa2bb36d38fbf245bc41b6fd24f443.flv,e4516162efaa2bb36d38fbf245bc41b6fd24f443.flv	(0, 0)(1, 1)(2, 2)(3, 3)(4, 4)(5, 5)(6, 6)(7, 7)(8, 8)(9, 9)(10, 10)(11, 11)(12, 12)(13, 13)(14, 14)(15, 15)(16, 16)(17, 17)(18, 18)
e4516162efaa2bb36d38fbf245bc41b6fd24f443.flv,e6f1dd4881c0088d861763dadd83db04fb353500.flv	(1, 1)(2, 2)(3, 4)(4, 5)(5, 6)(6, 7)(7, 8)
e4516162efaa2bb36d38fbf245bc41b6fd24f443.flv,e6f1dd4881c0088d861763dadd83db04fb353500.flv	(8, 9)
e4516162efaa2bb36d38fbf245bc41b6fd24f443.flv,e6f1dd4881c0088d861763dadd83db04fb353500.flv	(10, 12)(11, 13)
e4516162efaa2bb36d38fbf245bc41b6fd24f443.flv,e6f1dd4881c0088d861763dadd83db04fb353500.flv	(12, 21)(13, 22)(15, 23)
e4516162efaa2bb36d38fbf245bc41b6fd24f443.flv,f9395fd63d7f59cae6103cfb00e116b4a1d0be5e.flv	(1, 6)(3, 8)(5, 11)(6, 12)(7, 13)
e4516162efaa2bb36d38fbf245bc41b6fd24f443.flv,f9395fd63d7f59cae6103cfb00e116b4a1d0be5e.flv	(10, 18)(11, 19)
e4516162efaa2bb36d38fbf245bc41b6fd24f443.flv,f9395fd63d7f59cae6103cfb00e116b4a1d0be5e.flv	(12, 26)(13, 28)(14, 29)(15, 30)
e4516162efaa2bb36d38fbf245bc41b6fd24f443.flv,f98075fcebb2596c91cf6886b30a39521cc60855.flv	(1, 1)(1, 2)(2, 3)(3, 4)(4, 5)(5, 6)(6, 7)(7, 8)(8, 9)(9, 10)(10, 11)(11, 12)
e4516162efaa2bb36d38fbf245bc41b6fd24f443.flv,fa0aa890db611cbe029b8c222663579ec7081bb6.flv	(1, 0)(1, 1)(3, 3)(4, 5)(5, 7)(6, 8)(7, 9)(8, 10)(9, 11)(10, 12)(11, 13)(12, 14)(13, 16)(14, 17)(15, 18)
e6f1dd4881c0088d861763dadd83db04fb353500.flv,e6f1dd4881c0088d861763dadd83db04fb353500.flv	(0, 0)(1, 1)(2, 2)(3, 3)(4, 4)(5, 5)(6, 6)(7, 7)(8, 8)(9, 9)(10, 10)(11, 11)(12, 12)(13, 13)(14, 14)(15, 15)(16, 16)(17, 17)(18, 18)(19, 19)(20, 20)(21, 21)(22, 22)(23, 23)(24, 24)(25, 25)
e6f1dd4881c0088d861763dadd83db04fb353500.flv,f9395fd63d7f59cae6103cfb00e116b4a1d0be5e.flv	(1, 6)(3, 7)(4, 8)(6, 11)(7, 12)(8, 13)
e6f1dd4881c0088d861763dadd83db04fb353500.flv,f9395fd63d7f59cae6103cfb00e116b4a1d0be5e.flv	(9, 14)(10, 16)
e6f1dd4881c0088d861763dadd83db04fb353500.flv,f9395fd63d7f59cae6103cfb00e116b4a1d0be5e.flv	(12, 18)(13, 19)
e6f1dd4881c0088d861763dadd83db04fb353500.flv,f9395fd63d7f59cae6103cfb00e116b4a1d0be5e.flv	(20, 25)(21, 26)(22, 28)(23, 30)
e6f1dd4881c0088d861763dadd83db04fb353500.flv,f98075fcebb2596c91cf6886b30a39521cc60855.flv	(2, 3)(4, 4)(5, 5)(6, 6)(7, 7)(8, 8)
e6f1dd4881c0088d861763dadd83db04fb353500.flv,f98075fcebb2596c91cf6886b30a39521cc60855.flv	(9, 9)
e6f1dd4881c0088d861763dadd83db04fb353500.flv,f98075fcebb2596c91cf6886b30a39521cc60855.flv	(12, 11)(13, 12)
e6f1dd4881c0088d861763dadd83db04fb353500.flv,fa0aa890db611cbe029b8c222663579ec7081bb6.flv	(1, 0)(2, 2)(4, 3)(5, 5)(6, 6)(7, 8)(8, 9)
e6f1dd4881c0088d861763dadd83db04fb353500.flv,fa0aa890db611cbe029b8c222663579ec7081bb6.flv	(9, 10)
e6f1dd4881c0088d861763dadd83db04fb353500.flv,fa0aa890db611cbe029b8c222663579ec7081bb6.flv	(12, 12)(13, 13)
e6f1dd4881c0088d861763dadd83db04fb353500.flv,fa0aa890db611cbe029b8c222663579ec7081bb6.flv	
f9395fd63d7f59cae6103cfb00e116b4a1d0be5e.flv,f9395fd63d7f59cae6103cfb00e116b4a1d0be5e.flv	(0, 0)(1, 1)(2, 2)(3, 3)(4, 4)(5, 5)(6, 6)(7, 7)(8, 8)(9, 9)(10, 10)(11, 11)(12, 12)(13, 13)(14, 14)(15, 15)(16, 16)(17, 17)(18, 18)(19, 19)(20, 20)(21, 21)(22, 22)(23, 23)(24, 24)(25, 25)(26, 26)(27, 27)(28, 28)(29, 29)(30, 30)(31, 31)(32, 32)(33, 33)(34, 34)(35, 35)(36, 36)(37, 37)(38, 38)(39, 39)(40, 40)(41, 41)(42, 42)(43, 43)(44, 44)(45, 45)(46, 46)(47, 47)(48, 48)(49, 49)(50, 50)(51, 51)(52, 52)(53, 53)(54, 54)
f9395fd63d7f59cae6103cfb00e116b4a1d0be5e.flv,f98075fcebb2596c91cf6886b30a39521cc60855.flv	(7, 3)(8, 4)(11, 6)(12, 7)(13, 8)
f9395fd63d7f59cae6103cfb00e116b4a1d0be5e.flv,f98075fcebb2596c91cf6886b30a39521cc60855.flv	(14, 9)
f9395fd63d7f59cae6103cfb00e116b4a1d0be5e.flv,f98075fcebb2596c91cf6886b30a39521cc60855.flv	(18, 11)(19, 12)
f9395fd63d7f59cae6103cfb00e116b4a1d0be5e.flv,fa0aa890db611cbe029b8c222663579ec7081bb6.flv	(6, 0)(8, 3)(9, 5)(12, 8)(13, 9)
f9395fd63d7f59cae6103cfb00e116b4a1d0be5e.flv,fa0aa890db611cbe029b8c222663579ec7081bb6.flv	(14, 10)
f9395fd63d7f59cae6103cfb00e116b4a1d0be5e.flv,fa0aa890db611cbe029b8c222663579ec7081bb6.flv	(18, 12)(19, 13)
f9395fd63d7f59cae6103cfb00e116b4a1d0be5e.flv,fa0aa890db611cbe029b8c222663579ec7081bb6.flv	(26, 14)(27, 15)(28, 16)(29, 17)(30, 18)
f98075fcebb2596c91cf6886b30a39521cc60855.flv,f98075fcebb2596c91cf6886b30a39521cc60855.flv	(0, 0)(1, 1)(2, 2)(3, 3)(4, 4)(5, 5)(6, 6)(7, 7)(8, 8)(9, 9)(10, 10)(11, 11)(12, 12)
f98075fcebb2596c91cf6886b30a39521cc60855.flv,fa0aa890db611cbe029b8c222663579ec7081bb6.flv	(0, 0)(1, 0)(2, 1)(3, 2)(4, 3)(6, 7)(7, 8)(8, 9)(9, 10)(10, 11)(11, 12)(12, 13)
fa0aa890db611cbe029b8c222663579ec7081bb6.flv,fa0aa890db611cbe029b8c222663579ec7081bb6.flv	(0, 0)(1, 1)(2, 2)(3, 3)(4, 4)(5, 5)(6, 6)(7, 7)(8, 8)(9, 9)(10, 10)(11, 11)(12, 12)(13, 13)(14, 14)(15, 15)(16, 16)(17, 17)(18, 18)
