0268faef0f0ae291f5ede0a7c3f2d176a6101a08.flv,0268faef0f0ae291f5ede0a7c3f2d176a6101a08.flv	(0, 0)(1, 1)(2, 2)(3, 3)(4, 4)(5, 5)(6, 6)(7, 7)(8, 8)(9, 9)(10, 10)(11, 11)(12, 12)(13, 13)(14, 14)(15, 15)(16, 16)(17, 17)(18, 18)(19, 19)(20, 20)(21, 21)(22, 22)(23, 23)(24, 24)(25, 25)(26, 26)(27, 27)(28, 28)(29, 29)(30, 30)(31, 31)(32, 32)(33, 33)(34, 34)(35, 35)(36, 36)(37, 37)(38, 38)(39, 39)(40, 40)(41, 41)(42, 42)(43, 43)(44, 44)(45, 45)(46, 46)(47, 47)(48, 48)
0268faef0f0ae291f5ede0a7c3f2d176a6101a08.flv,098df9c477ecf6c4f3818b198490b0258163015d.flv	
0268faef0f0ae291f5ede0a7c3f2d176a6101a08.flv,0e3aee10650afd14d9a2d8b1440924c7968dd0ee.flv	(8, 4)(9, 5)(11, 8)(12, 9)(13, 11)(14, 12)
0268faef0f0ae291f5ede0a7c3f2d176a6101a08.flv,225eceebd0f24728bd1740f642de6705d43a4da0.flv	(8, 4)(9, 5)(11, 7)(12, 9)(13, 11)(14, 12)
0268faef0f0ae291f5ede0a7c3f2d176a6101a08.flv,2b1a3faf58c38efc393635e3cc007946914516d0.flv	(34, 5)
0268faef0f0ae291f5ede0a7c3f2d176a6101a08.flv,359b3ef99acac4136096052c6d812a6248811e10.flv	
0268faef0f0ae291f5ede0a7c3f2d176a6101a08.flv,56b8c2103555cf056db670c7e952c1fa7418e73d.flv	(8, 2)(9, 2)(11, 3)(12, 5)
0268faef0f0ae291f5ede0a7c3f2d176a6101a08.flv,5b1b41404d1bad5d231bd8c7fdbae109e0ea1fc2.flv	(10, 5)(11, 6)(13, 8)
0268faef0f0ae291f5ede0a7c3f2d176a6101a08.flv,90d2508777b93f5acace5694e70a2bb00efad351.flv	(0, 0)(2, 1)(3, 2)(4, 3)(5, 4)(7, 5)(8, 6)(9, 7)(11, 8)(13, 11)(14, 12)(15, 13)(16, 14)(17, 16)(18, 17)(20, 19)(21, 20)(23, 21)(24, 22)(25, 23)(28, 28)(30, 29)(32, 31)(33, 32)(34, 33)(39, 37)(40, 38)(41, 39)(43, 41)(44, 42)(45, 43)(47, 45)
0268faef0f0ae291f5ede0a7c3f2d176a6101a08.flv,c7d5eb4355e2ce9c90bf681e28ca740b1e7c62ca.flv	
0268faef0f0ae291f5ede0a7c3f2d176a6101a08.flv,d30e718464711d5903b53d36aef8c8212bad1d07.flv	(0, 0)(1, 1)(2, 2)(3, 3)(4, 4)(5, 5)(6, 6)(7, 7)(8, 8)(9, 9)(10, 10)(11, 11)(12, 12)(13, 13)(14, 14)(15, 15)(16, 16)(17, 17)(18, 18)(19, 19)(20, 20)(21, 21)(22, 22)(23, 23)(24, 24)(25, 25)(26, 26)(27, 27)(28, 28)(29, 29)(30, 30)(31, 31)(32, 32)(33, 33)(34, 34)(35, 35)(36, 36)(37, 37)(38, 38)(39, 39)(40, 40)(41, 41)(42, 42)(43, 43)(44, 44)(45, 45)(46, 46)(47, 47)(48, 48)
0268faef0f0ae291f5ede0a7c3f2d176a6101a08.flv,e8e45390a65d2eac522a42b969d2adb87fac7315.flv	(0, 0)(2, 1)(3, 2)(4, 3)(5, 4)(6, 5)(7, 6)(8, 7)(9, 8)(10, 9)(11, 11)(12, 12)(13, 13)(14, 14)(15, 15)(16, 16)(17, 18)(18, 19)(19, 21)(20, 22)(21, 23)(23, 24)(24, 25)(25, 26)(26, 27)(27, 28)(28, 29)(29, 30)(30, 31)(32, 33)(33, 34)(34, 35)(35, 37)(36, 38)(37, 39)(38, 40)(40, 42)(41, 44)(42, 45)(43, 46)(44, 47)(45, 48)(46, 49)(47, 50)(48, 51)
098df9c477ecf6c4f3818b198490b0258163015d.flv,098df9c477ecf6c4f3818b198490b0258163015d.flv	(0, 0)(1, 1)(2, 2)(3, 3)(4, 4)(5, 5)
098df9c477ecf6c4f3818b198490b0258163015d.flv,0e3aee10650afd14d9a2d8b1440924c7968dd0ee.flv	
098df9c477ecf6c4f3818b198490b0258163015d.flv,225eceebd0f24728bd1740f642de6705d43a4da0.flv	
098df9c477ecf6c4f3818b198490b0258163015d.flv,2b1a3faf58c38efc393635e3cc007946914516d0.flv	
098df9c477ecf6c4f3818b198490b0258163015d.flv,359b3ef99acac4136096052c6d812a6248811e10.flv	(0, 0)(1, 1)(2, 2)(5, 3)
098df9c477ecf6c4f3818b198490b0258163015d.flv,56b8c2103555cf056db670c7e952c1fa7418e73d.flv	(0, 3)
098df9c477ecf6c4f3818b198490b0258163015d.flv,5b1b41404d1bad5d231bd8c7fdbae109e0ea1fc2.flv	(0, 6)
098df9c477ecf6c4f3818b198490b0258163015d.flv,90d2508777b93f5acace5694e70a2bb00efad351.flv	(0, 8)
098df9c477ecf6c4f3818b198490b0258163015d.flv,c7d5eb4355e2ce9c90bf681e28ca740b1e7c62ca.flv	(0, 12)
098df9c477ecf6c4f3818b198490b0258163015d.flv,d30e718464711d5903b53d36aef8c8212bad1d07.flv	
098df9c477ecf6c4f3818b198490b0258163015d.flv,e8e45390a65d2eac522a42b969d2adb87fac7315.flv	
0e3aee10650afd14d9a2d8b1440924c7968dd0ee.flv,0e3aee10650afd14d9a2d8b1440924c7968dd0ee.flv	(0, 0)(1, 1)(2, 2)(3, 3)(4, 4)(5, 5)(6, 6)(7, 7)(8, 8)(9, 9)(10, 10)(11, 11)(12, 12)(13, 13)
0e3aee10650afd14d9a2d8b1440924c7968dd0ee.flv,225eceebd0f24728bd1740f642de6705d43a4da0.flv	(4, 4)(5, 5)(6, 6)(7, 7)(9, 9)(10, 10)(11, 11)(12, 12)(13, 13)
0e3aee10650afd14d9a2d8b1440924c7968dd0ee.flv,359b3ef99acac4136096052c6d812a6248811e10.flv	
0e3aee10650afd14d9a2d8b1440924c7968dd0ee.flv,56b8c2103555cf056db670c7e952c1fa7418e73d.flv	(5, 2)(9, 5)
0e3aee10650afd14d9a2d8b1440924c7968dd0ee.flv,5b1b41404d1bad5d231bd8c7fdbae109e0ea1fc2.flv	(10, 7)(11, 8)
0e3aee10650afd14d9a2d8b1440924c7968dd0ee.flv,90d2508777b93f5acace5694e70a2bb00efad351.flv	(4, 6)(5, 7)(9, 10)(11, 11)(12, 12)(13, 13)
0e3aee10650afd14d9a2d8b1440924c7968dd0ee.flv,c7d5eb4355e2ce9c90bf681e28ca740b1e7c62ca.flv	(9, 14)
0e3aee10650afd14d9a2d8b1440924c7968dd0ee.flv,d30e718464711d5903b53d36aef8c8212bad1d07.flv	(4, 8)(5, 9)(8, 11)(9, 12)(11, 13)(12, 14)
0e3aee10650afd14d9a2d8b1440924c7968dd0ee.flv,e8e45390a65d2eac522a42b969d2adb87fac7315.flv	(4, 7)(5, 8)(7, 10)(8, 11)(9, 12)(11, 13)(12, 14)
225eceebd0f24728bd1740f642de6705d43a4da0.flv,225eceebd0f24728bd1740f642de6705d43a4da0.flv	(0, 0)(1, 1)(2, 2)(3, 3)(4, 4)(5, 5)(6, 6)(7, 7)(8, 8)(9, 9)(10, 10)(11, 11)(12, 12)(13, 13)
225eceebd0f24728bd1740f642de6705d43a4da0.flv,359b3ef99acac4136096052c6d812a6248811e10.flv	
225eceebd0f24728bd1740f642de6705d43a4da0.flv,56b8c2103555cf056db670c7e952c1fa7418e73d.flv	(4, 2)(5, 2)(7, 3)(8, 4)(9, 5)
225eceebd0f24728bd1740f642de6705d43a4da0.flv,5b1b41404d1bad5d231bd8c7fdbae109e0ea1fc2.flv	(10, 7)(11, 8)
225eceebd0f24728bd1740f642de6705d43a4da0.flv,c7d5eb4355e2ce9c90bf681e28ca740b1e7c62ca.flv	(7, 12)(9, 13)(10, 14)
225eceebd0f24728bd1740f642de6705d43a4da0.flv,d30e718464711d5903b53d36aef8c8212bad1d07.flv	(4, 8)(5, 9)(7, 11)(9, 12)(11, 13)(12, 14)
225eceebd0f24728bd1740f642de6705d43a4da0.flv,e8e45390a65d2eac522a42b969d2adb87fac7315.flv	(4, 7)(5, 8)(9, 12)(11, 13)(12, 14)
2b1a3faf58c38efc393635e3cc007946914516d0.flv,2b1a3faf58c38efc393635e3cc007946914516d0.flv	(0, 0)(1, 1)(2, 2)(3, 3)(4, 4)(5, 5)(6, 6)(7, 7)(8, 8)(9, 9)(10, 10)(11, 11)(12, 12)(13, 13)(14, 14)(15, 15)(16, 16)
359b3ef99acac4136096052c6d812a6248811e10.flv,359b3ef99acac4136096052c6d812a6248811e10.flv	(0, 0)(1, 1)(2, 2)(3, 3)
359b3ef99acac4136096052c6d812a6248811e10.flv,56b8c2103555cf056db670c7e952c1fa7418e73d.flv	
359b3ef99acac4136096052c6d812a6248811e10.flv,5b1b41404d1bad5d231bd8c7fdbae109e0ea1fc2.flv	(0, 6)
359b3ef99acac4136096052c6d812a6248811e10.flv,90d2508777b93f5acace5694e70a2bb00efad351.flv	(0, 8)
359b3ef99acac4136096052c6d812a6248811e10.flv,c7d5eb4355e2ce9c90bf681e28ca740b1e7c62ca.flv	(0, 12)
359b3ef99acac4136096052c6d812a6248811e10.flv,d30e718464711d5903b53d36aef8c8212bad1d07.flv	
359b3ef99acac4136096052c6d812a6248811e10.flv,e8e45390a65d2eac522a42b969d2adb87fac7315.flv	
56b8c2103555cf056db670c7e952c1fa7418e73d.flv,56b8c2103555cf056db670c7e952c1fa7418e73d.flv	(0, 0)(1, 1)(2, 2)(3, 3)(4, 4)(5, 5)(6, 6)(7, 7)(8, 8)(9, 9)(10, 10)(11, 11)(12, 12)(13, 13)(14, 14)(15, 15)(16, 16)(17, 17)(18, 18)(19, 19)(20, 20)(21, 21)(22, 22)(23, 23)(24, 24)(25, 25)(26, 26)(27, 27)(28, 28)(29, 29)(30, 30)(31, 31)(32, 32)(33, 33)(34, 34)(35, 35)(36, 36)(37, 37)(38, 38)(39, 39)(40, 40)(41, 41)(42, 42)(43, 43)(44, 44)(45, 45)(46, 46)(47, 47)(48, 48)(49, 49)(50, 50)(51, 51)(52, 52)(53, 53)(54, 54)(55, 55)(56, 56)(57, 57)(58, 58)(59, 59)(60, 60)(61, 61)(62, 62)(63, 63)(64, 64)(65, 65)(66, 66)(67, 67)(68, 68)(69, 69)(70, 70)(71, 71)(72, 72)(73, 73)(74, 74)(75, 75)(76, 76)(77, 77)(78, 78)(79, 79)(80, 80)(81, 81)(82, 82)(83, 83)(84, 84)(85, 85)(86, 86)
56b8c2103555cf056db670c7e952c1fa7418e73d.flv,5b1b41404d1bad5d231bd8c7fdbae109e0ea1fc2.flv	(2, 5)
56b8c2103555cf056db670c7e952c1fa7418e73d.flv,90d2508777b93f5acace5694e70a2bb00efad351.flv	(3, 8)(4, 9)(5, 10)
56b8c2103555cf056db670c7e952c1fa7418e73d.flv,c7d5eb4355e2ce9c90bf681e28ca740b1e7c62ca.flv	(3, 12)(5, 13)
56b8c2103555cf056db670c7e952c1fa7418e73d.flv,d30e718464711d5903b53d36aef8c8212bad1d07.flv	(2, 8)(2, 9)(3, 11)(5, 12)
56b8c2103555cf056db670c7e952c1fa7418e73d.flv,e8e45390a65d2eac522a42b969d2adb87fac7315.flv	(2, 7)(2, 8)(5, 12)
5b1b41404d1bad5d231bd8c7fdbae109e0ea1fc2.flv,5b1b41404d1bad5d231bd8c7fdbae109e0ea1fc2.flv	(0, 0)(1, 1)(2, 2)(3, 3)(4, 4)(5, 5)(6, 6)(7, 7)(8, 8)
5b1b41404d1bad5d231bd8c7fdbae109e0ea1fc2.flv,90d2508777b93f5acace5694e70a2bb00efad351.flv	(8, 11)
5b1b41404d1bad5d231bd8c7fdbae109e0ea1fc2.flv,c7d5eb4355e2ce9c90bf681e28ca740b1e7c62ca.flv	
5b1b41404d1bad5d231bd8c7fdbae109e0ea1fc2.flv,d30e718464711d5903b53d36aef8c8212bad1d07.flv	(5, 10)(6, 11)
5b1b41404d1bad5d231bd8c7fdbae109e0ea1fc2.flv,e8e45390a65d2eac522a42b969d2adb87fac7315.flv	(5, 9)(8, 13)
90d2508777b93f5acace5694e70a2bb00efad351.flv,90d2508777b93f5acace5694e70a2bb00efad351.flv	(0, 0)(1, 1)(2, 2)(3, 3)(4, 4)(5, 5)(6, 6)(7, 7)(8, 8)(9, 9)(10, 10)(11, 11)(12, 12)(13, 13)(14, 14)(15, 15)(16, 16)(17, 17)(18, 18)(19, 19)(20, 20)(21, 21)(22, 22)(23, 23)(24, 24)(25, 25)(26, 26)(27, 27)(28, 28)(29, 29)(30, 30)(31, 31)(32, 32)(33, 33)(34, 34)(35, 35)(36, 36)(37, 37)(38, 38)(39, 39)(40, 40)(41, 41)(42, 42)(43, 43)(44, 44)(45, 45)(46, 46)(47, 47)
90d2508777b93f5acace5694e70a2bb00efad351.flv,c7d5eb4355e2ce9c90bf681e28ca740b1e7c62ca.flv	(8, 12)(10, 13)
90d2508777b93f5acace5694e70a2bb00efad351.flv,d30e718464711d5903b53d36aef8c8212bad1d07.flv	(0, 0)(1, 2)(2, 3)(3, 4)(4, 5)(5, 7)(6, 8)(7, 9)(8, 11)(11, 13)(12, 14)(13, 15)(14, 16)(16, 17)(17, 18)(19, 20)(20, 21)(21, 23)(22, 24)(23, 25)(28, 28)(29, 30)(31, 32)(32, 33)(33, 34)(37, 39)(38, 40)(39, 41)(41, 43)(42, 44)(43, 45)(45, 47)
90d2508777b93f5acace5694e70a2bb00efad351.flv,e8e45390a65d2eac522a42b969d2adb87fac7315.flv	(0, 0)(1, 1)(2, 2)(3, 3)(4, 4)(5, 6)(6, 7)(7, 8)(8, 11)(11, 13)(12, 14)(13, 15)(14, 16)(15, 17)(16, 18)(17, 19)(19, 22)(20, 23)(21, 24)(22, 25)(23, 26)(25, 27)(28, 29)(29, 31)(30, 32)(31, 33)(32, 34)(33, 35)(39, 44)(41, 46)(42, 47)(43, 48)(45, 50)
c7d5eb4355e2ce9c90bf681e28ca740b1e7c62ca.flv,c7d5eb4355e2ce9c90bf681e28ca740b1e7c62ca.flv	(0, 0)(1, 1)(2, 2)(3, 3)(4, 4)(5, 5)(6, 6)(7, 7)(8, 8)(9, 9)(10, 10)(11, 11)(12, 12)(13, 13)(14, 14)(15, 15)(16, 16)(17, 17)(18, 18)(19, 19)(20, 20)(21, 21)(22, 22)(23, 23)(24, 24)(25, 25)(26, 26)(27, 27)(28, 28)(29, 29)(30, 30)(31, 31)(32, 32)(33, 33)(34, 34)(35, 35)(36, 36)(37, 37)(38, 38)(39, 39)(40, 40)(41, 41)(42, 42)(43, 43)(44, 44)(45, 45)(46, 46)(47, 47)(48, 48)(49, 49)(50, 50)(51, 51)(52, 52)(53, 53)(54, 54)(55, 55)(56, 56)(57, 57)(58, 58)(59, 59)
c7d5eb4355e2ce9c90bf681e28ca740b1e7c62ca.flv,d30e718464711d5903b53d36aef8c8212bad1d07.flv	
c7d5eb4355e2ce9c90bf681e28ca740b1e7c62ca.flv,e8e45390a65d2eac522a42b969d2adb87fac7315.flv	
d30e718464711d5903b53d36aef8c8212bad1d07.flv,d30e718464711d5903b53d36aef8c8212bad1d07.flv	(0, 0)(1, 1)(2, 2)(3, 3)(4, 4)(5, 5)(6, 6)(7, 7)(8, 8)(9, 9)(10, 10)(11, 11)(12, 12)(13, 13)(14, 14)(15, 15)(16, 16)(17, 17)(18, 18)(19, 19)(20, 20)(21, 21)(22, 22)(23, 23)(24, 24)(25, 25)(26, 26)(27, 27)(28, 28)(29, 29)(30, 30)(31, 31)(32, 32)(33, 33)(34, 34)(35, 35)(36, 36)(37, 37)(38, 38)(39, 39)(40, 40)(41, 41)(42, 42)(43, 43)(44, 44)(45, 45)(46, 46)(47, 47)(48, 48)
d30e718464711d5903b53d36aef8c8212bad1d07.flv,e8e45390a65d2eac522a42b969d2adb87fac7315.flv	(0, 0)(2, 1)(3, 2)(4, 3)(5, 4)(6, 5)(7, 6)(8, 7)(9, 8)(10, 9)(11, 11)(12, 12)(13, 13)(14, 14)(15, 15)(16, 16)(17, 18)(18, 19)(19, 21)(20, 22)(21, 23)(23, 24)(24, 25)(25, 26)(26, 27)(27, 28)(28, 29)(29, 30)(30, 31)(32, 33)(33, 34)(34, 35)(35, 37)(36, 38)(37, 39)(38, 40)(40, 42)(41, 44)(42, 45)(43, 46)(44, 47)(45, 48)(46, 49)(47, 50)(48, 51)
e8e45390a65d2eac522a42b969d2adb87fac7315.flv,e8e45390a65d2eac522a42b969d2adb87fac7315.flv	(0, 0)(1, 1)(2, 2)(3, 3)(4, 4)(5, 5)(6, 6)(7, 7)(8, 8)(9, 9)(10, 10)(11, 11)(12, 12)(13, 13)(14, 14)(15, 15)(16, 16)(17, 17)(18, 18)(19, 19)(20, 20)(21, 21)(22, 22)(23, 23)(24, 24)(25, 25)(26, 26)(27, 27)(28, 28)(29, 29)(30, 30)(31, 31)(32, 32)(33, 33)(34, 34)(35, 35)(36, 36)(37, 37)(38, 38)(39, 39)(40, 40)(41, 41)(42, 42)(43, 43)(44, 44)(45, 45)(46, 46)(47, 47)(48, 48)(49, 49)(50, 50)(51, 51)
