09b682c899b0727e9990d8e347cdce3df7c5550e.flv,09b682c899b0727e9990d8e347cdce3df7c5550e.flv	(0, 0)(1, 1)(2, 2)(3, 3)(4, 4)(5, 5)(6, 6)(7, 7)(8, 8)(9, 9)(10, 10)(11, 11)(12, 12)(13, 13)(14, 14)(15, 15)(16, 16)(17, 17)(18, 18)(19, 19)
09b682c899b0727e9990d8e347cdce3df7c5550e.flv,54c560a6b270647b28ea2746853c937885e2718b.flv	(8, 38)(9, 39)
09b682c899b0727e9990d8e347cdce3df7c5550e.flv,56adf39cc2f2f342b0a589038f6d11bac861028e.flv	(8, 27)(9, 28)
09b682c899b0727e9990d8e347cdce3df7c5550e.flv,5ac8651ce41781440c8595d174748f1a6cad1ff7.flv	(9, 9)
09b682c899b0727e9990d8e347cdce3df7c5550e.flv,874a7d3cbfc17a46040b2d657667520bde309ca4.flv	(5, 4)(6, 5)
09b682c899b0727e9990d8e347cdce3df7c5550e.flv,874a7d3cbfc17a46040b2d657667520bde309ca4.flv	(9, 11)
09b682c899b0727e9990d8e347cdce3df7c5550e.flv,8f8ecb70bd37b0c6fc468c2aab24d6d9b89fe28d.flv	(8, 27)(9, 28)
09b682c899b0727e9990d8e347cdce3df7c5550e.flv,c80dd6dfe271e4887c11bd76248411a8e7c853b0.flv	(9, 9)
09b682c899b0727e9990d8e347cdce3df7c5550e.flv,d2015b438b70f022967713d6f977ebc67a16839e.flv	(5, 57)
09b682c899b0727e9990d8e347cdce3df7c5550e.flv,d2015b438b70f022967713d6f977ebc67a16839e.flv	
09b682c899b0727e9990d8e347cdce3df7c5550e.flv,d2015b438b70f022967713d6f977ebc67a16839e.flv	(9, 136)
09b682c899b0727e9990d8e347cdce3df7c5550e.flv,d2015b438b70f022967713d6f977ebc67a16839e.flv	(11, 98)(11, 99)(12, 100)
54c560a6b270647b28ea2746853c937885e2718b.flv,54c560a6b270647b28ea2746853c937885e2718b.flv	(0, 0)(1, 1)(2, 2)(3, 3)(4, 4)(5, 5)(6, 6)(7, 7)(8, 8)(9, 9)(10, 10)(11, 11)(12, 12)(13, 13)(14, 14)(15, 15)(16, 16)(17, 17)(18, 18)(19, 19)(20, 20)(21, 21)(22, 22)(23, 23)(24, 24)(25, 25)(26, 26)(27, 27)(28, 28)(29, 29)(30, 30)(31, 31)(32, 32)(33, 33)(34, 34)(35, 35)(36, 36)(37, 37)(38, 38)(39, 39)(40, 40)(41, 41)(42, 42)(43, 43)(44, 44)(45, 45)(46, 46)(47, 47)(48, 48)(49, 49)(50, 50)(51, 51)
54c560a6b270647b28ea2746853c937885e2718b.flv,56adf39cc2f2f342b0a589038f6d11bac861028e.flv	(31, 22)(33, 23)(34, 25)(35, 26)(37, 27)
54c560a6b270647b28ea2746853c937885e2718b.flv,56adf39cc2f2f342b0a589038f6d11bac861028e.flv	(39, 28)(40, 29)(41, 30)(46, 34)(47, 35)
54c560a6b270647b28ea2746853c937885e2718b.flv,5ac8651ce41781440c8595d174748f1a6cad1ff7.flv	(30, 0)(31, 1)(33, 2)(35, 6)(37, 7)(39, 9)(40, 10)(41, 11)(45, 15)(47, 16)
54c560a6b270647b28ea2746853c937885e2718b.flv,874a7d3cbfc17a46040b2d657667520bde309ca4.flv	(33, 9)
54c560a6b270647b28ea2746853c937885e2718b.flv,874a7d3cbfc17a46040b2d657667520bde309ca4.flv	(38, 10)(39, 11)(40, 12)
54c560a6b270647b28ea2746853c937885e2718b.flv,8f8ecb70bd37b0c6fc468c2aab24d6d9b89fe28d.flv	(31, 22)(33, 23)(34, 25)(35, 26)(37, 27)
54c560a6b270647b28ea2746853c937885e2718b.flv,8f8ecb70bd37b0c6fc468c2aab24d6d9b89fe28d.flv	(39, 28)(40, 29)(41, 30)(46, 34)(47, 35)
54c560a6b270647b28ea2746853c937885e2718b.flv,c80dd6dfe271e4887c11bd76248411a8e7c853b0.flv	(30, 0)(31, 1)(33, 2)(35, 6)(37, 7)(39, 9)(40, 10)(41, 11)(45, 15)(47, 16)
54c560a6b270647b28ea2746853c937885e2718b.flv,d2015b438b70f022967713d6f977ebc67a16839e.flv	(0, 98)(2, 99)(5, 101)(12, 109)(14, 112)(22, 118)(26, 122)(31, 127)(35, 133)(37, 135)(39, 136)(40, 137)(43, 141)(45, 143)(47, 145)
56adf39cc2f2f342b0a589038f6d11bac861028e.flv,56adf39cc2f2f342b0a589038f6d11bac861028e.flv	(0, 0)(1, 1)(2, 2)(3, 3)(4, 4)(5, 5)(6, 6)(7, 7)(8, 8)(9, 9)(10, 10)(11, 11)(12, 12)(13, 13)(14, 14)(15, 15)(16, 16)(17, 17)(18, 18)(19, 19)(20, 20)(21, 21)(22, 22)(23, 23)(24, 24)(25, 25)(26, 26)(27, 27)(28, 28)(29, 29)(30, 30)(31, 31)(32, 32)(33, 33)(34, 34)(35, 35)(36, 36)(37, 37)(38, 38)(39, 39)
56adf39cc2f2f342b0a589038f6d11bac861028e.flv,5ac8651ce41781440c8595d174748f1a6cad1ff7.flv	(22, 1)(23, 2)(25, 4)(26, 6)(36, 16)
56adf39cc2f2f342b0a589038f6d11bac861028e.flv,874a7d3cbfc17a46040b2d657667520bde309ca4.flv	(23, 9)
56adf39cc2f2f342b0a589038f6d11bac861028e.flv,874a7d3cbfc17a46040b2d657667520bde309ca4.flv	(28, 11)
56adf39cc2f2f342b0a589038f6d11bac861028e.flv,8f8ecb70bd37b0c6fc468c2aab24d6d9b89fe28d.flv	(0, 0)(1, 1)(2, 2)(3, 3)(4, 4)(5, 5)(6, 6)(7, 7)(8, 8)(9, 9)(10, 10)(11, 11)(12, 12)(13, 13)(14, 14)(15, 15)(16, 16)(17, 17)(18, 18)(19, 19)(20, 20)(21, 21)(22, 22)(23, 23)(24, 24)(25, 25)(26, 26)(27, 27)(28, 28)(29, 29)(30, 30)(31, 31)(32, 32)(33, 33)(34, 34)(35, 35)(36, 36)(37, 37)(38, 38)(39, 39)
56adf39cc2f2f342b0a589038f6d11bac861028e.flv,c80dd6dfe271e4887c11bd76248411a8e7c853b0.flv	(22, 1)(23, 2)(24, 3)(25, 4)(26, 6)(27, 7)
56adf39cc2f2f342b0a589038f6d11bac861028e.flv,d2015b438b70f022967713d6f977ebc67a16839e.flv	(9, 25)(10, 27)
56adf39cc2f2f342b0a589038f6d11bac861028e.flv,d2015b438b70f022967713d6f977ebc67a16839e.flv	(11, 50)
56adf39cc2f2f342b0a589038f6d11bac861028e.flv,d2015b438b70f022967713d6f977ebc67a16839e.flv	(12, 51)(13, 53)(14, 54)(14, 55)
56adf39cc2f2f342b0a589038f6d11bac861028e.flv,d2015b438b70f022967713d6f977ebc67a16839e.flv	(15, 64)
56adf39cc2f2f342b0a589038f6d11bac861028e.flv,d2015b438b70f022967713d6f977ebc67a16839e.flv	(17, 67)(18, 69)(19, 70)
56adf39cc2f2f342b0a589038f6d11bac861028e.flv,d2015b438b70f022967713d6f977ebc67a16839e.flv	(22, 127)(24, 131)(25, 132)(26, 133)(27, 135)
56adf39cc2f2f342b0a589038f6d11bac861028e.flv,d2015b438b70f022967713d6f977ebc67a16839e.flv	(28, 136)(29, 137)(32, 141)
5ac8651ce41781440c8595d174748f1a6cad1ff7.flv,5ac8651ce41781440c8595d174748f1a6cad1ff7.flv	(0, 0)(1, 1)(2, 2)(3, 3)(4, 4)(5, 5)(6, 6)(7, 7)(8, 8)(9, 9)(10, 10)(11, 11)(12, 12)(13, 13)(14, 14)(15, 15)(16, 16)
5ac8651ce41781440c8595d174748f1a6cad1ff7.flv,874a7d3cbfc17a46040b2d657667520bde309ca4.flv	(2, 9)(4, 10)
5ac8651ce41781440c8595d174748f1a6cad1ff7.flv,874a7d3cbfc17a46040b2d657667520bde309ca4.flv	(9, 11)(10, 12)
5ac8651ce41781440c8595d174748f1a6cad1ff7.flv,8f8ecb70bd37b0c6fc468c2aab24d6d9b89fe28d.flv	(1, 22)(2, 23)(4, 24)(5, 25)(6, 26)(7, 27)
5ac8651ce41781440c8595d174748f1a6cad1ff7.flv,8f8ecb70bd37b0c6fc468c2aab24d6d9b89fe28d.flv	(9, 28)(11, 30)(12, 31)
5ac8651ce41781440c8595d174748f1a6cad1ff7.flv,c80dd6dfe271e4887c11bd76248411a8e7c853b0.flv	(0, 0)(1, 1)(2, 2)(3, 3)(4, 4)(5, 5)(6, 6)(7, 7)(8, 8)(9, 9)(10, 10)(11, 11)(12, 12)(13, 13)(14, 14)(15, 15)(16, 16)
5ac8651ce41781440c8595d174748f1a6cad1ff7.flv,d2015b438b70f022967713d6f977ebc67a16839e.flv	(0, 125)(1, 127)(4, 131)(5, 132)(6, 133)(7, 135)(9, 136)(10, 138)(11, 139)(15, 143)(16, 145)
874a7d3cbfc17a46040b2d657667520bde309ca4.flv,874a7d3cbfc17a46040b2d657667520bde309ca4.flv	(0, 0)(1, 1)(2, 2)(3, 3)(4, 4)(5, 5)(6, 6)(7, 7)(8, 8)(9, 9)(10, 10)(11, 11)(12, 12)
874a7d3cbfc17a46040b2d657667520bde309ca4.flv,8f8ecb70bd37b0c6fc468c2aab24d6d9b89fe28d.flv	(9, 23)
874a7d3cbfc17a46040b2d657667520bde309ca4.flv,8f8ecb70bd37b0c6fc468c2aab24d6d9b89fe28d.flv	(12, 32)
874a7d3cbfc17a46040b2d657667520bde309ca4.flv,c80dd6dfe271e4887c11bd76248411a8e7c853b0.flv	(9, 2)(10, 3)
874a7d3cbfc17a46040b2d657667520bde309ca4.flv,c80dd6dfe271e4887c11bd76248411a8e7c853b0.flv	(11, 9)(12, 10)
874a7d3cbfc17a46040b2d657667520bde309ca4.flv,d2015b438b70f022967713d6f977ebc67a16839e.flv	(4, 57)(5, 58)
874a7d3cbfc17a46040b2d657667520bde309ca4.flv,d2015b438b70f022967713d6f977ebc67a16839e.flv	(8, 129)(9, 130)
874a7d3cbfc17a46040b2d657667520bde309ca4.flv,d2015b438b70f022967713d6f977ebc67a16839e.flv	(11, 136)(12, 138)
8f8ecb70bd37b0c6fc468c2aab24d6d9b89fe28d.flv,8f8ecb70bd37b0c6fc468c2aab24d6d9b89fe28d.flv	(0, 0)(1, 1)(2, 2)(3, 3)(4, 4)(5, 5)(6, 6)(7, 7)(8, 8)(9, 9)(10, 10)(11, 11)(12, 12)(13, 13)(14, 14)(15, 15)(16, 16)(17, 17)(18, 18)(19, 19)(20, 20)(21, 21)(22, 22)(23, 23)(24, 24)(25, 25)(26, 26)(27, 27)(28, 28)(29, 29)(30, 30)(31, 31)(32, 32)(33, 33)(34, 34)(35, 35)(36, 36)(37, 37)(38, 38)(39, 39)
8f8ecb70bd37b0c6fc468c2aab24d6d9b89fe28d.flv,c80dd6dfe271e4887c11bd76248411a8e7c853b0.flv	(22, 1)(23, 2)(24, 4)(25, 5)(26, 6)(27, 7)
8f8ecb70bd37b0c6fc468c2aab24d6d9b89fe28d.flv,c80dd6dfe271e4887c11bd76248411a8e7c853b0.flv	(28, 9)(30, 11)(31, 12)
8f8ecb70bd37b0c6fc468c2aab24d6d9b89fe28d.flv,d2015b438b70f022967713d6f977ebc67a16839e.flv	(9, 25)(10, 27)
8f8ecb70bd37b0c6fc468c2aab24d6d9b89fe28d.flv,d2015b438b70f022967713d6f977ebc67a16839e.flv	(11, 50)
8f8ecb70bd37b0c6fc468c2aab24d6d9b89fe28d.flv,d2015b438b70f022967713d6f977ebc67a16839e.flv	(12, 51)(13, 53)(14, 54)(14, 55)
8f8ecb70bd37b0c6fc468c2aab24d6d9b89fe28d.flv,d2015b438b70f022967713d6f977ebc67a16839e.flv	(15, 64)
8f8ecb70bd37b0c6fc468c2aab24d6d9b89fe28d.flv,d2015b438b70f022967713d6f977ebc67a16839e.flv	(17, 67)(18, 69)(19, 70)
8f8ecb70bd37b0c6fc468c2aab24d6d9b89fe28d.flv,d2015b438b70f022967713d6f977ebc67a16839e.flv	(22, 127)(24, 131)(25, 132)(26, 133)(27, 135)
8f8ecb70bd37b0c6fc468c2aab24d6d9b89fe28d.flv,d2015b438b70f022967713d6f977ebc67a16839e.flv	(28, 136)(29, 137)(32, 141)
c80dd6dfe271e4887c11bd76248411a8e7c853b0.flv,c80dd6dfe271e4887c11bd76248411a8e7c853b0.flv	(0, 0)(1, 1)(2, 2)(3, 3)(4, 4)(5, 5)(6, 6)(7, 7)(8, 8)(9, 9)(10, 10)(11, 11)(12, 12)(13, 13)(14, 14)(15, 15)(16, 16)
c80dd6dfe271e4887c11bd76248411a8e7c853b0.flv,d2015b438b70f022967713d6f977ebc67a16839e.flv	(0, 125)(1, 127)(4, 131)(5, 132)(6, 133)(7, 135)(9, 136)(10, 138)(11, 139)(15, 143)(16, 145)
d2015b438b70f022967713d6f977ebc67a16839e.flv,d2015b438b70f022967713d6f977ebc67a16839e.flv	(0, 0)(1, 1)(2, 2)(3, 3)(4, 4)(5, 5)(6, 6)(7, 7)(8, 8)(9, 9)(10, 10)(11, 11)(12, 12)(13, 13)(14, 14)(15, 15)(16, 16)(17, 17)(18, 18)(19, 19)(20, 20)(21, 21)(22, 22)(23, 23)(24, 24)(25, 25)(26, 26)(27, 27)(28, 28)(29, 29)(30, 30)(31, 31)(32, 32)(33, 33)(34, 34)(35, 35)(36, 36)(37, 37)(38, 38)(39, 39)(40, 40)(41, 41)(42, 42)(43, 43)(44, 44)(45, 45)(46, 46)(47, 47)(48, 48)(49, 49)(50, 50)(51, 51)(52, 52)(53, 53)(54, 54)(55, 55)(56, 56)(57, 57)(58, 58)(59, 59)(60, 60)(61, 61)(62, 62)(63, 63)(64, 64)(65, 65)(66, 66)(67, 67)(68, 68)(69, 69)(70, 70)(71, 71)(72, 72)(73, 73)(74, 74)(75, 75)(76, 76)(77, 77)(78, 78)(79, 79)(80, 80)(81, 81)(82, 82)(83, 83)(84, 84)(85, 85)(86, 86)(87, 87)(88, 88)(89, 89)(90, 90)(91, 91)(92, 92)(93, 93)(94, 94)(95, 95)(96, 96)(97, 97)(98, 98)(99, 99)(100, 100)(101, 101)(102, 102)(103, 103)(104, 104)(105, 105)(106, 106)(107, 107)(108, 108)(109, 109)(110, 110)(111, 111)(112, 112)(113, 113)(114, 114)(115, 115)(116, 116)(117, 117)(118, 118)(119, 119)(120, 120)(121, 121)(122, 122)(123, 123)(124, 124)(125, 125)(126, 126)(127, 127)(128, 128)(129, 129)(130, 130)(131, 131)(132, 132)(133, 133)(134, 134)(135, 135)(136, 136)(137, 137)(138, 138)(139, 139)(140, 140)(141, 141)(142, 142)(143, 143)(144, 144)(145, 145)
