127dab55025984673f65d3a23b1fea99ecc79b15.mp4,127dab55025984673f65d3a23b1fea99ecc79b15.mp4	(0, 0)(1, 1)(2, 2)(3, 3)(4, 4)(5, 5)(6, 6)(7, 7)(8, 8)(9, 9)(10, 10)(11, 11)(12, 12)(13, 13)(14, 14)(15, 15)(16, 16)(17, 17)(18, 18)(19, 19)(20, 20)(21, 21)(22, 22)(23, 23)(24, 24)(25, 25)(26, 26)(27, 27)(28, 28)(29, 29)(30, 30)(31, 31)(32, 32)(33, 33)(34, 34)(35, 35)(36, 36)(37, 37)(38, 38)(39, 39)(40, 40)(41, 41)(42, 42)(43, 43)(44, 44)(45, 45)(46, 46)(47, 47)(48, 48)(49, 49)(50, 50)(51, 51)(52, 52)(53, 53)(54, 54)(55, 55)(56, 56)(57, 57)(58, 58)(59, 59)(60, 60)(61, 61)(62, 62)(63, 63)(64, 64)(65, 65)(66, 66)(67, 67)(68, 68)(69, 69)(70, 70)(71, 71)(72, 72)(73, 73)(74, 74)(75, 75)(76, 76)(77, 77)(78, 78)(79, 79)(80, 80)(81, 81)(82, 82)(83, 83)(84, 84)(85, 85)(86, 86)(87, 87)(88, 88)(89, 89)(90, 90)(91, 91)(92, 92)(93, 93)(94, 94)(95, 95)(96, 96)
127dab55025984673f65d3a23b1fea99ecc79b15.mp4,12e5b295f88e0c387a4326c73613b1c7a05f2eda.flv	(25, 5)(26, 6)(27, 9)(28, 10)(29, 11)(30, 12)(31, 13)(32, 14)(33, 15)(34, 16)
127dab55025984673f65d3a23b1fea99ecc79b15.mp4,3f551cfb6385305e37906ce36ba8adc47ebc4cb3.flv	(25, 7)(26, 8)(27, 9)(29, 10)(30, 11)(31, 12)(33, 13)(34, 14)
127dab55025984673f65d3a23b1fea99ecc79b15.mp4,46fa74f0aa8e67c49c64802317c4de3894f0e1b9.flv	(25, 5)(26, 6)(27, 8)(28, 9)(29, 10)(30, 11)(31, 12)(32, 13)(33, 14)(34, 15)
127dab55025984673f65d3a23b1fea99ecc79b15.mp4,487be7c83186caba89dc3004a1bd24350e35a099.flv	(25, 5)(26, 7)(27, 9)(28, 10)(29, 11)(30, 12)(31, 13)(32, 14)(33, 15)(34, 16)
127dab55025984673f65d3a23b1fea99ecc79b15.mp4,4cfa923904010814758c07c039b0388ed0be08ec.flv	(26, 6)(28, 11)(29, 12)(30, 15)(31, 16)(32, 17)(33, 18)(34, 19)
127dab55025984673f65d3a23b1fea99ecc79b15.mp4,4ebe32fc10f0594a6d6a54df8617d38c2806ec9e.flv	(27, 8)(28, 10)(30, 13)(34, 17)
127dab55025984673f65d3a23b1fea99ecc79b15.mp4,4fed5faaf981b1082089916f2ff52c844b260efa.mp4	(25, 4)(26, 5)(28, 8)(29, 9)(30, 11)(31, 13)(32, 15)
127dab55025984673f65d3a23b1fea99ecc79b15.mp4,705d504994af63494d0e6e3e42f64d6b165b9584.flv	(25, 8)(26, 9)(27, 10)(29, 11)(30, 12)(31, 13)(33, 14)(34, 15)
127dab55025984673f65d3a23b1fea99ecc79b15.mp4,707ffde910facfe859304ae491bc154ab33dd2de.flv	(25, 5)(26, 6)(27, 8)(28, 9)(29, 10)(30, 12)(31, 14)(32, 15)(33, 16)(34, 17)
127dab55025984673f65d3a23b1fea99ecc79b15.mp4,75ac32c788e5d5d2e058a24f6a2deffbab3288fc.flv	(27, 8)(28, 10)(30, 13)(34, 17)
127dab55025984673f65d3a23b1fea99ecc79b15.mp4,7b2158aad4ea2e6c8f149bb869801b96734c1b1c.flv	(26, 4)(29, 7)(30, 8)(31, 9)(32, 10)(33, 11)
127dab55025984673f65d3a23b1fea99ecc79b15.mp4,7c9d142bf1b1ede846c059117f422b1c8ea6bb9e.mp4	(25, 6)(26, 7)(27, 8)(28, 10)(30, 13)(31, 15)(33, 16)(34, 17)
127dab55025984673f65d3a23b1fea99ecc79b15.mp4,7dd1b7a83128fb78f018c557d918b0670989457e.mp4	(25, 5)(26, 6)(30, 9)(31, 10)(32, 11)(33, 12)(34, 13)
127dab55025984673f65d3a23b1fea99ecc79b15.mp4,8870293c58fbed9cc03a738577e5802164199d8b.flv	(25, 5)(26, 6)(28, 9)(29, 10)(30, 11)(32, 12)(33, 13)(34, 14)
127dab55025984673f65d3a23b1fea99ecc79b15.mp4,8c207ab5a07d12d37dcb666ee8b69c3357bc07fb.flv	
127dab55025984673f65d3a23b1fea99ecc79b15.mp4,8c207ab5a07d12d37dcb666ee8b69c3357bc07fb.flv	(27, 50)
127dab55025984673f65d3a23b1fea99ecc79b15.mp4,8c207ab5a07d12d37dcb666ee8b69c3357bc07fb.flv	(30, 40)
127dab55025984673f65d3a23b1fea99ecc79b15.mp4,8c207ab5a07d12d37dcb666ee8b69c3357bc07fb.flv	(30, 43)(32, 44)(34, 45)
127dab55025984673f65d3a23b1fea99ecc79b15.mp4,8c207ab5a07d12d37dcb666ee8b69c3357bc07fb.flv	(34, 79)
127dab55025984673f65d3a23b1fea99ecc79b15.mp4,8fb97b98e2f27c9f162d6c1d6c27806c84af8e8d.flv	(25, 7)(26, 8)(29, 11)(30, 12)(31, 13)(33, 14)(34, 15)
127dab55025984673f65d3a23b1fea99ecc79b15.mp4,97429f47c45ec4da9849b7f4df36e22939649158.mp4	(25, 5)(26, 6)(27, 7)
127dab55025984673f65d3a23b1fea99ecc79b15.mp4,9c1d7e91288e07083e4456f8fe6b771aba039ed1.flv	(25, 5)(26, 6)(27, 9)(28, 10)(29, 11)(30, 12)(31, 13)(32, 14)(33, 15)(34, 16)
127dab55025984673f65d3a23b1fea99ecc79b15.mp4,b3205b97de392174f3905831fc0dba5724fdabf1.flv	(26, 5)(29, 7)(31, 11)(33, 12)(34, 13)
127dab55025984673f65d3a23b1fea99ecc79b15.mp4,b581ea1130d0c4c9af02e98dcb887cb8d58350e8.flv	(25, 4)(26, 5)(29, 7)(30, 8)(31, 9)(33, 10)(34, 11)
127dab55025984673f65d3a23b1fea99ecc79b15.mp4,bbdbe357f408fb84d5f57c1522a90504f3162d6f.flv	(30, 9)
127dab55025984673f65d3a23b1fea99ecc79b15.mp4,bbdbe357f408fb84d5f57c1522a90504f3162d6f.flv	(34, 11)
127dab55025984673f65d3a23b1fea99ecc79b15.mp4,be51dbc2d72ae574934de1b972b18037dba73b8e.flv	(26, 5)(27, 6)(31, 12)(32, 14)(33, 15)
127dab55025984673f65d3a23b1fea99ecc79b15.mp4,bf9df08bb9164d1b971557a9b9f6140096c92b0c.mp4	(30, 57)
127dab55025984673f65d3a23b1fea99ecc79b15.mp4,cac9dff859597360de5a5f011139c845c0d08e6c.flv	(25, 5)(27, 8)(28, 9)(29, 10)(30, 11)(31, 12)(32, 13)(33, 14)(34, 15)
127dab55025984673f65d3a23b1fea99ecc79b15.mp4,caec7bae88f5b5d60a08487e9d9a8cd27251c64e.flv	(25, 11)(26, 12)(27, 14)(28, 15)(29, 16)(30, 17)(31, 18)(32, 19)(33, 20)(34, 21)
127dab55025984673f65d3a23b1fea99ecc79b15.mp4,f7ba4ea780e11256ed5439e33d169eb242a8a18f.flv	
12e5b295f88e0c387a4326c73613b1c7a05f2eda.flv,12e5b295f88e0c387a4326c73613b1c7a05f2eda.flv	(0, 0)(1, 1)(2, 2)(3, 3)(4, 4)(5, 5)(6, 6)(7, 7)(8, 8)(9, 9)(10, 10)(11, 11)(12, 12)(13, 13)(14, 14)(15, 15)(16, 16)(17, 17)(18, 18)(19, 19)(20, 20)(21, 21)(22, 22)
12e5b295f88e0c387a4326c73613b1c7a05f2eda.flv,3f551cfb6385305e37906ce36ba8adc47ebc4cb3.flv	(0, 3)(1, 4)(4, 6)(5, 7)(6, 8)(11, 10)(12, 11)(13, 12)(15, 13)(18, 17)(19, 18)(20, 19)(22, 20)
12e5b295f88e0c387a4326c73613b1c7a05f2eda.flv,46fa74f0aa8e67c49c64802317c4de3894f0e1b9.flv	(0, 0)(1, 1)(2, 2)(3, 3)(4, 4)(5, 5)(6, 6)(7, 7)(8, 7)(9, 8)(10, 9)(11, 10)(12, 11)(13, 12)(14, 13)(15, 14)(16, 15)(17, 16)(19, 20)(20, 21)(22, 23)
12e5b295f88e0c387a4326c73613b1c7a05f2eda.flv,487be7c83186caba89dc3004a1bd24350e35a099.flv	(0, 0)(1, 1)(2, 2)(3, 3)(4, 4)(5, 5)(7, 7)(8, 8)(9, 9)(10, 10)(11, 11)(12, 12)(13, 13)(14, 14)(15, 15)(16, 16)(17, 17)(18, 19)(19, 20)(20, 21)(21, 22)(22, 23)
12e5b295f88e0c387a4326c73613b1c7a05f2eda.flv,4cfa923904010814758c07c039b0388ed0be08ec.flv	(0, 0)(1, 1)(2, 2)(3, 3)(4, 5)(8, 8)(9, 10)(10, 11)(11, 12)(12, 15)(13, 16)(15, 18)(17, 19)(18, 20)(19, 21)(20, 22)(21, 23)(22, 24)
12e5b295f88e0c387a4326c73613b1c7a05f2eda.flv,4ebe32fc10f0594a6d6a54df8617d38c2806ec9e.flv	(1, 0)(2, 2)(3, 3)(4, 4)(6, 6)(7, 7)(8, 7)(9, 8)(13, 13)(14, 14)(16, 16)(17, 17)(18, 19)(22, 22)
12e5b295f88e0c387a4326c73613b1c7a05f2eda.flv,4fed5faaf981b1082089916f2ff52c844b260efa.mp4	(2, 0)(3, 2)(4, 3)(5, 4)(8, 6)(9, 7)(10, 8)(12, 11)(13, 13)(14, 15)(18, 17)
12e5b295f88e0c387a4326c73613b1c7a05f2eda.flv,705d504994af63494d0e6e3e42f64d6b165b9584.flv	(0, 3)(1, 4)(2, 5)(4, 7)(5, 8)(6, 9)(11, 11)(12, 12)(13, 13)(15, 14)(17, 16)(18, 17)(19, 18)(20, 19)(22, 20)
12e5b295f88e0c387a4326c73613b1c7a05f2eda.flv,707ffde910facfe859304ae491bc154ab33dd2de.flv	(0, 0)(1, 1)(2, 2)(3, 3)(4, 4)(5, 5)(6, 6)(9, 8)(10, 9)(11, 10)(12, 12)(13, 14)(14, 15)(15, 16)(17, 17)(18, 18)(19, 19)(20, 20)(22, 21)
12e5b295f88e0c387a4326c73613b1c7a05f2eda.flv,75ac32c788e5d5d2e058a24f6a2deffbab3288fc.flv	(1, 0)(2, 2)(3, 3)(4, 4)(6, 6)(7, 7)(8, 7)(9, 8)(13, 13)(14, 14)(16, 16)(17, 17)(18, 19)(22, 22)
12e5b295f88e0c387a4326c73613b1c7a05f2eda.flv,7b2158aad4ea2e6c8f149bb869801b96734c1b1c.flv	(0, 0)
12e5b295f88e0c387a4326c73613b1c7a05f2eda.flv,7b2158aad4ea2e6c8f149bb869801b96734c1b1c.flv	(2, 1)(3, 2)
12e5b295f88e0c387a4326c73613b1c7a05f2eda.flv,7b2158aad4ea2e6c8f149bb869801b96734c1b1c.flv	(4, 3)(12, 8)(13, 9)(14, 10)(16, 11)(17, 12)
12e5b295f88e0c387a4326c73613b1c7a05f2eda.flv,7c9d142bf1b1ede846c059117f422b1c8ea6bb9e.mp4	(0, 1)(1, 2)(2, 3)(3, 4)(4, 5)(5, 6)(9, 8)(10, 10)(12, 13)(13, 15)(15, 16)(16, 17)(17, 18)(18, 19)
12e5b295f88e0c387a4326c73613b1c7a05f2eda.flv,7dd1b7a83128fb78f018c557d918b0670989457e.mp4	(0, 0)
12e5b295f88e0c387a4326c73613b1c7a05f2eda.flv,7dd1b7a83128fb78f018c557d918b0670989457e.mp4	(4, 4)(5, 5)(10, 7)(12, 9)(13, 10)(14, 11)(15, 12)(16, 13)
12e5b295f88e0c387a4326c73613b1c7a05f2eda.flv,8870293c58fbed9cc03a738577e5802164199d8b.flv	(0, 0)(1, 1)(2, 2)(4, 4)(5, 5)(6, 6)(10, 9)(11, 10)(12, 11)(14, 12)(15, 13)(16, 14)(18, 17)(19, 18)(20, 19)(21, 20)(22, 21)
12e5b295f88e0c387a4326c73613b1c7a05f2eda.flv,8c207ab5a07d12d37dcb666ee8b69c3357bc07fb.flv	(0, 0)(1, 1)
12e5b295f88e0c387a4326c73613b1c7a05f2eda.flv,8c207ab5a07d12d37dcb666ee8b69c3357bc07fb.flv	(9, 33)
12e5b295f88e0c387a4326c73613b1c7a05f2eda.flv,8c207ab5a07d12d37dcb666ee8b69c3357bc07fb.flv	(8, 50)
12e5b295f88e0c387a4326c73613b1c7a05f2eda.flv,8c207ab5a07d12d37dcb666ee8b69c3357bc07fb.flv	(12, 40)
12e5b295f88e0c387a4326c73613b1c7a05f2eda.flv,8c207ab5a07d12d37dcb666ee8b69c3357bc07fb.flv	(12, 43)(14, 44)(17, 46)
12e5b295f88e0c387a4326c73613b1c7a05f2eda.flv,8c207ab5a07d12d37dcb666ee8b69c3357bc07fb.flv	(16, 79)(17, 80)(18, 81)
12e5b295f88e0c387a4326c73613b1c7a05f2eda.flv,8fb97b98e2f27c9f162d6c1d6c27806c84af8e8d.flv	(0, 3)(1, 4)(4, 6)(5, 7)(6, 8)(8, 9)(10, 10)(11, 11)(12, 12)(13, 13)(15, 14)(16, 15)(18, 17)(19, 18)(20, 19)(22, 20)
12e5b295f88e0c387a4326c73613b1c7a05f2eda.flv,97429f47c45ec4da9849b7f4df36e22939649158.mp4	(0, 1)(1, 2)(2, 3)(4, 5)(5, 6)(6, 6)(12, 12)(16, 16)(17, 17)(18, 19)(18, 20)
12e5b295f88e0c387a4326c73613b1c7a05f2eda.flv,9c1d7e91288e07083e4456f8fe6b771aba039ed1.flv	(0, 0)(1, 1)(2, 2)(3, 3)(4, 4)(5, 5)(6, 6)(7, 7)(8, 8)(9, 9)(10, 10)(11, 11)(12, 12)(13, 13)(14, 14)(15, 15)(16, 16)(17, 17)(18, 19)(19, 20)(20, 21)(21, 22)(22, 23)
12e5b295f88e0c387a4326c73613b1c7a05f2eda.flv,b3205b97de392174f3905831fc0dba5724fdabf1.flv	(1, 0)(4, 4)(10, 6)(13, 11)(18, 17)(20, 19)(22, 21)
12e5b295f88e0c387a4326c73613b1c7a05f2eda.flv,b581ea1130d0c4c9af02e98dcb887cb8d58350e8.flv	(0, 0)(1, 1)(4, 3)(5, 4)(10, 6)(11, 7)(12, 8)(13, 9)(14, 10)(18, 14)(19, 15)(20, 15)
12e5b295f88e0c387a4326c73613b1c7a05f2eda.flv,bbdbe357f408fb84d5f57c1522a90504f3162d6f.flv	(3, 2)
12e5b295f88e0c387a4326c73613b1c7a05f2eda.flv,bbdbe357f408fb84d5f57c1522a90504f3162d6f.flv	(11, 6)(12, 7)
12e5b295f88e0c387a4326c73613b1c7a05f2eda.flv,bbdbe357f408fb84d5f57c1522a90504f3162d6f.flv	(12, 9)
12e5b295f88e0c387a4326c73613b1c7a05f2eda.flv,bbdbe357f408fb84d5f57c1522a90504f3162d6f.flv	(16, 11)
12e5b295f88e0c387a4326c73613b1c7a05f2eda.flv,be51dbc2d72ae574934de1b972b18037dba73b8e.flv	(0, 0)(1, 1)(2, 2)(4, 4)(13, 12)(15, 13)(18, 17)(22, 21)
12e5b295f88e0c387a4326c73613b1c7a05f2eda.flv,bf9df08bb9164d1b971557a9b9f6140096c92b0c.mp4	(10, 56)(12, 57)
12e5b295f88e0c387a4326c73613b1c7a05f2eda.flv,cac9dff859597360de5a5f011139c845c0d08e6c.flv	(0, 0)(1, 1)(2, 2)(3, 3)(4, 4)(5, 5)(9, 8)(10, 9)(11, 10)(12, 11)(13, 12)(14, 13)(15, 14)(16, 15)(17, 16)(18, 17)(19, 18)(20, 19)(21, 20)(22, 21)
12e5b295f88e0c387a4326c73613b1c7a05f2eda.flv,caec7bae88f5b5d60a08487e9d9a8cd27251c64e.flv	(0, 6)(1, 7)(2, 8)(3, 9)(4, 10)(5, 11)(6, 12)(9, 14)(10, 15)(11, 16)(12, 17)(13, 18)(14, 19)(15, 20)(16, 21)(18, 23)(19, 24)(20, 25)(22, 27)
12e5b295f88e0c387a4326c73613b1c7a05f2eda.flv,f7ba4ea780e11256ed5439e33d169eb242a8a18f.flv	(16, 8)(17, 9)
3f551cfb6385305e37906ce36ba8adc47ebc4cb3.flv,3f551cfb6385305e37906ce36ba8adc47ebc4cb3.flv	(0, 0)(1, 1)(2, 2)(3, 3)(4, 4)(5, 5)(6, 6)(7, 7)(8, 8)(9, 9)(10, 10)(11, 11)(12, 12)(13, 13)(14, 14)(15, 15)(16, 16)(17, 17)(18, 18)(19, 19)(20, 20)(21, 21)
3f551cfb6385305e37906ce36ba8adc47ebc4cb3.flv,46fa74f0aa8e67c49c64802317c4de3894f0e1b9.flv	(3, 0)(4, 1)(6, 4)(7, 5)(8, 6)(10, 10)(11, 11)(12, 12)(13, 14)(17, 19)(20, 23)
3f551cfb6385305e37906ce36ba8adc47ebc4cb3.flv,487be7c83186caba89dc3004a1bd24350e35a099.flv	(3, 0)(4, 1)(6, 4)(7, 5)(8, 7)(10, 11)(11, 12)(12, 13)(13, 15)(17, 19)(19, 21)(20, 23)
3f551cfb6385305e37906ce36ba8adc47ebc4cb3.flv,4cfa923904010814758c07c039b0388ed0be08ec.flv	(3, 0)(4, 1)(6, 5)(8, 6)(10, 12)(11, 15)(13, 18)(15, 19)(17, 20)(18, 21)(19, 22)(20, 24)
3f551cfb6385305e37906ce36ba8adc47ebc4cb3.flv,4ebe32fc10f0594a6d6a54df8617d38c2806ec9e.flv	(4, 0)(6, 4)(9, 8)(12, 13)(16, 18)(19, 21)(20, 22)
3f551cfb6385305e37906ce36ba8adc47ebc4cb3.flv,4fed5faaf981b1082089916f2ff52c844b260efa.mp4	(5, 2)(6, 3)(7, 4)(8, 5)(11, 11)(15, 16)
3f551cfb6385305e37906ce36ba8adc47ebc4cb3.flv,705d504994af63494d0e6e3e42f64d6b165b9584.flv	(0, 0)(1, 1)(2, 2)(3, 3)(4, 4)(5, 5)(6, 7)(7, 8)(8, 9)(9, 10)(10, 11)(11, 12)(12, 13)(13, 14)(14, 15)(15, 16)(17, 17)(18, 18)(19, 19)(20, 20)(21, 21)
3f551cfb6385305e37906ce36ba8adc47ebc4cb3.flv,707ffde910facfe859304ae491bc154ab33dd2de.flv	(3, 0)(4, 1)(6, 4)(7, 5)(8, 6)(10, 10)(11, 12)(12, 14)(13, 16)(15, 17)(17, 18)(19, 20)(20, 21)
3f551cfb6385305e37906ce36ba8adc47ebc4cb3.flv,75ac32c788e5d5d2e058a24f6a2deffbab3288fc.flv	(4, 0)(6, 4)(9, 8)(12, 13)(16, 18)(19, 21)(20, 22)
3f551cfb6385305e37906ce36ba8adc47ebc4cb3.flv,7b2158aad4ea2e6c8f149bb869801b96734c1b1c.flv	(3, 0)
3f551cfb6385305e37906ce36ba8adc47ebc4cb3.flv,7b2158aad4ea2e6c8f149bb869801b96734c1b1c.flv	(5, 1)(5, 2)
3f551cfb6385305e37906ce36ba8adc47ebc4cb3.flv,7b2158aad4ea2e6c8f149bb869801b96734c1b1c.flv	(6, 3)(8, 4)(11, 8)(15, 12)
3f551cfb6385305e37906ce36ba8adc47ebc4cb3.flv,7c9d142bf1b1ede846c059117f422b1c8ea6bb9e.mp4	(3, 1)(4, 2)(5, 4)(6, 5)(7, 6)(8, 7)(11, 13)(12, 15)(13, 16)(14, 17)(15, 18)(17, 19)
3f551cfb6385305e37906ce36ba8adc47ebc4cb3.flv,7dd1b7a83128fb78f018c557d918b0670989457e.mp4	(3, 0)
3f551cfb6385305e37906ce36ba8adc47ebc4cb3.flv,7dd1b7a83128fb78f018c557d918b0670989457e.mp4	(5, 2)(6, 4)(7, 5)(8, 6)(9, 7)(11, 9)(12, 10)(13, 12)(14, 13)
3f551cfb6385305e37906ce36ba8adc47ebc4cb3.flv,7dd1b7a83128fb78f018c557d918b0670989457e.mp4	(6, 4)(7, 5)(8, 6)(9, 7)(11, 9)(12, 10)(13, 12)(14, 13)(15, 13)
3f551cfb6385305e37906ce36ba8adc47ebc4cb3.flv,8870293c58fbed9cc03a738577e5802164199d8b.flv	(3, 0)(4, 1)(5, 2)(6, 4)(7, 5)(8, 6)(9, 9)(10, 10)(11, 11)(13, 13)(15, 14)(16, 16)(17, 17)(18, 18)(19, 19)(20, 21)
3f551cfb6385305e37906ce36ba8adc47ebc4cb3.flv,8c207ab5a07d12d37dcb666ee8b69c3357bc07fb.flv	(3, 0)(4, 1)
3f551cfb6385305e37906ce36ba8adc47ebc4cb3.flv,8c207ab5a07d12d37dcb666ee8b69c3357bc07fb.flv	
3f551cfb6385305e37906ce36ba8adc47ebc4cb3.flv,8c207ab5a07d12d37dcb666ee8b69c3357bc07fb.flv	(9, 50)
3f551cfb6385305e37906ce36ba8adc47ebc4cb3.flv,8c207ab5a07d12d37dcb666ee8b69c3357bc07fb.flv	(11, 40)
3f551cfb6385305e37906ce36ba8adc47ebc4cb3.flv,8c207ab5a07d12d37dcb666ee8b69c3357bc07fb.flv	(11, 43)(14, 45)(15, 46)
3f551cfb6385305e37906ce36ba8adc47ebc4cb3.flv,8c207ab5a07d12d37dcb666ee8b69c3357bc07fb.flv	(14, 79)
3f551cfb6385305e37906ce36ba8adc47ebc4cb3.flv,8c207ab5a07d12d37dcb666ee8b69c3357bc07fb.flv	(15, 79)
3f551cfb6385305e37906ce36ba8adc47ebc4cb3.flv,8c207ab5a07d12d37dcb666ee8b69c3357bc07fb.flv	(15, 79)
3f551cfb6385305e37906ce36ba8adc47ebc4cb3.flv,8c207ab5a07d12d37dcb666ee8b69c3357bc07fb.flv	(15, 79)(16, 80)(17, 81)
3f551cfb6385305e37906ce36ba8adc47ebc4cb3.flv,8fb97b98e2f27c9f162d6c1d6c27806c84af8e8d.flv	(0, 0)(1, 1)(2, 2)(3, 3)(4, 4)(5, 5)(6, 6)(7, 7)(8, 8)(9, 10)(10, 11)(11, 12)(12, 13)(13, 14)(15, 15)(16, 16)(17, 17)(18, 18)(19, 19)(20, 20)(21, 21)
3f551cfb6385305e37906ce36ba8adc47ebc4cb3.flv,97429f47c45ec4da9849b7f4df36e22939649158.mp4	(3, 1)(4, 2)(5, 3)(6, 5)(7, 6)(11, 12)(12, 15)(14, 16)(15, 17)(16, 18)(17, 20)
3f551cfb6385305e37906ce36ba8adc47ebc4cb3.flv,9c1d7e91288e07083e4456f8fe6b771aba039ed1.flv	(3, 0)(4, 1)(6, 4)(7, 5)(8, 6)(10, 11)(11, 12)(12, 13)(13, 15)(17, 19)(18, 20)(19, 21)(20, 23)
3f551cfb6385305e37906ce36ba8adc47ebc4cb3.flv,b3205b97de392174f3905831fc0dba5724fdabf1.flv	(4, 0)(5, 2)(6, 4)(9, 6)(11, 10)(12, 11)(15, 14)(16, 15)(17, 17)(18, 18)(19, 19)(20, 21)
3f551cfb6385305e37906ce36ba8adc47ebc4cb3.flv,b581ea1130d0c4c9af02e98dcb887cb8d58350e8.flv	(3, 0)(4, 1)(5, 2)(6, 3)(7, 4)(8, 5)(9, 6)(10, 7)(11, 8)(12, 9)(14, 11)(15, 12)(16, 13)(17, 14)(18, 15)
3f551cfb6385305e37906ce36ba8adc47ebc4cb3.flv,bbdbe357f408fb84d5f57c1522a90504f3162d6f.flv	(5, 2)
3f551cfb6385305e37906ce36ba8adc47ebc4cb3.flv,bbdbe357f408fb84d5f57c1522a90504f3162d6f.flv	(10, 6)(11, 7)
3f551cfb6385305e37906ce36ba8adc47ebc4cb3.flv,bbdbe357f408fb84d5f57c1522a90504f3162d6f.flv	(11, 9)
3f551cfb6385305e37906ce36ba8adc47ebc4cb3.flv,bbdbe357f408fb84d5f57c1522a90504f3162d6f.flv	(15, 11)
3f551cfb6385305e37906ce36ba8adc47ebc4cb3.flv,be51dbc2d72ae574934de1b972b18037dba73b8e.flv	(3, 0)(4, 1)(5, 2)(6, 4)(9, 6)(12, 12)(13, 13)(14, 14)(15, 15)(16, 16)(17, 17)(19, 19)(20, 21)
3f551cfb6385305e37906ce36ba8adc47ebc4cb3.flv,bf9df08bb9164d1b971557a9b9f6140096c92b0c.mp4	(9, 56)(11, 57)
3f551cfb6385305e37906ce36ba8adc47ebc4cb3.flv,cac9dff859597360de5a5f011139c845c0d08e6c.flv	(3, 0)(4, 1)(6, 4)(7, 5)(8, 7)(10, 10)(11, 11)(12, 12)(13, 14)(17, 17)(19, 19)(20, 21)
3f551cfb6385305e37906ce36ba8adc47ebc4cb3.flv,caec7bae88f5b5d60a08487e9d9a8cd27251c64e.flv	(3, 6)(4, 7)(6, 10)(7, 11)(8, 12)(10, 16)(11, 17)(12, 18)(13, 20)(15, 21)(16, 22)(17, 23)(20, 27)
3f551cfb6385305e37906ce36ba8adc47ebc4cb3.flv,f7ba4ea780e11256ed5439e33d169eb242a8a18f.flv	(8, 7)
46fa74f0aa8e67c49c64802317c4de3894f0e1b9.flv,46fa74f0aa8e67c49c64802317c4de3894f0e1b9.flv	(0, 0)(1, 1)(2, 2)(3, 3)(4, 4)(5, 5)(6, 6)(7, 7)(8, 8)(9, 9)(10, 10)(11, 11)(12, 12)(13, 13)(14, 14)(15, 15)(16, 16)(17, 17)(18, 18)(19, 19)(20, 20)(21, 21)(22, 22)(23, 23)
46fa74f0aa8e67c49c64802317c4de3894f0e1b9.flv,487be7c83186caba89dc3004a1bd24350e35a099.flv	(0, 0)(1, 1)(2, 2)(3, 3)(4, 4)(5, 5)(7, 8)(8, 9)(9, 10)(10, 11)(11, 12)(12, 13)(13, 14)(14, 15)(15, 16)(16, 17)(17, 18)(19, 19)(20, 20)(21, 21)(23, 23)
46fa74f0aa8e67c49c64802317c4de3894f0e1b9.flv,4cfa923904010814758c07c039b0388ed0be08ec.flv	(0, 0)(1, 1)(2, 2)(3, 3)(4, 5)(8, 10)(9, 11)(10, 12)(11, 15)(12, 16)(14, 18)(19, 20)(20, 21)(21, 22)(23, 24)
46fa74f0aa8e67c49c64802317c4de3894f0e1b9.flv,4ebe32fc10f0594a6d6a54df8617d38c2806ec9e.flv	(1, 0)(2, 2)(3, 3)(4, 4)(6, 6)(7, 7)(8, 8)(12, 13)(13, 14)(15, 16)(16, 17)(17, 18)(19, 19)(23, 22)
46fa74f0aa8e67c49c64802317c4de3894f0e1b9.flv,4fed5faaf981b1082089916f2ff52c844b260efa.mp4	(2, 0)(3, 2)(4, 3)(5, 4)(8, 7)(9, 8)(11, 11)(12, 13)(13, 15)(19, 18)
46fa74f0aa8e67c49c64802317c4de3894f0e1b9.flv,705d504994af63494d0e6e3e42f64d6b165b9584.flv	(0, 3)(1, 4)(2, 5)(4, 7)(5, 8)(6, 9)(10, 11)(11, 12)(12, 13)(14, 14)(16, 16)(19, 17)(23, 20)
46fa74f0aa8e67c49c64802317c4de3894f0e1b9.flv,707ffde910facfe859304ae491bc154ab33dd2de.flv	(0, 0)(1, 1)(2, 2)(3, 3)(4, 4)(5, 5)(6, 6)(8, 8)(9, 9)(10, 10)(11, 12)(12, 14)(13, 15)(14, 16)(16, 17)(19, 18)(20, 19)(21, 20)(23, 21)
46fa74f0aa8e67c49c64802317c4de3894f0e1b9.flv,75ac32c788e5d5d2e058a24f6a2deffbab3288fc.flv	(1, 0)(2, 2)(3, 3)(4, 4)(6, 6)(7, 7)(8, 8)(12, 13)(13, 14)(15, 16)(16, 17)(17, 18)(19, 19)(23, 22)
46fa74f0aa8e67c49c64802317c4de3894f0e1b9.flv,7b2158aad4ea2e6c8f149bb869801b96734c1b1c.flv	(0, 0)
46fa74f0aa8e67c49c64802317c4de3894f0e1b9.flv,7b2158aad4ea2e6c8f149bb869801b96734c1b1c.flv	(2, 1)(3, 2)
46fa74f0aa8e67c49c64802317c4de3894f0e1b9.flv,7b2158aad4ea2e6c8f149bb869801b96734c1b1c.flv	(4, 3)(11, 8)(12, 9)(13, 10)(15, 11)(16, 12)
46fa74f0aa8e67c49c64802317c4de3894f0e1b9.flv,7c9d142bf1b1ede846c059117f422b1c8ea6bb9e.mp4	(0, 1)(1, 2)(2, 3)(3, 4)(4, 5)(5, 6)(7, 7)(8, 8)(9, 10)(11, 13)(12, 15)(14, 16)(15, 17)(16, 18)(19, 19)
46fa74f0aa8e67c49c64802317c4de3894f0e1b9.flv,7dd1b7a83128fb78f018c557d918b0670989457e.mp4	(0, 0)
46fa74f0aa8e67c49c64802317c4de3894f0e1b9.flv,7dd1b7a83128fb78f018c557d918b0670989457e.mp4	(4, 4)(5, 5)(7, 6)(9, 7)(11, 9)(12, 10)(13, 11)(14, 12)(15, 13)
46fa74f0aa8e67c49c64802317c4de3894f0e1b9.flv,8870293c58fbed9cc03a738577e5802164199d8b.flv	(0, 0)(1, 1)(2, 2)(4, 4)(5, 5)(6, 6)(9, 9)(10, 10)(11, 11)(13, 12)(14, 13)(15, 14)(16, 15)(19, 17)(20, 18)(21, 19)(23, 21)
46fa74f0aa8e67c49c64802317c4de3894f0e1b9.flv,8c207ab5a07d12d37dcb666ee8b69c3357bc07fb.flv	(0, 0)(1, 1)
46fa74f0aa8e67c49c64802317c4de3894f0e1b9.flv,8c207ab5a07d12d37dcb666ee8b69c3357bc07fb.flv	(7, 32)(8, 33)
46fa74f0aa8e67c49c64802317c4de3894f0e1b9.flv,8c207ab5a07d12d37dcb666ee8b69c3357bc07fb.flv	(7, 50)
46fa74f0aa8e67c49c64802317c4de3894f0e1b9.flv,8c207ab5a07d12d37dcb666ee8b69c3357bc07fb.flv	(11, 40)
46fa74f0aa8e67c49c64802317c4de3894f0e1b9.flv,8c207ab5a07d12d37dcb666ee8b69c3357bc07fb.flv	(11, 43)(13, 44)(16, 46)
46fa74f0aa8e67c49c64802317c4de3894f0e1b9.flv,8c207ab5a07d12d37dcb666ee8b69c3357bc07fb.flv	(15, 79)(18, 81)
46fa74f0aa8e67c49c64802317c4de3894f0e1b9.flv,8fb97b98e2f27c9f162d6c1d6c27806c84af8e8d.flv	(0, 3)(1, 4)(4, 6)(5, 7)(6, 8)(7, 9)(9, 10)(10, 11)(11, 12)(12, 13)(14, 14)(15, 15)(19, 17)(23, 20)
46fa74f0aa8e67c49c64802317c4de3894f0e1b9.flv,97429f47c45ec4da9849b7f4df36e22939649158.mp4	(0, 1)(1, 2)(2, 3)(4, 5)(5, 6)(6, 6)(7, 7)(11, 12)(15, 16)(16, 17)(17, 18)(18, 19)(19, 20)
46fa74f0aa8e67c49c64802317c4de3894f0e1b9.flv,9c1d7e91288e07083e4456f8fe6b771aba039ed1.flv	(0, 0)(1, 1)(2, 2)(3, 3)(4, 4)(5, 5)(6, 6)(7, 7)(7, 8)(8, 9)(9, 10)(10, 11)(11, 12)(12, 13)(13, 14)(14, 15)(15, 16)(16, 17)(18, 18)(19, 19)(20, 20)(21, 21)(23, 23)
46fa74f0aa8e67c49c64802317c4de3894f0e1b9.flv,b3205b97de392174f3905831fc0dba5724fdabf1.flv	(1, 0)(4, 4)(9, 6)(12, 11)(18, 16)(19, 17)(23, 21)
46fa74f0aa8e67c49c64802317c4de3894f0e1b9.flv,b581ea1130d0c4c9af02e98dcb887cb8d58350e8.flv	(0, 0)(1, 1)(4, 3)(5, 4)(7, 5)(9, 6)(10, 7)(11, 8)(12, 9)(13, 10)(19, 14)(21, 15)
46fa74f0aa8e67c49c64802317c4de3894f0e1b9.flv,bbdbe357f408fb84d5f57c1522a90504f3162d6f.flv	(3, 2)
46fa74f0aa8e67c49c64802317c4de3894f0e1b9.flv,bbdbe357f408fb84d5f57c1522a90504f3162d6f.flv	(10, 6)(11, 7)
46fa74f0aa8e67c49c64802317c4de3894f0e1b9.flv,bbdbe357f408fb84d5f57c1522a90504f3162d6f.flv	(11, 9)
46fa74f0aa8e67c49c64802317c4de3894f0e1b9.flv,bbdbe357f408fb84d5f57c1522a90504f3162d6f.flv	(15, 11)
46fa74f0aa8e67c49c64802317c4de3894f0e1b9.flv,be51dbc2d72ae574934de1b972b18037dba73b8e.flv	(0, 0)(1, 1)(2, 2)(4, 4)(12, 12)(14, 13)(16, 15)
46fa74f0aa8e67c49c64802317c4de3894f0e1b9.flv,bf9df08bb9164d1b971557a9b9f6140096c92b0c.mp4	(9, 56)(11, 57)
46fa74f0aa8e67c49c64802317c4de3894f0e1b9.flv,cac9dff859597360de5a5f011139c845c0d08e6c.flv	(0, 0)(1, 1)(2, 2)(3, 3)(4, 4)(5, 5)(7, 7)(8, 8)(9, 9)(10, 10)(11, 11)(12, 12)(13, 13)(14, 14)(15, 15)(16, 16)(19, 17)(20, 18)(21, 19)(23, 21)
46fa74f0aa8e67c49c64802317c4de3894f0e1b9.flv,caec7bae88f5b5d60a08487e9d9a8cd27251c64e.flv	(0, 6)(1, 7)(2, 8)(3, 9)(4, 10)(5, 11)(6, 12)(7, 13)(8, 14)(9, 15)(10, 16)(11, 17)(12, 18)(13, 19)(14, 20)(15, 21)(17, 22)(19, 23)(20, 24)(21, 25)(22, 26)(23, 27)
46fa74f0aa8e67c49c64802317c4de3894f0e1b9.flv,f7ba4ea780e11256ed5439e33d169eb242a8a18f.flv	(15, 8)(16, 9)
487be7c83186caba89dc3004a1bd24350e35a099.flv,487be7c83186caba89dc3004a1bd24350e35a099.flv	(0, 0)(1, 1)(2, 2)(3, 3)(4, 4)(5, 5)(6, 6)(7, 7)(8, 8)(9, 9)(10, 10)(11, 11)(12, 12)(13, 13)(14, 14)(15, 15)(16, 16)(17, 17)(18, 18)(19, 19)(20, 20)(21, 21)(22, 22)(23, 23)
487be7c83186caba89dc3004a1bd24350e35a099.flv,4cfa923904010814758c07c039b0388ed0be08ec.flv	(0, 0)(1, 1)(2, 2)(3, 3)(4, 5)(7, 6)(8, 8)(9, 10)(10, 11)(11, 12)(12, 15)(13, 16)(15, 18)(19, 20)(20, 21)(21, 22)(22, 23)(23, 24)
487be7c83186caba89dc3004a1bd24350e35a099.flv,4ebe32fc10f0594a6d6a54df8617d38c2806ec9e.flv	(1, 0)(2, 2)(3, 3)(4, 4)(8, 7)(9, 8)(13, 13)(14, 14)(16, 16)(17, 17)(18, 18)(19, 19)(23, 22)
487be7c83186caba89dc3004a1bd24350e35a099.flv,4fed5faaf981b1082089916f2ff52c844b260efa.mp4	(2, 0)(3, 2)(4, 3)(5, 4)(7, 5)(8, 6)(9, 7)(10, 8)(12, 11)(13, 13)(14, 15)(19, 17)
487be7c83186caba89dc3004a1bd24350e35a099.flv,705d504994af63494d0e6e3e42f64d6b165b9584.flv	(0, 3)(1, 4)(2, 5)(4, 7)(5, 8)(7, 9)(11, 11)(12, 12)(13, 13)(15, 14)(17, 16)(19, 17)(21, 19)(23, 20)
487be7c83186caba89dc3004a1bd24350e35a099.flv,707ffde910facfe859304ae491bc154ab33dd2de.flv	(0, 0)(1, 1)(2, 2)(3, 3)(4, 4)(5, 5)(7, 6)(9, 8)(10, 9)(11, 10)(12, 12)(13, 14)(14, 15)(15, 16)(17, 17)(19, 18)(20, 19)(21, 20)(23, 21)
487be7c83186caba89dc3004a1bd24350e35a099.flv,75ac32c788e5d5d2e058a24f6a2deffbab3288fc.flv	(1, 0)(2, 2)(3, 3)(4, 4)(8, 7)(9, 8)(13, 13)(14, 14)(16, 16)(17, 17)(18, 18)(19, 19)(23, 22)
487be7c83186caba89dc3004a1bd24350e35a099.flv,7b2158aad4ea2e6c8f149bb869801b96734c1b1c.flv	(0, 0)
487be7c83186caba89dc3004a1bd24350e35a099.flv,7b2158aad4ea2e6c8f149bb869801b96734c1b1c.flv	(2, 1)(3, 2)
487be7c83186caba89dc3004a1bd24350e35a099.flv,7b2158aad4ea2e6c8f149bb869801b96734c1b1c.flv	(4, 3)(12, 8)(13, 9)(14, 10)(16, 11)(17, 12)
487be7c83186caba89dc3004a1bd24350e35a099.flv,7c9d142bf1b1ede846c059117f422b1c8ea6bb9e.mp4	(0, 1)(1, 2)(2, 3)(3, 4)(4, 5)(5, 6)(7, 7)(9, 8)(10, 10)(12, 13)(13, 15)(15, 16)(16, 17)(17, 18)(19, 19)
487be7c83186caba89dc3004a1bd24350e35a099.flv,7dd1b7a83128fb78f018c557d918b0670989457e.mp4	(0, 0)
487be7c83186caba89dc3004a1bd24350e35a099.flv,7dd1b7a83128fb78f018c557d918b0670989457e.mp4	(4, 4)(5, 5)(7, 6)(10, 7)(12, 9)(13, 10)(14, 11)(15, 12)(16, 13)
487be7c83186caba89dc3004a1bd24350e35a099.flv,8870293c58fbed9cc03a738577e5802164199d8b.flv	(0, 0)(1, 1)(2, 2)(4, 4)(5, 5)(7, 6)(10, 9)(11, 10)(12, 11)(14, 12)(15, 13)(16, 14)(17, 15)(19, 17)(20, 18)(21, 19)(22, 20)(23, 21)
487be7c83186caba89dc3004a1bd24350e35a099.flv,8c207ab5a07d12d37dcb666ee8b69c3357bc07fb.flv	(0, 0)(1, 1)
487be7c83186caba89dc3004a1bd24350e35a099.flv,8c207ab5a07d12d37dcb666ee8b69c3357bc07fb.flv	(9, 33)
487be7c83186caba89dc3004a1bd24350e35a099.flv,8c207ab5a07d12d37dcb666ee8b69c3357bc07fb.flv	(12, 40)
487be7c83186caba89dc3004a1bd24350e35a099.flv,8c207ab5a07d12d37dcb666ee8b69c3357bc07fb.flv	(12, 43)(14, 44)(17, 46)
487be7c83186caba89dc3004a1bd24350e35a099.flv,8c207ab5a07d12d37dcb666ee8b69c3357bc07fb.flv	(16, 79)(19, 81)
487be7c83186caba89dc3004a1bd24350e35a099.flv,8fb97b98e2f27c9f162d6c1d6c27806c84af8e8d.flv	(0, 3)(1, 4)(4, 6)(5, 7)(7, 8)(8, 9)(10, 10)(11, 11)(12, 12)(13, 13)(15, 14)(16, 15)(19, 17)(21, 19)(23, 20)
487be7c83186caba89dc3004a1bd24350e35a099.flv,97429f47c45ec4da9849b7f4df36e22939649158.mp4	(0, 1)(1, 2)(2, 3)(4, 5)(5, 6)(12, 12)(16, 16)(17, 17)(18, 18)(19, 19)
487be7c83186caba89dc3004a1bd24350e35a099.flv,9c1d7e91288e07083e4456f8fe6b771aba039ed1.flv	(0, 0)(1, 1)(2, 2)(3, 3)(4, 4)(5, 5)(7, 7)(8, 8)(9, 9)(10, 10)(11, 11)(12, 12)(13, 13)(14, 14)(15, 15)(16, 16)(17, 17)(20, 20)(21, 21)(22, 22)(23, 23)
487be7c83186caba89dc3004a1bd24350e35a099.flv,b3205b97de392174f3905831fc0dba5724fdabf1.flv	(1, 0)(4, 4)(10, 6)(13, 11)(21, 19)(23, 21)
487be7c83186caba89dc3004a1bd24350e35a099.flv,b581ea1130d0c4c9af02e98dcb887cb8d58350e8.flv	(0, 0)(1, 1)(4, 3)(5, 4)(10, 6)(11, 7)(12, 8)(13, 9)(14, 10)(19, 14)(21, 15)
487be7c83186caba89dc3004a1bd24350e35a099.flv,bbdbe357f408fb84d5f57c1522a90504f3162d6f.flv	(3, 2)
487be7c83186caba89dc3004a1bd24350e35a099.flv,bbdbe357f408fb84d5f57c1522a90504f3162d6f.flv	(11, 6)(12, 7)
487be7c83186caba89dc3004a1bd24350e35a099.flv,bbdbe357f408fb84d5f57c1522a90504f3162d6f.flv	(12, 9)
487be7c83186caba89dc3004a1bd24350e35a099.flv,bbdbe357f408fb84d5f57c1522a90504f3162d6f.flv	(16, 11)
487be7c83186caba89dc3004a1bd24350e35a099.flv,be51dbc2d72ae574934de1b972b18037dba73b8e.flv	(0, 0)(1, 1)(2, 2)(4, 4)(13, 12)(15, 13)(17, 15)(23, 21)
487be7c83186caba89dc3004a1bd24350e35a099.flv,bf9df08bb9164d1b971557a9b9f6140096c92b0c.mp4	(10, 56)(12, 57)
487be7c83186caba89dc3004a1bd24350e35a099.flv,cac9dff859597360de5a5f011139c845c0d08e6c.flv	(0, 0)(1, 1)(2, 2)(3, 3)(4, 4)(5, 5)(6, 6)(7, 7)(9, 8)(10, 9)(11, 10)(12, 11)(13, 12)(14, 13)(15, 14)(16, 15)(17, 16)(19, 17)(20, 18)(21, 19)(22, 20)(23, 21)
487be7c83186caba89dc3004a1bd24350e35a099.flv,caec7bae88f5b5d60a08487e9d9a8cd27251c64e.flv	(0, 6)(1, 7)(2, 8)(3, 9)(4, 10)(5, 11)(7, 12)(9, 14)(10, 15)(11, 16)(12, 17)(13, 18)(14, 19)(15, 20)(16, 21)(18, 22)(19, 23)(20, 24)(21, 25)(23, 27)
487be7c83186caba89dc3004a1bd24350e35a099.flv,f7ba4ea780e11256ed5439e33d169eb242a8a18f.flv	(16, 8)(17, 9)
4cfa923904010814758c07c039b0388ed0be08ec.flv,4cfa923904010814758c07c039b0388ed0be08ec.flv	(0, 0)(1, 1)(2, 2)(3, 3)(4, 4)(5, 5)(6, 6)(7, 7)(8, 8)(9, 9)(10, 10)(11, 11)(12, 12)(13, 13)(14, 14)(15, 15)(16, 16)(17, 17)(18, 18)(19, 19)(20, 20)(21, 21)(22, 22)(23, 23)(24, 24)
4cfa923904010814758c07c039b0388ed0be08ec.flv,4ebe32fc10f0594a6d6a54df8617d38c2806ec9e.flv	(1, 0)(2, 2)(3, 3)(4, 4)(6, 6)(10, 8)(15, 11)(16, 13)(20, 19)(24, 22)
4cfa923904010814758c07c039b0388ed0be08ec.flv,4fed5faaf981b1082089916f2ff52c844b260efa.mp4	(2, 0)(3, 2)(5, 3)(6, 5)(11, 8)(15, 12)(16, 13)(17, 15)(19, 16)
4cfa923904010814758c07c039b0388ed0be08ec.flv,705d504994af63494d0e6e3e42f64d6b165b9584.flv	(0, 3)(1, 4)(2, 5)(4, 6)(5, 7)(6, 9)(12, 11)(15, 12)(16, 13)(18, 14)(19, 16)(20, 17)(21, 18)(22, 19)(24, 20)
4cfa923904010814758c07c039b0388ed0be08ec.flv,707ffde910facfe859304ae491bc154ab33dd2de.flv	(0, 0)(1, 1)(2, 2)(3, 3)(5, 4)(6, 6)(7, 7)(11, 9)(12, 10)(13, 11)(15, 12)(16, 14)(18, 16)(19, 17)(20, 18)(21, 19)(22, 20)(24, 21)
4cfa923904010814758c07c039b0388ed0be08ec.flv,75ac32c788e5d5d2e058a24f6a2deffbab3288fc.flv	(1, 0)(2, 2)(3, 3)(4, 4)(6, 6)(10, 8)(15, 11)(16, 13)(20, 19)(24, 22)
4cfa923904010814758c07c039b0388ed0be08ec.flv,7b2158aad4ea2e6c8f149bb869801b96734c1b1c.flv	(0, 0)
4cfa923904010814758c07c039b0388ed0be08ec.flv,7b2158aad4ea2e6c8f149bb869801b96734c1b1c.flv	(2, 1)(3, 2)
4cfa923904010814758c07c039b0388ed0be08ec.flv,7b2158aad4ea2e6c8f149bb869801b96734c1b1c.flv	(5, 3)(6, 4)(8, 5)(10, 6)(16, 9)(17, 10)(19, 12)
4cfa923904010814758c07c039b0388ed0be08ec.flv,7c9d142bf1b1ede846c059117f422b1c8ea6bb9e.mp4	(0, 1)(1, 2)(2, 3)(3, 4)(5, 5)(6, 7)(11, 10)(13, 11)(14, 12)(15, 13)(16, 15)(18, 16)(19, 18)(20, 19)
4cfa923904010814758c07c039b0388ed0be08ec.flv,7dd1b7a83128fb78f018c557d918b0670989457e.mp4	(0, 0)
4cfa923904010814758c07c039b0388ed0be08ec.flv,7dd1b7a83128fb78f018c557d918b0670989457e.mp4	(4, 3)(5, 4)(6, 6)(13, 8)(15, 9)(16, 10)(17, 11)(18, 12)(19, 13)
4cfa923904010814758c07c039b0388ed0be08ec.flv,8870293c58fbed9cc03a738577e5802164199d8b.flv	(0, 0)(1, 1)(2, 2)(5, 4)(6, 6)(7, 7)(8, 8)(10, 9)(11, 9)(12, 10)(18, 13)(19, 14)(20, 17)(21, 18)(22, 19)(23, 20)(24, 21)
4cfa923904010814758c07c039b0388ed0be08ec.flv,8c207ab5a07d12d37dcb666ee8b69c3357bc07fb.flv	(0, 0)(1, 1)
4cfa923904010814758c07c039b0388ed0be08ec.flv,8c207ab5a07d12d37dcb666ee8b69c3357bc07fb.flv	(10, 33)
4cfa923904010814758c07c039b0388ed0be08ec.flv,8c207ab5a07d12d37dcb666ee8b69c3357bc07fb.flv	(19, 46)
4cfa923904010814758c07c039b0388ed0be08ec.flv,8c207ab5a07d12d37dcb666ee8b69c3357bc07fb.flv	(19, 79)(20, 81)
4cfa923904010814758c07c039b0388ed0be08ec.flv,8fb97b98e2f27c9f162d6c1d6c27806c84af8e8d.flv	(0, 3)(1, 4)(5, 6)(6, 8)(8, 9)(12, 11)(15, 12)(18, 14)(19, 15)(20, 17)(21, 18)(22, 19)(24, 20)
4cfa923904010814758c07c039b0388ed0be08ec.flv,97429f47c45ec4da9849b7f4df36e22939649158.mp4	(0, 1)(1, 2)(2, 3)(4, 4)(5, 5)(6, 6)(15, 12)(20, 20)
4cfa923904010814758c07c039b0388ed0be08ec.flv,9c1d7e91288e07083e4456f8fe6b771aba039ed1.flv	(0, 0)(1, 1)(2, 2)(3, 3)(5, 4)(8, 8)(10, 9)(11, 10)(12, 11)(15, 12)(16, 13)(18, 15)(19, 17)(20, 19)(21, 20)(22, 21)(23, 22)(24, 23)
4cfa923904010814758c07c039b0388ed0be08ec.flv,b3205b97de392174f3905831fc0dba5724fdabf1.flv	(1, 0)(4, 3)(5, 4)(6, 5)(14, 9)(15, 10)(19, 14)(20, 17)(22, 19)(24, 21)
4cfa923904010814758c07c039b0388ed0be08ec.flv,b581ea1130d0c4c9af02e98dcb887cb8d58350e8.flv	(0, 0)(1, 1)(5, 3)(6, 5)(12, 7)(15, 8)(16, 9)(20, 14)(21, 15)(22, 15)
4cfa923904010814758c07c039b0388ed0be08ec.flv,bbdbe357f408fb84d5f57c1522a90504f3162d6f.flv	(3, 2)(4, 2)
4cfa923904010814758c07c039b0388ed0be08ec.flv,bbdbe357f408fb84d5f57c1522a90504f3162d6f.flv	(12, 6)(13, 7)
4cfa923904010814758c07c039b0388ed0be08ec.flv,bbdbe357f408fb84d5f57c1522a90504f3162d6f.flv	(15, 9)
4cfa923904010814758c07c039b0388ed0be08ec.flv,bbdbe357f408fb84d5f57c1522a90504f3162d6f.flv	(19, 11)
4cfa923904010814758c07c039b0388ed0be08ec.flv,be51dbc2d72ae574934de1b972b18037dba73b8e.flv	(0, 0)(1, 1)(2, 2)(5, 4)(6, 5)(14, 9)(15, 10)(18, 13)(19, 15)(20, 17)(24, 21)
4cfa923904010814758c07c039b0388ed0be08ec.flv,bf9df08bb9164d1b971557a9b9f6140096c92b0c.mp4	(11, 56)(15, 57)
4cfa923904010814758c07c039b0388ed0be08ec.flv,cac9dff859597360de5a5f011139c845c0d08e6c.flv	(0, 0)(1, 1)(2, 2)(3, 3)(5, 4)(10, 8)(11, 9)(12, 10)(15, 11)(16, 12)(18, 14)(19, 16)(20, 17)(21, 18)(22, 19)(23, 20)(24, 21)
4cfa923904010814758c07c039b0388ed0be08ec.flv,caec7bae88f5b5d60a08487e9d9a8cd27251c64e.flv	(0, 6)(1, 7)(2, 8)(3, 9)(5, 10)(6, 12)(7, 13)(11, 15)(12, 16)(15, 17)(16, 18)(17, 19)(18, 20)(19, 21)(20, 23)(21, 24)(22, 25)(24, 27)
4cfa923904010814758c07c039b0388ed0be08ec.flv,f7ba4ea780e11256ed5439e33d169eb242a8a18f.flv	(19, 9)
4ebe32fc10f0594a6d6a54df8617d38c2806ec9e.flv,4ebe32fc10f0594a6d6a54df8617d38c2806ec9e.flv	(0, 0)(1, 1)(2, 2)(3, 3)(4, 4)(5, 5)(6, 6)(7, 7)(8, 8)(9, 9)(10, 10)(11, 11)(12, 12)(13, 13)(14, 14)(15, 15)(16, 16)(17, 17)(18, 18)(19, 19)(20, 20)(21, 21)(22, 22)
4ebe32fc10f0594a6d6a54df8617d38c2806ec9e.flv,4fed5faaf981b1082089916f2ff52c844b260efa.mp4	(4, 0)(5, 1)(6, 2)(7, 3)(8, 5)(9, 6)(11, 8)(12, 9)(13, 11)(14, 12)(16, 13)(21, 18)(22, 19)
4ebe32fc10f0594a6d6a54df8617d38c2806ec9e.flv,705d504994af63494d0e6e3e42f64d6b165b9584.flv	(0, 4)(2, 5)(4, 7)(5, 8)(6, 9)(8, 10)(9, 11)(10, 12)(13, 13)(19, 17)(22, 20)
4ebe32fc10f0594a6d6a54df8617d38c2806ec9e.flv,707ffde910facfe859304ae491bc154ab33dd2de.flv	(0, 1)(2, 2)(3, 3)(4, 4)(12, 13)(13, 14)(14, 15)(19, 18)(22, 21)
4ebe32fc10f0594a6d6a54df8617d38c2806ec9e.flv,75ac32c788e5d5d2e058a24f6a2deffbab3288fc.flv	(0, 0)(1, 1)(2, 2)(3, 3)(4, 4)(5, 5)(6, 6)(7, 7)(8, 8)(9, 9)(10, 10)(11, 11)(12, 12)(13, 13)(14, 14)(15, 15)(16, 16)(17, 17)(18, 18)(19, 19)(20, 20)(21, 21)(22, 22)
4ebe32fc10f0594a6d6a54df8617d38c2806ec9e.flv,7b2158aad4ea2e6c8f149bb869801b96734c1b1c.flv	(6, 1)(7, 2)(13, 7)(17, 9)(19, 10)
4ebe32fc10f0594a6d6a54df8617d38c2806ec9e.flv,7c9d142bf1b1ede846c059117f422b1c8ea6bb9e.mp4	(10, 8)(17, 15)(19, 17)(20, 18)(22, 19)
4ebe32fc10f0594a6d6a54df8617d38c2806ec9e.flv,7dd1b7a83128fb78f018c557d918b0670989457e.mp4	(6, 5)(8, 6)
4ebe32fc10f0594a6d6a54df8617d38c2806ec9e.flv,8870293c58fbed9cc03a738577e5802164199d8b.flv	(0, 1)(2, 2)(4, 4)(8, 9)(14, 12)(16, 14)(17, 15)(18, 16)(19, 17)(22, 21)
4ebe32fc10f0594a6d6a54df8617d38c2806ec9e.flv,8c207ab5a07d12d37dcb666ee8b69c3357bc07fb.flv	
4ebe32fc10f0594a6d6a54df8617d38c2806ec9e.flv,8fb97b98e2f27c9f162d6c1d6c27806c84af8e8d.flv	(0, 4)(4, 6)(5, 7)(6, 8)(8, 10)(9, 11)(10, 12)(13, 13)(14, 14)(16, 15)(17, 16)(19, 17)(22, 20)
4ebe32fc10f0594a6d6a54df8617d38c2806ec9e.flv,97429f47c45ec4da9849b7f4df36e22939649158.mp4	(0, 2)(6, 5)(7, 6)(8, 7)(13, 12)(17, 15)(21, 19)(22, 20)
4ebe32fc10f0594a6d6a54df8617d38c2806ec9e.flv,9c1d7e91288e07083e4456f8fe6b771aba039ed1.flv	(0, 1)(2, 2)(3, 3)(4, 4)(6, 6)(7, 7)(7, 8)(8, 9)(13, 13)(14, 14)(16, 16)(17, 17)(22, 23)
4ebe32fc10f0594a6d6a54df8617d38c2806ec9e.flv,b3205b97de392174f3905831fc0dba5724fdabf1.flv	(0, 0)(2, 2)(4, 4)(8, 6)(9, 7)(10, 9)(13, 11)(14, 12)(16, 14)(18, 16)(21, 19)(22, 21)
4ebe32fc10f0594a6d6a54df8617d38c2806ec9e.flv,b581ea1130d0c4c9af02e98dcb887cb8d58350e8.flv	(0, 1)(4, 3)(5, 4)(6, 5)(8, 6)(10, 8)(20, 16)(21, 17)
4ebe32fc10f0594a6d6a54df8617d38c2806ec9e.flv,bbdbe357f408fb84d5f57c1522a90504f3162d6f.flv	(21, 0)
4ebe32fc10f0594a6d6a54df8617d38c2806ec9e.flv,be51dbc2d72ae574934de1b972b18037dba73b8e.flv	(0, 1)(2, 2)(7, 5)(8, 6)(10, 9)(11, 10)(13, 12)(14, 13)(15, 14)(16, 15)(18, 16)(21, 19)(22, 21)
4ebe32fc10f0594a6d6a54df8617d38c2806ec9e.flv,bf9df08bb9164d1b971557a9b9f6140096c92b0c.mp4	(7, 56)(13, 58)
4ebe32fc10f0594a6d6a54df8617d38c2806ec9e.flv,cac9dff859597360de5a5f011139c845c0d08e6c.flv	(0, 1)(2, 2)(3, 3)(4, 4)(7, 7)(8, 8)(13, 12)(14, 13)(16, 15)(17, 16)(19, 17)(22, 21)
4ebe32fc10f0594a6d6a54df8617d38c2806ec9e.flv,caec7bae88f5b5d60a08487e9d9a8cd27251c64e.flv	(0, 7)(2, 8)(3, 9)(4, 10)(9, 16)(13, 18)(14, 19)(16, 21)(19, 23)(22, 27)
4ebe32fc10f0594a6d6a54df8617d38c2806ec9e.flv,f7ba4ea780e11256ed5439e33d169eb242a8a18f.flv	(14, 8)(16, 9)
4fed5faaf981b1082089916f2ff52c844b260efa.mp4,4fed5faaf981b1082089916f2ff52c844b260efa.mp4	(0, 0)(1, 1)(2, 2)(3, 3)(4, 4)(5, 5)(6, 6)(7, 7)(8, 8)(9, 9)(10, 10)(11, 11)(12, 12)(13, 13)(14, 14)(15, 15)(16, 16)(17, 17)(18, 18)
4fed5faaf981b1082089916f2ff52c844b260efa.mp4,705d504994af63494d0e6e3e42f64d6b165b9584.flv	(3, 7)(4, 8)(5, 9)(11, 12)(13, 13)(16, 16)
4fed5faaf981b1082089916f2ff52c844b260efa.mp4,707ffde910facfe859304ae491bc154ab33dd2de.flv	(0, 2)(2, 3)(3, 4)(4, 5)(5, 6)(7, 8)(8, 9)(11, 12)(13, 14)(15, 15)(16, 17)(17, 18)
4fed5faaf981b1082089916f2ff52c844b260efa.mp4,75ac32c788e5d5d2e058a24f6a2deffbab3288fc.flv	(0, 4)(1, 5)(2, 6)(3, 7)(5, 8)(6, 9)(8, 11)(9, 12)(11, 13)(12, 14)(13, 16)(18, 21)(19, 22)
4fed5faaf981b1082089916f2ff52c844b260efa.mp4,7b2158aad4ea2e6c8f149bb869801b96734c1b1c.flv	(0, 1)(2, 2)
4fed5faaf981b1082089916f2ff52c844b260efa.mp4,7b2158aad4ea2e6c8f149bb869801b96734c1b1c.flv	(3, 3)(5, 4)(8, 6)(11, 8)(13, 9)(15, 10)(16, 12)
4fed5faaf981b1082089916f2ff52c844b260efa.mp4,7c9d142bf1b1ede846c059117f422b1c8ea6bb9e.mp4	(0, 3)(2, 4)(3, 5)(4, 6)(5, 7)(8, 10)
4fed5faaf981b1082089916f2ff52c844b260efa.mp4,7dd1b7a83128fb78f018c557d918b0670989457e.mp4	(3, 4)(4, 5)(5, 6)(8, 7)(11, 9)(13, 10)(15, 11)(16, 13)
4fed5faaf981b1082089916f2ff52c844b260efa.mp4,8870293c58fbed9cc03a738577e5802164199d8b.flv	(3, 4)(4, 5)(5, 6)(6, 8)(8, 9)(15, 12)(16, 14)
4fed5faaf981b1082089916f2ff52c844b260efa.mp4,8c207ab5a07d12d37dcb666ee8b69c3357bc07fb.flv	(5, 32)(6, 32)(7, 33)
4fed5faaf981b1082089916f2ff52c844b260efa.mp4,8c207ab5a07d12d37dcb666ee8b69c3357bc07fb.flv	(6, 50)
4fed5faaf981b1082089916f2ff52c844b260efa.mp4,8c207ab5a07d12d37dcb666ee8b69c3357bc07fb.flv	(16, 46)
4fed5faaf981b1082089916f2ff52c844b260efa.mp4,8c207ab5a07d12d37dcb666ee8b69c3357bc07fb.flv	(16, 79)
4fed5faaf981b1082089916f2ff52c844b260efa.mp4,8fb97b98e2f27c9f162d6c1d6c27806c84af8e8d.flv	(2, 5)(3, 6)(4, 7)(5, 8)(6, 9)(8, 10)(11, 12)(16, 15)
4fed5faaf981b1082089916f2ff52c844b260efa.mp4,97429f47c45ec4da9849b7f4df36e22939649158.mp4	(3, 5)(4, 6)(17, 19)(18, 20)
4fed5faaf981b1082089916f2ff52c844b260efa.mp4,9c1d7e91288e07083e4456f8fe6b771aba039ed1.flv	(0, 2)(2, 3)(3, 4)(4, 5)(6, 8)(7, 9)(8, 10)(11, 12)(13, 13)(15, 14)(18, 19)
4fed5faaf981b1082089916f2ff52c844b260efa.mp4,b3205b97de392174f3905831fc0dba5724fdabf1.flv	(3, 4)(5, 5)(8, 6)(9, 7)(10, 8)(11, 9)(16, 14)(17, 16)(18, 17)
4fed5faaf981b1082089916f2ff52c844b260efa.mp4,b581ea1130d0c4c9af02e98dcb887cb8d58350e8.flv	(2, 2)(3, 3)(4, 4)(5, 5)(8, 6)(11, 8)(13, 9)
4fed5faaf981b1082089916f2ff52c844b260efa.mp4,bbdbe357f408fb84d5f57c1522a90504f3162d6f.flv	(2, 2)
4fed5faaf981b1082089916f2ff52c844b260efa.mp4,bbdbe357f408fb84d5f57c1522a90504f3162d6f.flv	(10, 6)(10, 7)
4fed5faaf981b1082089916f2ff52c844b260efa.mp4,bbdbe357f408fb84d5f57c1522a90504f3162d6f.flv	(16, 11)
4fed5faaf981b1082089916f2ff52c844b260efa.mp4,be51dbc2d72ae574934de1b972b18037dba73b8e.flv	(3, 4)(8, 6)(9, 7)(10, 8)(11, 9)(12, 10)(13, 11)(16, 15)(17, 16)
4fed5faaf981b1082089916f2ff52c844b260efa.mp4,bf9df08bb9164d1b971557a9b9f6140096c92b0c.mp4	
4fed5faaf981b1082089916f2ff52c844b260efa.mp4,cac9dff859597360de5a5f011139c845c0d08e6c.flv	(0, 2)(2, 3)(3, 4)(4, 5)(5, 7)(7, 8)(8, 9)(11, 11)(13, 12)(15, 13)(17, 17)
4fed5faaf981b1082089916f2ff52c844b260efa.mp4,caec7bae88f5b5d60a08487e9d9a8cd27251c64e.flv	(0, 8)(2, 9)(4, 11)(5, 12)(7, 14)(8, 15)(9, 16)(11, 17)(13, 18)(15, 19)(16, 21)(17, 23)
4fed5faaf981b1082089916f2ff52c844b260efa.mp4,f7ba4ea780e11256ed5439e33d169eb242a8a18f.flv	
705d504994af63494d0e6e3e42f64d6b165b9584.flv,705d504994af63494d0e6e3e42f64d6b165b9584.flv	(0, 0)(1, 1)(2, 2)(3, 3)(4, 4)(5, 5)(6, 6)(7, 7)(8, 8)(9, 9)(10, 10)(11, 11)(12, 12)(13, 13)(14, 14)(15, 15)(16, 16)(17, 17)(18, 18)(19, 19)(20, 20)(21, 21)
705d504994af63494d0e6e3e42f64d6b165b9584.flv,707ffde910facfe859304ae491bc154ab33dd2de.flv	(3, 0)(4, 1)(5, 2)(7, 4)(8, 5)(9, 6)(11, 10)(12, 12)(13, 14)(14, 16)(16, 17)(17, 18)(19, 20)(20, 21)
705d504994af63494d0e6e3e42f64d6b165b9584.flv,75ac32c788e5d5d2e058a24f6a2deffbab3288fc.flv	(4, 0)(5, 2)(7, 4)(8, 5)(9, 6)(10, 8)(11, 9)(12, 10)(13, 13)(17, 19)(20, 22)
705d504994af63494d0e6e3e42f64d6b165b9584.flv,7b2158aad4ea2e6c8f149bb869801b96734c1b1c.flv	(3, 0)
705d504994af63494d0e6e3e42f64d6b165b9584.flv,7b2158aad4ea2e6c8f149bb869801b96734c1b1c.flv	(5, 1)
705d504994af63494d0e6e3e42f64d6b165b9584.flv,7b2158aad4ea2e6c8f149bb869801b96734c1b1c.flv	(7, 3)(9, 4)(12, 8)(13, 9)(16, 12)
705d504994af63494d0e6e3e42f64d6b165b9584.flv,7c9d142bf1b1ede846c059117f422b1c8ea6bb9e.mp4	(3, 1)(4, 2)(5, 3)(7, 5)(8, 6)(9, 7)(12, 13)(13, 15)(14, 16)(15, 17)(16, 18)(17, 19)
705d504994af63494d0e6e3e42f64d6b165b9584.flv,7dd1b7a83128fb78f018c557d918b0670989457e.mp4	(3, 0)
705d504994af63494d0e6e3e42f64d6b165b9584.flv,7dd1b7a83128fb78f018c557d918b0670989457e.mp4	(5, 2)(6, 3)(7, 4)(8, 5)(9, 6)(10, 7)(12, 9)(13, 10)(14, 12)(15, 13)
705d504994af63494d0e6e3e42f64d6b165b9584.flv,8870293c58fbed9cc03a738577e5802164199d8b.flv	(3, 0)(4, 1)(5, 2)(7, 4)(8, 5)(9, 6)(10, 9)(11, 10)(12, 11)(14, 13)(17, 17)(18, 18)(19, 19)(20, 21)
705d504994af63494d0e6e3e42f64d6b165b9584.flv,8c207ab5a07d12d37dcb666ee8b69c3357bc07fb.flv	(3, 0)(4, 1)
705d504994af63494d0e6e3e42f64d6b165b9584.flv,8c207ab5a07d12d37dcb666ee8b69c3357bc07fb.flv	
705d504994af63494d0e6e3e42f64d6b165b9584.flv,8c207ab5a07d12d37dcb666ee8b69c3357bc07fb.flv	(10, 50)
705d504994af63494d0e6e3e42f64d6b165b9584.flv,8c207ab5a07d12d37dcb666ee8b69c3357bc07fb.flv	(12, 40)
705d504994af63494d0e6e3e42f64d6b165b9584.flv,8c207ab5a07d12d37dcb666ee8b69c3357bc07fb.flv	(12, 43)(14, 44)(15, 45)(16, 46)
705d504994af63494d0e6e3e42f64d6b165b9584.flv,8c207ab5a07d12d37dcb666ee8b69c3357bc07fb.flv	(16, 80)(17, 81)
705d504994af63494d0e6e3e42f64d6b165b9584.flv,8fb97b98e2f27c9f162d6c1d6c27806c84af8e8d.flv	(0, 0)(1, 1)(2, 2)(3, 3)(4, 4)(5, 5)(7, 6)(8, 7)(9, 8)(10, 10)(11, 11)(12, 12)(13, 13)(14, 14)(16, 15)(17, 17)(18, 18)(19, 19)(20, 20)(21, 21)
705d504994af63494d0e6e3e42f64d6b165b9584.flv,97429f47c45ec4da9849b7f4df36e22939649158.mp4	(3, 1)(4, 2)(5, 3)(6, 4)(7, 5)(8, 6)(12, 12)(13, 15)(15, 16)(16, 17)(17, 20)
705d504994af63494d0e6e3e42f64d6b165b9584.flv,9c1d7e91288e07083e4456f8fe6b771aba039ed1.flv	(3, 0)(4, 1)(5, 2)(7, 4)(8, 5)(9, 6)(11, 11)(12, 12)(13, 13)(14, 15)(16, 17)(17, 19)(18, 20)(19, 21)(20, 23)
705d504994af63494d0e6e3e42f64d6b165b9584.flv,b3205b97de392174f3905831fc0dba5724fdabf1.flv	(4, 0)(5, 2)(6, 3)(7, 4)(10, 6)(12, 10)(13, 11)(14, 12)(16, 14)(17, 17)(18, 18)(19, 19)(20, 21)
705d504994af63494d0e6e3e42f64d6b165b9584.flv,b581ea1130d0c4c9af02e98dcb887cb8d58350e8.flv	(3, 0)(4, 1)(5, 2)(7, 3)(8, 4)(9, 5)(10, 6)(11, 7)(12, 8)(13, 9)(14, 10)(15, 11)(16, 12)(17, 14)(18, 15)
705d504994af63494d0e6e3e42f64d6b165b9584.flv,bbdbe357f408fb84d5f57c1522a90504f3162d6f.flv	(5, 2)(6, 2)
705d504994af63494d0e6e3e42f64d6b165b9584.flv,bbdbe357f408fb84d5f57c1522a90504f3162d6f.flv	(11, 6)(12, 7)
705d504994af63494d0e6e3e42f64d6b165b9584.flv,bbdbe357f408fb84d5f57c1522a90504f3162d6f.flv	(12, 9)
705d504994af63494d0e6e3e42f64d6b165b9584.flv,bbdbe357f408fb84d5f57c1522a90504f3162d6f.flv	(16, 11)
705d504994af63494d0e6e3e42f64d6b165b9584.flv,be51dbc2d72ae574934de1b972b18037dba73b8e.flv	(3, 0)(4, 1)(5, 2)(7, 4)(10, 6)(13, 12)(14, 13)(15, 14)(16, 15)(17, 17)(19, 19)(20, 21)
705d504994af63494d0e6e3e42f64d6b165b9584.flv,bf9df08bb9164d1b971557a9b9f6140096c92b0c.mp4	(10, 56)(12, 57)
705d504994af63494d0e6e3e42f64d6b165b9584.flv,cac9dff859597360de5a5f011139c845c0d08e6c.flv	(3, 0)(4, 1)(5, 2)(7, 4)(8, 5)(9, 7)(11, 10)(12, 11)(13, 12)(14, 14)(16, 16)(17, 17)(19, 19)(20, 21)
705d504994af63494d0e6e3e42f64d6b165b9584.flv,caec7bae88f5b5d60a08487e9d9a8cd27251c64e.flv	(3, 6)(4, 7)(5, 8)(7, 10)(8, 11)(9, 12)(11, 16)(12, 17)(13, 18)(14, 19)(14, 20)(16, 21)(17, 23)(20, 27)
705d504994af63494d0e6e3e42f64d6b165b9584.flv,f7ba4ea780e11256ed5439e33d169eb242a8a18f.flv	(16, 9)
707ffde910facfe859304ae491bc154ab33dd2de.flv,707ffde910facfe859304ae491bc154ab33dd2de.flv	(0, 0)(1, 1)(2, 2)(3, 3)(4, 4)(5, 5)(6, 6)(7, 7)(8, 8)(9, 9)(10, 10)(11, 11)(12, 12)(13, 13)(14, 14)(15, 15)(16, 16)(17, 17)(18, 18)(19, 19)(20, 20)(21, 21)
707ffde910facfe859304ae491bc154ab33dd2de.flv,75ac32c788e5d5d2e058a24f6a2deffbab3288fc.flv	(1, 0)(2, 2)(3, 3)(4, 4)(13, 12)(14, 13)(15, 14)(18, 19)(21, 22)
707ffde910facfe859304ae491bc154ab33dd2de.flv,7b2158aad4ea2e6c8f149bb869801b96734c1b1c.flv	(0, 0)
707ffde910facfe859304ae491bc154ab33dd2de.flv,7b2158aad4ea2e6c8f149bb869801b96734c1b1c.flv	(2, 1)(3, 2)
707ffde910facfe859304ae491bc154ab33dd2de.flv,7b2158aad4ea2e6c8f149bb869801b96734c1b1c.flv	(4, 3)(6, 4)(12, 8)(14, 9)(15, 10)(17, 12)
707ffde910facfe859304ae491bc154ab33dd2de.flv,7c9d142bf1b1ede846c059117f422b1c8ea6bb9e.mp4	(0, 1)(1, 2)(2, 3)(3, 4)(4, 5)(5, 6)(6, 7)(8, 8)(9, 10)(11, 11)(12, 13)(14, 15)(16, 16)(17, 18)(18, 19)
707ffde910facfe859304ae491bc154ab33dd2de.flv,7dd1b7a83128fb78f018c557d918b0670989457e.mp4	(0, 0)
707ffde910facfe859304ae491bc154ab33dd2de.flv,7dd1b7a83128fb78f018c557d918b0670989457e.mp4	(4, 4)(5, 5)(6, 6)(9, 7)(11, 8)(12, 9)(14, 10)(15, 11)(16, 12)(17, 13)
707ffde910facfe859304ae491bc154ab33dd2de.flv,8870293c58fbed9cc03a738577e5802164199d8b.flv	(0, 0)(1, 1)(2, 2)(4, 4)(5, 5)(6, 6)(7, 7)(9, 9)(10, 10)(15, 12)(16, 13)(17, 14)(18, 17)(19, 18)(20, 19)(21, 21)
707ffde910facfe859304ae491bc154ab33dd2de.flv,8c207ab5a07d12d37dcb666ee8b69c3357bc07fb.flv	(0, 0)(1, 1)
707ffde910facfe859304ae491bc154ab33dd2de.flv,8c207ab5a07d12d37dcb666ee8b69c3357bc07fb.flv	
707ffde910facfe859304ae491bc154ab33dd2de.flv,8c207ab5a07d12d37dcb666ee8b69c3357bc07fb.flv	(8, 50)
707ffde910facfe859304ae491bc154ab33dd2de.flv,8c207ab5a07d12d37dcb666ee8b69c3357bc07fb.flv	(12, 40)
707ffde910facfe859304ae491bc154ab33dd2de.flv,8c207ab5a07d12d37dcb666ee8b69c3357bc07fb.flv	(15, 44)(17, 46)
707ffde910facfe859304ae491bc154ab33dd2de.flv,8c207ab5a07d12d37dcb666ee8b69c3357bc07fb.flv	(17, 79)(18, 81)
707ffde910facfe859304ae491bc154ab33dd2de.flv,8fb97b98e2f27c9f162d6c1d6c27806c84af8e8d.flv	(0, 3)(1, 4)(4, 6)(5, 7)(6, 8)(9, 10)(10, 11)(12, 12)(14, 13)(16, 14)(17, 15)(18, 17)(20, 19)(21, 20)
707ffde910facfe859304ae491bc154ab33dd2de.flv,97429f47c45ec4da9849b7f4df36e22939649158.mp4	(0, 1)(1, 2)(2, 3)(4, 5)(5, 6)(12, 12)(17, 17)(18, 19)
707ffde910facfe859304ae491bc154ab33dd2de.flv,9c1d7e91288e07083e4456f8fe6b771aba039ed1.flv	(0, 0)(1, 1)(2, 2)(3, 3)(4, 4)(5, 5)(6, 6)(8, 9)(9, 10)(10, 11)(12, 12)(14, 13)(15, 14)(16, 15)(17, 17)(19, 20)(20, 21)(21, 23)
707ffde910facfe859304ae491bc154ab33dd2de.flv,b3205b97de392174f3905831fc0dba5724fdabf1.flv	(1, 0)(4, 4)(9, 6)(14, 11)(17, 14)(20, 19)(21, 21)
707ffde910facfe859304ae491bc154ab33dd2de.flv,b581ea1130d0c4c9af02e98dcb887cb8d58350e8.flv	(0, 0)(1, 1)(4, 3)(5, 4)(6, 5)(9, 6)(10, 7)(12, 8)(14, 9)(15, 10)(17, 12)(18, 14)(20, 15)
707ffde910facfe859304ae491bc154ab33dd2de.flv,bbdbe357f408fb84d5f57c1522a90504f3162d6f.flv	(3, 2)
707ffde910facfe859304ae491bc154ab33dd2de.flv,bbdbe357f408fb84d5f57c1522a90504f3162d6f.flv	(10, 6)(11, 7)
707ffde910facfe859304ae491bc154ab33dd2de.flv,bbdbe357f408fb84d5f57c1522a90504f3162d6f.flv	(12, 9)
707ffde910facfe859304ae491bc154ab33dd2de.flv,bbdbe357f408fb84d5f57c1522a90504f3162d6f.flv	(17, 11)
707ffde910facfe859304ae491bc154ab33dd2de.flv,be51dbc2d72ae574934de1b972b18037dba73b8e.flv	(0, 0)(1, 1)(2, 2)(4, 4)(14, 12)(16, 13)(17, 15)
707ffde910facfe859304ae491bc154ab33dd2de.flv,bf9df08bb9164d1b971557a9b9f6140096c92b0c.mp4	(9, 56)(12, 57)
707ffde910facfe859304ae491bc154ab33dd2de.flv,cac9dff859597360de5a5f011139c845c0d08e6c.flv	(0, 0)(1, 1)(2, 2)(3, 3)(4, 4)(5, 5)(6, 7)(8, 8)(9, 9)(10, 10)(12, 11)(14, 12)(15, 13)(16, 14)(17, 16)(18, 17)(19, 18)(20, 19)(21, 21)
707ffde910facfe859304ae491bc154ab33dd2de.flv,caec7bae88f5b5d60a08487e9d9a8cd27251c64e.flv	(0, 6)(1, 7)(2, 8)(3, 9)(4, 10)(5, 11)(6, 12)(7, 13)(8, 14)(9, 15)(10, 16)(12, 17)(14, 18)(15, 19)(16, 20)(17, 21)(18, 23)(19, 24)(20, 25)(21, 27)
707ffde910facfe859304ae491bc154ab33dd2de.flv,f7ba4ea780e11256ed5439e33d169eb242a8a18f.flv	(17, 9)
75ac32c788e5d5d2e058a24f6a2deffbab3288fc.flv,75ac32c788e5d5d2e058a24f6a2deffbab3288fc.flv	(0, 0)(1, 1)(2, 2)(3, 3)(4, 4)(5, 5)(6, 6)(7, 7)(8, 8)(9, 9)(10, 10)(11, 11)(12, 12)(13, 13)(14, 14)(15, 15)(16, 16)(17, 17)(18, 18)(19, 19)(20, 20)(21, 21)(22, 22)
75ac32c788e5d5d2e058a24f6a2deffbab3288fc.flv,7b2158aad4ea2e6c8f149bb869801b96734c1b1c.flv	(6, 1)(7, 2)(13, 7)(17, 9)(19, 10)
75ac32c788e5d5d2e058a24f6a2deffbab3288fc.flv,7c9d142bf1b1ede846c059117f422b1c8ea6bb9e.mp4	(10, 8)(17, 15)(19, 17)(20, 18)(22, 19)
75ac32c788e5d5d2e058a24f6a2deffbab3288fc.flv,7dd1b7a83128fb78f018c557d918b0670989457e.mp4	(6, 5)(8, 6)
75ac32c788e5d5d2e058a24f6a2deffbab3288fc.flv,8870293c58fbed9cc03a738577e5802164199d8b.flv	(0, 1)(2, 2)(4, 4)(8, 9)(14, 12)(16, 14)(17, 15)(18, 16)(19, 17)(22, 21)
75ac32c788e5d5d2e058a24f6a2deffbab3288fc.flv,8c207ab5a07d12d37dcb666ee8b69c3357bc07fb.flv	
75ac32c788e5d5d2e058a24f6a2deffbab3288fc.flv,8fb97b98e2f27c9f162d6c1d6c27806c84af8e8d.flv	(0, 4)(4, 6)(5, 7)(6, 8)(8, 10)(9, 11)(10, 12)(13, 13)(14, 14)(16, 15)(17, 16)(19, 17)(22, 20)
75ac32c788e5d5d2e058a24f6a2deffbab3288fc.flv,97429f47c45ec4da9849b7f4df36e22939649158.mp4	(0, 2)(6, 5)(7, 6)(8, 7)(13, 12)(17, 15)(21, 19)(22, 20)
75ac32c788e5d5d2e058a24f6a2deffbab3288fc.flv,9c1d7e91288e07083e4456f8fe6b771aba039ed1.flv	(0, 1)(2, 2)(3, 3)(4, 4)(6, 6)(7, 7)(7, 8)(8, 9)(13, 13)(14, 14)(16, 16)(17, 17)(22, 23)
75ac32c788e5d5d2e058a24f6a2deffbab3288fc.flv,b3205b97de392174f3905831fc0dba5724fdabf1.flv	(0, 0)(1, 1)(2, 2)(4, 4)(6, 5)(8, 6)(9, 7)(10, 9)(13, 11)(14, 12)(16, 14)(17, 15)(18, 16)(19, 17)(22, 21)
75ac32c788e5d5d2e058a24f6a2deffbab3288fc.flv,b581ea1130d0c4c9af02e98dcb887cb8d58350e8.flv	(0, 1)(4, 3)(5, 4)(6, 5)(8, 6)(10, 8)(20, 16)(21, 17)
75ac32c788e5d5d2e058a24f6a2deffbab3288fc.flv,bbdbe357f408fb84d5f57c1522a90504f3162d6f.flv	(7, 11)
75ac32c788e5d5d2e058a24f6a2deffbab3288fc.flv,bbdbe357f408fb84d5f57c1522a90504f3162d6f.flv	(10, 5)(10, 6)(11, 7)
75ac32c788e5d5d2e058a24f6a2deffbab3288fc.flv,bbdbe357f408fb84d5f57c1522a90504f3162d6f.flv	(17, 4)
75ac32c788e5d5d2e058a24f6a2deffbab3288fc.flv,bbdbe357f408fb84d5f57c1522a90504f3162d6f.flv	(20, 2)
75ac32c788e5d5d2e058a24f6a2deffbab3288fc.flv,bbdbe357f408fb84d5f57c1522a90504f3162d6f.flv	(20, 0)
75ac32c788e5d5d2e058a24f6a2deffbab3288fc.flv,be51dbc2d72ae574934de1b972b18037dba73b8e.flv	(0, 1)(2, 2)(7, 5)(8, 6)(10, 9)(11, 10)(13, 12)(14, 13)(15, 14)(16, 15)(18, 16)(21, 19)(22, 21)
75ac32c788e5d5d2e058a24f6a2deffbab3288fc.flv,bf9df08bb9164d1b971557a9b9f6140096c92b0c.mp4	
75ac32c788e5d5d2e058a24f6a2deffbab3288fc.flv,cac9dff859597360de5a5f011139c845c0d08e6c.flv	(0, 1)(2, 2)(3, 3)(4, 4)(7, 7)(8, 8)(13, 12)(14, 13)(16, 15)(17, 16)(19, 17)(22, 21)
75ac32c788e5d5d2e058a24f6a2deffbab3288fc.flv,caec7bae88f5b5d60a08487e9d9a8cd27251c64e.flv	(0, 7)(2, 8)(3, 9)(4, 10)(9, 16)(13, 18)(14, 19)(16, 21)(19, 23)(22, 27)
75ac32c788e5d5d2e058a24f6a2deffbab3288fc.flv,f7ba4ea780e11256ed5439e33d169eb242a8a18f.flv	
7b2158aad4ea2e6c8f149bb869801b96734c1b1c.flv,7b2158aad4ea2e6c8f149bb869801b96734c1b1c.flv	(0, 0)(1, 1)(2, 2)(3, 3)(4, 4)(5, 5)(6, 6)(7, 7)(8, 8)(9, 9)(10, 10)(11, 11)(12, 12)(13, 13)(14, 14)(15, 15)(16, 16)(17, 17)(18, 18)(19, 19)(20, 20)(21, 21)(22, 22)(23, 23)(24, 24)(25, 25)(26, 26)(27, 27)
7b2158aad4ea2e6c8f149bb869801b96734c1b1c.flv,7c9d142bf1b1ede846c059117f422b1c8ea6bb9e.mp4	(0, 1)
7b2158aad4ea2e6c8f149bb869801b96734c1b1c.flv,7c9d142bf1b1ede846c059117f422b1c8ea6bb9e.mp4	(1, 3)(2, 4)
7b2158aad4ea2e6c8f149bb869801b96734c1b1c.flv,7c9d142bf1b1ede846c059117f422b1c8ea6bb9e.mp4	(3, 5)(4, 7)(5, 8)(7, 10)(8, 13)(11, 17)(12, 18)
7b2158aad4ea2e6c8f149bb869801b96734c1b1c.flv,7dd1b7a83128fb78f018c557d918b0670989457e.mp4	(0, 0)
7b2158aad4ea2e6c8f149bb869801b96734c1b1c.flv,7dd1b7a83128fb78f018c557d918b0670989457e.mp4	
7b2158aad4ea2e6c8f149bb869801b96734c1b1c.flv,7dd1b7a83128fb78f018c557d918b0670989457e.mp4	(3, 4)(4, 6)(8, 9)(9, 10)(10, 11)(11, 13)
7b2158aad4ea2e6c8f149bb869801b96734c1b1c.flv,8870293c58fbed9cc03a738577e5802164199d8b.flv	(0, 0)
7b2158aad4ea2e6c8f149bb869801b96734c1b1c.flv,8870293c58fbed9cc03a738577e5802164199d8b.flv	(1, 2)
7b2158aad4ea2e6c8f149bb869801b96734c1b1c.flv,8870293c58fbed9cc03a738577e5802164199d8b.flv	(3, 4)(4, 6)(5, 8)(6, 9)(8, 11)(10, 12)
7b2158aad4ea2e6c8f149bb869801b96734c1b1c.flv,8c207ab5a07d12d37dcb666ee8b69c3357bc07fb.flv	(0, 0)
7b2158aad4ea2e6c8f149bb869801b96734c1b1c.flv,8c207ab5a07d12d37dcb666ee8b69c3357bc07fb.flv	(4, 32)(6, 33)
7b2158aad4ea2e6c8f149bb869801b96734c1b1c.flv,8c207ab5a07d12d37dcb666ee8b69c3357bc07fb.flv	(4, 50)(5, 50)
7b2158aad4ea2e6c8f149bb869801b96734c1b1c.flv,8c207ab5a07d12d37dcb666ee8b69c3357bc07fb.flv	(8, 40)
7b2158aad4ea2e6c8f149bb869801b96734c1b1c.flv,8c207ab5a07d12d37dcb666ee8b69c3357bc07fb.flv	(8, 43)(12, 46)
7b2158aad4ea2e6c8f149bb869801b96734c1b1c.flv,8c207ab5a07d12d37dcb666ee8b69c3357bc07fb.flv	(11, 79)
7b2158aad4ea2e6c8f149bb869801b96734c1b1c.flv,8fb97b98e2f27c9f162d6c1d6c27806c84af8e8d.flv	(0, 3)
7b2158aad4ea2e6c8f149bb869801b96734c1b1c.flv,8fb97b98e2f27c9f162d6c1d6c27806c84af8e8d.flv	(1, 5)(2, 5)
7b2158aad4ea2e6c8f149bb869801b96734c1b1c.flv,8fb97b98e2f27c9f162d6c1d6c27806c84af8e8d.flv	(3, 6)(4, 8)(6, 10)(8, 12)
7b2158aad4ea2e6c8f149bb869801b96734c1b1c.flv,97429f47c45ec4da9849b7f4df36e22939649158.mp4	(0, 1)
7b2158aad4ea2e6c8f149bb869801b96734c1b1c.flv,97429f47c45ec4da9849b7f4df36e22939649158.mp4	(1, 3)
7b2158aad4ea2e6c8f149bb869801b96734c1b1c.flv,97429f47c45ec4da9849b7f4df36e22939649158.mp4	(4, 6)(8, 11)(11, 15)(12, 16)
7b2158aad4ea2e6c8f149bb869801b96734c1b1c.flv,9c1d7e91288e07083e4456f8fe6b771aba039ed1.flv	(0, 0)
7b2158aad4ea2e6c8f149bb869801b96734c1b1c.flv,9c1d7e91288e07083e4456f8fe6b771aba039ed1.flv	(1, 2)(2, 3)
7b2158aad4ea2e6c8f149bb869801b96734c1b1c.flv,9c1d7e91288e07083e4456f8fe6b771aba039ed1.flv	(3, 4)(8, 12)(9, 13)(10, 14)(11, 16)(12, 17)
7b2158aad4ea2e6c8f149bb869801b96734c1b1c.flv,b3205b97de392174f3905831fc0dba5724fdabf1.flv	(2, 2)
7b2158aad4ea2e6c8f149bb869801b96734c1b1c.flv,b3205b97de392174f3905831fc0dba5724fdabf1.flv	(3, 4)(4, 5)(6, 6)(8, 9)(12, 14)
7b2158aad4ea2e6c8f149bb869801b96734c1b1c.flv,b581ea1130d0c4c9af02e98dcb887cb8d58350e8.flv	(0, 0)
7b2158aad4ea2e6c8f149bb869801b96734c1b1c.flv,b581ea1130d0c4c9af02e98dcb887cb8d58350e8.flv	(1, 2)(2, 2)
7b2158aad4ea2e6c8f149bb869801b96734c1b1c.flv,b581ea1130d0c4c9af02e98dcb887cb8d58350e8.flv	(3, 3)(4, 5)(6, 6)(8, 8)(9, 9)(12, 13)
7b2158aad4ea2e6c8f149bb869801b96734c1b1c.flv,bbdbe357f408fb84d5f57c1522a90504f3162d6f.flv	(2, 2)
7b2158aad4ea2e6c8f149bb869801b96734c1b1c.flv,bbdbe357f408fb84d5f57c1522a90504f3162d6f.flv	(7, 6)(8, 7)
7b2158aad4ea2e6c8f149bb869801b96734c1b1c.flv,bbdbe357f408fb84d5f57c1522a90504f3162d6f.flv	(8, 9)
7b2158aad4ea2e6c8f149bb869801b96734c1b1c.flv,bbdbe357f408fb84d5f57c1522a90504f3162d6f.flv	(11, 11)
7b2158aad4ea2e6c8f149bb869801b96734c1b1c.flv,be51dbc2d72ae574934de1b972b18037dba73b8e.flv	(1, 2)(2, 2)
7b2158aad4ea2e6c8f149bb869801b96734c1b1c.flv,bf9df08bb9164d1b971557a9b9f6140096c92b0c.mp4	(7, 56)(8, 57)
7b2158aad4ea2e6c8f149bb869801b96734c1b1c.flv,cac9dff859597360de5a5f011139c845c0d08e6c.flv	(0, 0)
7b2158aad4ea2e6c8f149bb869801b96734c1b1c.flv,cac9dff859597360de5a5f011139c845c0d08e6c.flv	(1, 2)(2, 3)
7b2158aad4ea2e6c8f149bb869801b96734c1b1c.flv,cac9dff859597360de5a5f011139c845c0d08e6c.flv	(3, 4)(4, 7)(8, 11)(9, 12)(10, 13)(11, 15)(12, 16)
7b2158aad4ea2e6c8f149bb869801b96734c1b1c.flv,caec7bae88f5b5d60a08487e9d9a8cd27251c64e.flv	(0, 6)
7b2158aad4ea2e6c8f149bb869801b96734c1b1c.flv,caec7bae88f5b5d60a08487e9d9a8cd27251c64e.flv	(1, 8)(2, 9)
7b2158aad4ea2e6c8f149bb869801b96734c1b1c.flv,caec7bae88f5b5d60a08487e9d9a8cd27251c64e.flv	(6, 14)(7, 15)(8, 17)(12, 21)(13, 22)
7b2158aad4ea2e6c8f149bb869801b96734c1b1c.flv,f7ba4ea780e11256ed5439e33d169eb242a8a18f.flv	(11, 8)(12, 9)
7c9d142bf1b1ede846c059117f422b1c8ea6bb9e.mp4,7c9d142bf1b1ede846c059117f422b1c8ea6bb9e.mp4	(0, 0)(1, 1)(2, 2)(3, 3)(4, 4)(5, 5)(6, 6)(7, 7)(8, 8)(9, 9)(10, 10)(11, 11)(12, 12)(13, 13)(14, 14)(15, 15)(16, 16)(17, 17)(18, 18)(19, 19)(20, 20)(21, 21)(22, 22)(23, 23)(24, 24)
7c9d142bf1b1ede846c059117f422b1c8ea6bb9e.mp4,7dd1b7a83128fb78f018c557d918b0670989457e.mp4	(1, 0)
7c9d142bf1b1ede846c059117f422b1c8ea6bb9e.mp4,7dd1b7a83128fb78f018c557d918b0670989457e.mp4	(5, 4)(6, 5)(7, 6)(10, 7)(11, 8)(13, 9)(15, 10)(16, 12)(17, 13)
7c9d142bf1b1ede846c059117f422b1c8ea6bb9e.mp4,8870293c58fbed9cc03a738577e5802164199d8b.flv	(1, 0)(2, 1)(3, 2)(5, 4)(6, 5)(7, 6)(8, 8)(10, 9)(16, 13)(19, 17)
7c9d142bf1b1ede846c059117f422b1c8ea6bb9e.mp4,8c207ab5a07d12d37dcb666ee8b69c3357bc07fb.flv	(1, 0)(2, 1)
7c9d142bf1b1ede846c059117f422b1c8ea6bb9e.mp4,8c207ab5a07d12d37dcb666ee8b69c3357bc07fb.flv	(7, 32)
7c9d142bf1b1ede846c059117f422b1c8ea6bb9e.mp4,8c207ab5a07d12d37dcb666ee8b69c3357bc07fb.flv	(7, 50)(8, 50)
7c9d142bf1b1ede846c059117f422b1c8ea6bb9e.mp4,8c207ab5a07d12d37dcb666ee8b69c3357bc07fb.flv	
7c9d142bf1b1ede846c059117f422b1c8ea6bb9e.mp4,8c207ab5a07d12d37dcb666ee8b69c3357bc07fb.flv	(17, 45)(18, 46)
7c9d142bf1b1ede846c059117f422b1c8ea6bb9e.mp4,8c207ab5a07d12d37dcb666ee8b69c3357bc07fb.flv	(17, 79)
7c9d142bf1b1ede846c059117f422b1c8ea6bb9e.mp4,8c207ab5a07d12d37dcb666ee8b69c3357bc07fb.flv	(17, 79)
7c9d142bf1b1ede846c059117f422b1c8ea6bb9e.mp4,8fb97b98e2f27c9f162d6c1d6c27806c84af8e8d.flv	(1, 3)(2, 4)(4, 5)(5, 6)(6, 7)(7, 8)(10, 10)(13, 12)(15, 13)(16, 14)(19, 17)
7c9d142bf1b1ede846c059117f422b1c8ea6bb9e.mp4,97429f47c45ec4da9849b7f4df36e22939649158.mp4	(0, 0)(1, 1)(2, 2)(3, 3)(5, 5)(6, 6)(8, 7)(9, 8)(13, 12)(14, 13)(15, 15)(17, 16)(18, 17)(19, 20)
7c9d142bf1b1ede846c059117f422b1c8ea6bb9e.mp4,9c1d7e91288e07083e4456f8fe6b771aba039ed1.flv	(1, 0)(2, 1)(3, 2)(4, 3)(5, 4)(6, 5)(8, 9)(10, 10)(13, 12)(15, 13)(16, 15)(17, 16)(18, 17)(19, 19)
7c9d142bf1b1ede846c059117f422b1c8ea6bb9e.mp4,b3205b97de392174f3905831fc0dba5724fdabf1.flv	(2, 0)(5, 4)(7, 5)(13, 10)(15, 11)(16, 12)(19, 17)
7c9d142bf1b1ede846c059117f422b1c8ea6bb9e.mp4,b581ea1130d0c4c9af02e98dcb887cb8d58350e8.flv	(1, 0)(2, 1)(4, 2)(5, 3)(6, 4)(7, 5)(10, 6)(13, 8)(15, 9)(16, 10)(17, 11)(18, 13)(19, 14)
7c9d142bf1b1ede846c059117f422b1c8ea6bb9e.mp4,bbdbe357f408fb84d5f57c1522a90504f3162d6f.flv	(4, 2)
7c9d142bf1b1ede846c059117f422b1c8ea6bb9e.mp4,bbdbe357f408fb84d5f57c1522a90504f3162d6f.flv	(10, 6)(11, 7)
7c9d142bf1b1ede846c059117f422b1c8ea6bb9e.mp4,bbdbe357f408fb84d5f57c1522a90504f3162d6f.flv	(13, 9)
7c9d142bf1b1ede846c059117f422b1c8ea6bb9e.mp4,bbdbe357f408fb84d5f57c1522a90504f3162d6f.flv	(17, 11)
7c9d142bf1b1ede846c059117f422b1c8ea6bb9e.mp4,bbdbe357f408fb84d5f57c1522a90504f3162d6f.flv	(17, 11)
7c9d142bf1b1ede846c059117f422b1c8ea6bb9e.mp4,be51dbc2d72ae574934de1b972b18037dba73b8e.flv	(1, 0)(2, 1)(3, 2)(5, 4)(7, 5)(13, 10)(15, 12)(16, 13)(17, 14)(18, 15)(19, 17)
7c9d142bf1b1ede846c059117f422b1c8ea6bb9e.mp4,bf9df08bb9164d1b971557a9b9f6140096c92b0c.mp4	(10, 56)(13, 57)
7c9d142bf1b1ede846c059117f422b1c8ea6bb9e.mp4,cac9dff859597360de5a5f011139c845c0d08e6c.flv	(1, 0)(2, 1)(3, 2)(4, 3)(5, 4)(6, 5)(7, 7)(8, 8)(10, 9)(13, 11)(15, 12)(16, 14)(17, 15)(18, 16)(19, 17)
7c9d142bf1b1ede846c059117f422b1c8ea6bb9e.mp4,caec7bae88f5b5d60a08487e9d9a8cd27251c64e.flv	(1, 6)(2, 7)(3, 8)(4, 9)(5, 10)(6, 11)(7, 12)(8, 14)(10, 15)(13, 17)(15, 18)(16, 20)(19, 23)
7c9d142bf1b1ede846c059117f422b1c8ea6bb9e.mp4,f7ba4ea780e11256ed5439e33d169eb242a8a18f.flv	(7, 7)
7dd1b7a83128fb78f018c557d918b0670989457e.mp4,7dd1b7a83128fb78f018c557d918b0670989457e.mp4	(0, 0)(1, 1)(2, 2)(3, 3)(4, 4)(5, 5)(6, 6)(7, 7)(8, 8)(9, 9)(10, 10)(11, 11)(12, 12)(13, 13)(14, 14)(15, 15)(16, 16)
7dd1b7a83128fb78f018c557d918b0670989457e.mp4,8870293c58fbed9cc03a738577e5802164199d8b.flv	(0, 0)
7dd1b7a83128fb78f018c557d918b0670989457e.mp4,8870293c58fbed9cc03a738577e5802164199d8b.flv	(2, 2)(3, 3)(4, 4)(5, 5)(6, 6)(7, 9)(9, 11)(11, 12)(12, 13)(13, 14)
7dd1b7a83128fb78f018c557d918b0670989457e.mp4,8c207ab5a07d12d37dcb666ee8b69c3357bc07fb.flv	(0, 0)
7dd1b7a83128fb78f018c557d918b0670989457e.mp4,8c207ab5a07d12d37dcb666ee8b69c3357bc07fb.flv	(6, 32)(7, 33)
7dd1b7a83128fb78f018c557d918b0670989457e.mp4,8c207ab5a07d12d37dcb666ee8b69c3357bc07fb.flv	(6, 50)
7dd1b7a83128fb78f018c557d918b0670989457e.mp4,8c207ab5a07d12d37dcb666ee8b69c3357bc07fb.flv	(9, 40)
7dd1b7a83128fb78f018c557d918b0670989457e.mp4,8c207ab5a07d12d37dcb666ee8b69c3357bc07fb.flv	(9, 43)(11, 44)(12, 44)(13, 45)(13, 46)
7dd1b7a83128fb78f018c557d918b0670989457e.mp4,8c207ab5a07d12d37dcb666ee8b69c3357bc07fb.flv	(13, 79)
7dd1b7a83128fb78f018c557d918b0670989457e.mp4,8fb97b98e2f27c9f162d6c1d6c27806c84af8e8d.flv	(0, 3)
7dd1b7a83128fb78f018c557d918b0670989457e.mp4,8fb97b98e2f27c9f162d6c1d6c27806c84af8e8d.flv	(2, 5)(4, 6)(5, 7)(6, 8)(7, 10)(9, 12)(10, 13)(12, 14)(13, 15)
7dd1b7a83128fb78f018c557d918b0670989457e.mp4,97429f47c45ec4da9849b7f4df36e22939649158.mp4	(0, 1)
7dd1b7a83128fb78f018c557d918b0670989457e.mp4,97429f47c45ec4da9849b7f4df36e22939649158.mp4	(2, 3)(3, 4)(4, 5)(9, 12)(13, 16)
7dd1b7a83128fb78f018c557d918b0670989457e.mp4,9c1d7e91288e07083e4456f8fe6b771aba039ed1.flv	(0, 0)
7dd1b7a83128fb78f018c557d918b0670989457e.mp4,9c1d7e91288e07083e4456f8fe6b771aba039ed1.flv	(2, 2)(4, 4)(5, 5)(9, 12)(10, 13)(11, 14)(12, 15)(13, 16)
7dd1b7a83128fb78f018c557d918b0670989457e.mp4,b3205b97de392174f3905831fc0dba5724fdabf1.flv	(1, 1)(2, 2)(3, 3)(4, 4)(6, 5)(7, 6)(10, 11)(12, 12)(13, 14)
7dd1b7a83128fb78f018c557d918b0670989457e.mp4,b581ea1130d0c4c9af02e98dcb887cb8d58350e8.flv	(0, 0)
7dd1b7a83128fb78f018c557d918b0670989457e.mp4,b581ea1130d0c4c9af02e98dcb887cb8d58350e8.flv	(2, 2)(4, 3)(5, 4)(6, 5)(7, 6)(9, 8)(10, 9)(12, 10)(13, 12)
7dd1b7a83128fb78f018c557d918b0670989457e.mp4,bbdbe357f408fb84d5f57c1522a90504f3162d6f.flv	(2, 2)(3, 2)
7dd1b7a83128fb78f018c557d918b0670989457e.mp4,bbdbe357f408fb84d5f57c1522a90504f3162d6f.flv	(7, 6)(8, 7)
7dd1b7a83128fb78f018c557d918b0670989457e.mp4,bbdbe357f408fb84d5f57c1522a90504f3162d6f.flv	(9, 9)
7dd1b7a83128fb78f018c557d918b0670989457e.mp4,bbdbe357f408fb84d5f57c1522a90504f3162d6f.flv	(13, 11)
7dd1b7a83128fb78f018c557d918b0670989457e.mp4,be51dbc2d72ae574934de1b972b18037dba73b8e.flv	(0, 0)
7dd1b7a83128fb78f018c557d918b0670989457e.mp4,be51dbc2d72ae574934de1b972b18037dba73b8e.flv	(2, 2)(4, 4)(6, 5)(7, 6)(8, 8)(9, 9)(13, 14)
7dd1b7a83128fb78f018c557d918b0670989457e.mp4,bf9df08bb9164d1b971557a9b9f6140096c92b0c.mp4	(7, 56)(9, 57)
7dd1b7a83128fb78f018c557d918b0670989457e.mp4,cac9dff859597360de5a5f011139c845c0d08e6c.flv	(0, 0)
7dd1b7a83128fb78f018c557d918b0670989457e.mp4,cac9dff859597360de5a5f011139c845c0d08e6c.flv	(2, 2)(4, 4)(5, 5)(6, 7)(9, 11)(10, 12)(11, 13)(12, 14)(13, 15)
7dd1b7a83128fb78f018c557d918b0670989457e.mp4,caec7bae88f5b5d60a08487e9d9a8cd27251c64e.flv	(0, 6)
7dd1b7a83128fb78f018c557d918b0670989457e.mp4,caec7bae88f5b5d60a08487e9d9a8cd27251c64e.flv	(2, 8)(5, 11)(6, 12)(9, 17)(10, 18)(11, 19)(12, 20)(13, 21)
7dd1b7a83128fb78f018c557d918b0670989457e.mp4,f7ba4ea780e11256ed5439e33d169eb242a8a18f.flv	
8870293c58fbed9cc03a738577e5802164199d8b.flv,8870293c58fbed9cc03a738577e5802164199d8b.flv	(0, 0)(1, 1)(2, 2)(3, 3)(4, 4)(5, 5)(6, 6)(7, 7)(8, 8)(9, 9)(10, 10)(11, 11)(12, 12)(13, 13)(14, 14)(15, 15)(16, 16)(17, 17)(18, 18)(19, 19)(20, 20)(21, 21)
8870293c58fbed9cc03a738577e5802164199d8b.flv,8c207ab5a07d12d37dcb666ee8b69c3357bc07fb.flv	(0, 0)(1, 1)
8870293c58fbed9cc03a738577e5802164199d8b.flv,8c207ab5a07d12d37dcb666ee8b69c3357bc07fb.flv	(9, 33)
8870293c58fbed9cc03a738577e5802164199d8b.flv,8c207ab5a07d12d37dcb666ee8b69c3357bc07fb.flv	(8, 50)
8870293c58fbed9cc03a738577e5802164199d8b.flv,8c207ab5a07d12d37dcb666ee8b69c3357bc07fb.flv	(11, 40)
8870293c58fbed9cc03a738577e5802164199d8b.flv,8c207ab5a07d12d37dcb666ee8b69c3357bc07fb.flv	(11, 43)(12, 44)(14, 46)
8870293c58fbed9cc03a738577e5802164199d8b.flv,8c207ab5a07d12d37dcb666ee8b69c3357bc07fb.flv	(14, 79)
8870293c58fbed9cc03a738577e5802164199d8b.flv,8fb97b98e2f27c9f162d6c1d6c27806c84af8e8d.flv	(0, 3)(1, 4)(2, 5)(4, 6)(5, 7)(6, 8)(9, 10)(10, 11)(11, 12)(13, 14)(14, 15)(16, 16)(17, 17)(18, 18)(19, 19)(21, 20)
8870293c58fbed9cc03a738577e5802164199d8b.flv,97429f47c45ec4da9849b7f4df36e22939649158.mp4	(0, 1)(1, 2)(2, 3)(4, 5)(5, 6)(14, 17)(17, 20)
8870293c58fbed9cc03a738577e5802164199d8b.flv,9c1d7e91288e07083e4456f8fe6b771aba039ed1.flv	(0, 0)(1, 1)(2, 2)(4, 4)(5, 5)(6, 6)(9, 10)(10, 11)(11, 12)(12, 14)(13, 15)(14, 16)(17, 19)(18, 20)(19, 21)(20, 22)(21, 23)
8870293c58fbed9cc03a738577e5802164199d8b.flv,b3205b97de392174f3905831fc0dba5724fdabf1.flv	(1, 0)(2, 2)(3, 3)(4, 4)(9, 6)(14, 14)(17, 17)(19, 19)(21, 21)
8870293c58fbed9cc03a738577e5802164199d8b.flv,b581ea1130d0c4c9af02e98dcb887cb8d58350e8.flv	(0, 0)(1, 1)(2, 2)(4, 3)(5, 4)(6, 5)(9, 6)(10, 7)(11, 8)(12, 10)(14, 12)(16, 13)(17, 14)(18, 15)(19, 15)
8870293c58fbed9cc03a738577e5802164199d8b.flv,bbdbe357f408fb84d5f57c1522a90504f3162d6f.flv	(2, 2)(3, 2)
8870293c58fbed9cc03a738577e5802164199d8b.flv,bbdbe357f408fb84d5f57c1522a90504f3162d6f.flv	(10, 6)(11, 7)
8870293c58fbed9cc03a738577e5802164199d8b.flv,bbdbe357f408fb84d5f57c1522a90504f3162d6f.flv	(11, 9)
8870293c58fbed9cc03a738577e5802164199d8b.flv,bbdbe357f408fb84d5f57c1522a90504f3162d6f.flv	(14, 11)
8870293c58fbed9cc03a738577e5802164199d8b.flv,be51dbc2d72ae574934de1b972b18037dba73b8e.flv	(0, 0)(1, 1)(2, 2)(4, 4)(9, 6)(13, 13)(14, 15)(16, 16)(17, 17)
8870293c58fbed9cc03a738577e5802164199d8b.flv,bf9df08bb9164d1b971557a9b9f6140096c92b0c.mp4	(9, 56)(11, 57)
8870293c58fbed9cc03a738577e5802164199d8b.flv,cac9dff859597360de5a5f011139c845c0d08e6c.flv	(0, 0)(1, 1)(2, 2)(4, 4)(5, 5)(6, 7)(9, 9)(10, 10)(11, 11)(12, 13)(13, 14)(14, 15)(17, 17)(18, 18)(19, 19)(20, 20)(21, 21)
8870293c58fbed9cc03a738577e5802164199d8b.flv,caec7bae88f5b5d60a08487e9d9a8cd27251c64e.flv	(0, 6)(1, 7)(2, 8)(4, 10)(5, 11)(6, 12)(7, 13)(8, 14)(9, 15)(10, 16)(11, 17)(12, 19)(13, 20)(14, 21)(17, 23)(18, 24)(19, 25)(21, 27)
8870293c58fbed9cc03a738577e5802164199d8b.flv,f7ba4ea780e11256ed5439e33d169eb242a8a18f.flv	(6, 7)
8c207ab5a07d12d37dcb666ee8b69c3357bc07fb.flv,8c207ab5a07d12d37dcb666ee8b69c3357bc07fb.flv	(0, 0)(1, 1)(2, 2)(3, 3)(4, 4)(5, 5)(6, 6)(7, 7)(8, 8)(9, 9)(10, 10)(11, 11)(12, 12)(13, 13)(14, 14)(15, 15)(16, 16)(17, 17)(18, 18)(19, 19)(20, 20)(21, 21)(22, 22)(23, 23)(24, 24)(25, 25)(26, 26)(27, 27)(28, 28)(29, 29)(30, 30)(31, 31)(32, 32)(33, 33)(34, 34)(35, 35)(36, 36)(37, 37)(38, 38)(39, 39)(40, 40)(41, 41)(42, 42)(43, 43)(44, 44)(45, 45)(46, 46)(47, 47)(48, 48)(49, 49)(50, 50)(51, 51)(52, 52)(53, 53)(54, 54)(55, 55)(56, 56)(57, 57)(58, 58)(59, 59)(60, 60)(61, 61)(62, 62)(63, 63)(64, 64)(65, 65)(66, 66)(67, 67)(68, 68)(69, 69)(70, 70)(71, 71)(72, 72)(73, 73)(74, 74)(75, 75)(76, 76)(77, 77)(78, 78)(79, 79)(80, 80)(81, 81)
8c207ab5a07d12d37dcb666ee8b69c3357bc07fb.flv,8fb97b98e2f27c9f162d6c1d6c27806c84af8e8d.flv	(0, 3)(1, 4)
8c207ab5a07d12d37dcb666ee8b69c3357bc07fb.flv,8fb97b98e2f27c9f162d6c1d6c27806c84af8e8d.flv	(33, 10)
8c207ab5a07d12d37dcb666ee8b69c3357bc07fb.flv,8fb97b98e2f27c9f162d6c1d6c27806c84af8e8d.flv	(40, 12)
8c207ab5a07d12d37dcb666ee8b69c3357bc07fb.flv,8fb97b98e2f27c9f162d6c1d6c27806c84af8e8d.flv	(43, 12)(46, 15)
8c207ab5a07d12d37dcb666ee8b69c3357bc07fb.flv,8fb97b98e2f27c9f162d6c1d6c27806c84af8e8d.flv	(50, 9)
8c207ab5a07d12d37dcb666ee8b69c3357bc07fb.flv,8fb97b98e2f27c9f162d6c1d6c27806c84af8e8d.flv	(79, 15)
8c207ab5a07d12d37dcb666ee8b69c3357bc07fb.flv,97429f47c45ec4da9849b7f4df36e22939649158.mp4	(0, 1)
8c207ab5a07d12d37dcb666ee8b69c3357bc07fb.flv,97429f47c45ec4da9849b7f4df36e22939649158.mp4	(32, 7)
8c207ab5a07d12d37dcb666ee8b69c3357bc07fb.flv,97429f47c45ec4da9849b7f4df36e22939649158.mp4	(50, 7)
8c207ab5a07d12d37dcb666ee8b69c3357bc07fb.flv,97429f47c45ec4da9849b7f4df36e22939649158.mp4	(79, 15)
8c207ab5a07d12d37dcb666ee8b69c3357bc07fb.flv,9c1d7e91288e07083e4456f8fe6b771aba039ed1.flv	(0, 0)
8c207ab5a07d12d37dcb666ee8b69c3357bc07fb.flv,9c1d7e91288e07083e4456f8fe6b771aba039ed1.flv	(33, 9)
8c207ab5a07d12d37dcb666ee8b69c3357bc07fb.flv,9c1d7e91288e07083e4456f8fe6b771aba039ed1.flv	(40, 12)
8c207ab5a07d12d37dcb666ee8b69c3357bc07fb.flv,9c1d7e91288e07083e4456f8fe6b771aba039ed1.flv	(43, 12)(44, 14)(46, 17)
8c207ab5a07d12d37dcb666ee8b69c3357bc07fb.flv,9c1d7e91288e07083e4456f8fe6b771aba039ed1.flv	(50, 8)
8c207ab5a07d12d37dcb666ee8b69c3357bc07fb.flv,9c1d7e91288e07083e4456f8fe6b771aba039ed1.flv	(79, 16)
8c207ab5a07d12d37dcb666ee8b69c3357bc07fb.flv,b3205b97de392174f3905831fc0dba5724fdabf1.flv	(32, 5)(33, 6)
8c207ab5a07d12d37dcb666ee8b69c3357bc07fb.flv,b3205b97de392174f3905831fc0dba5724fdabf1.flv	(40, 9)
8c207ab5a07d12d37dcb666ee8b69c3357bc07fb.flv,b3205b97de392174f3905831fc0dba5724fdabf1.flv	(44, 12)(45, 13)(46, 14)
8c207ab5a07d12d37dcb666ee8b69c3357bc07fb.flv,b3205b97de392174f3905831fc0dba5724fdabf1.flv	(50, 5)
8c207ab5a07d12d37dcb666ee8b69c3357bc07fb.flv,b3205b97de392174f3905831fc0dba5724fdabf1.flv	(79, 14)
8c207ab5a07d12d37dcb666ee8b69c3357bc07fb.flv,b581ea1130d0c4c9af02e98dcb887cb8d58350e8.flv	(0, 0)
8c207ab5a07d12d37dcb666ee8b69c3357bc07fb.flv,b581ea1130d0c4c9af02e98dcb887cb8d58350e8.flv	(32, 5)(33, 6)
8c207ab5a07d12d37dcb666ee8b69c3357bc07fb.flv,b581ea1130d0c4c9af02e98dcb887cb8d58350e8.flv	(40, 8)
8c207ab5a07d12d37dcb666ee8b69c3357bc07fb.flv,b581ea1130d0c4c9af02e98dcb887cb8d58350e8.flv	(43, 8)(44, 10)(45, 11)(46, 12)
8c207ab5a07d12d37dcb666ee8b69c3357bc07fb.flv,b581ea1130d0c4c9af02e98dcb887cb8d58350e8.flv	(50, 5)
8c207ab5a07d12d37dcb666ee8b69c3357bc07fb.flv,b581ea1130d0c4c9af02e98dcb887cb8d58350e8.flv	(79, 12)
8c207ab5a07d12d37dcb666ee8b69c3357bc07fb.flv,bbdbe357f408fb84d5f57c1522a90504f3162d6f.flv	(40, 7)
8c207ab5a07d12d37dcb666ee8b69c3357bc07fb.flv,bbdbe357f408fb84d5f57c1522a90504f3162d6f.flv	(43, 7)
8c207ab5a07d12d37dcb666ee8b69c3357bc07fb.flv,bbdbe357f408fb84d5f57c1522a90504f3162d6f.flv	(43, 9)
8c207ab5a07d12d37dcb666ee8b69c3357bc07fb.flv,bbdbe357f408fb84d5f57c1522a90504f3162d6f.flv	(46, 11)
8c207ab5a07d12d37dcb666ee8b69c3357bc07fb.flv,bbdbe357f408fb84d5f57c1522a90504f3162d6f.flv	(79, 11)
8c207ab5a07d12d37dcb666ee8b69c3357bc07fb.flv,be51dbc2d72ae574934de1b972b18037dba73b8e.flv	(0, 0)
8c207ab5a07d12d37dcb666ee8b69c3357bc07fb.flv,be51dbc2d72ae574934de1b972b18037dba73b8e.flv	(32, 5)
8c207ab5a07d12d37dcb666ee8b69c3357bc07fb.flv,be51dbc2d72ae574934de1b972b18037dba73b8e.flv	(40, 9)
8c207ab5a07d12d37dcb666ee8b69c3357bc07fb.flv,be51dbc2d72ae574934de1b972b18037dba73b8e.flv	(45, 14)(46, 15)
8c207ab5a07d12d37dcb666ee8b69c3357bc07fb.flv,be51dbc2d72ae574934de1b972b18037dba73b8e.flv	(50, 5)
8c207ab5a07d12d37dcb666ee8b69c3357bc07fb.flv,be51dbc2d72ae574934de1b972b18037dba73b8e.flv	(79, 15)
8c207ab5a07d12d37dcb666ee8b69c3357bc07fb.flv,bf9df08bb9164d1b971557a9b9f6140096c92b0c.mp4	(43, 57)
8c207ab5a07d12d37dcb666ee8b69c3357bc07fb.flv,cac9dff859597360de5a5f011139c845c0d08e6c.flv	(0, 0)
8c207ab5a07d12d37dcb666ee8b69c3357bc07fb.flv,cac9dff859597360de5a5f011139c845c0d08e6c.flv	(32, 7)(33, 8)
8c207ab5a07d12d37dcb666ee8b69c3357bc07fb.flv,cac9dff859597360de5a5f011139c845c0d08e6c.flv	(40, 11)
8c207ab5a07d12d37dcb666ee8b69c3357bc07fb.flv,cac9dff859597360de5a5f011139c845c0d08e6c.flv	(43, 11)(44, 13)(46, 16)
8c207ab5a07d12d37dcb666ee8b69c3357bc07fb.flv,cac9dff859597360de5a5f011139c845c0d08e6c.flv	(50, 7)
8c207ab5a07d12d37dcb666ee8b69c3357bc07fb.flv,cac9dff859597360de5a5f011139c845c0d08e6c.flv	(79, 15)
8c207ab5a07d12d37dcb666ee8b69c3357bc07fb.flv,caec7bae88f5b5d60a08487e9d9a8cd27251c64e.flv	(0, 6)
8c207ab5a07d12d37dcb666ee8b69c3357bc07fb.flv,caec7bae88f5b5d60a08487e9d9a8cd27251c64e.flv	
8c207ab5a07d12d37dcb666ee8b69c3357bc07fb.flv,caec7bae88f5b5d60a08487e9d9a8cd27251c64e.flv	(40, 17)
8c207ab5a07d12d37dcb666ee8b69c3357bc07fb.flv,caec7bae88f5b5d60a08487e9d9a8cd27251c64e.flv	(43, 17)(44, 19)(46, 21)
8c207ab5a07d12d37dcb666ee8b69c3357bc07fb.flv,caec7bae88f5b5d60a08487e9d9a8cd27251c64e.flv	(50, 13)(50, 14)
8c207ab5a07d12d37dcb666ee8b69c3357bc07fb.flv,caec7bae88f5b5d60a08487e9d9a8cd27251c64e.flv	(79, 21)
8fb97b98e2f27c9f162d6c1d6c27806c84af8e8d.flv,8fb97b98e2f27c9f162d6c1d6c27806c84af8e8d.flv	(0, 0)(1, 1)(2, 2)(3, 3)(4, 4)(5, 5)(6, 6)(7, 7)(8, 8)(9, 9)(10, 10)(11, 11)(12, 12)(13, 13)(14, 14)(15, 15)(16, 16)(17, 17)(18, 18)(19, 19)(20, 20)(21, 21)
8fb97b98e2f27c9f162d6c1d6c27806c84af8e8d.flv,97429f47c45ec4da9849b7f4df36e22939649158.mp4	(3, 1)(4, 2)(5, 3)(6, 5)(7, 6)(12, 12)(13, 15)(15, 17)(16, 18)(17, 20)
8fb97b98e2f27c9f162d6c1d6c27806c84af8e8d.flv,9c1d7e91288e07083e4456f8fe6b771aba039ed1.flv	(3, 0)(4, 1)(6, 4)(7, 5)(8, 6)(9, 8)(10, 10)(11, 11)(12, 12)(13, 13)(14, 15)(15, 16)(17, 19)(18, 20)(19, 21)(20, 23)
8fb97b98e2f27c9f162d6c1d6c27806c84af8e8d.flv,b3205b97de392174f3905831fc0dba5724fdabf1.flv	(4, 0)(5, 2)(6, 4)(10, 6)(12, 10)(13, 11)(15, 14)(16, 15)(17, 17)(18, 18)(19, 19)(20, 21)
8fb97b98e2f27c9f162d6c1d6c27806c84af8e8d.flv,b581ea1130d0c4c9af02e98dcb887cb8d58350e8.flv	(3, 0)(4, 1)(5, 2)(6, 3)(7, 4)(8, 5)(10, 6)(11, 7)(12, 8)(13, 9)(15, 12)(16, 13)(17, 14)(18, 15)
8fb97b98e2f27c9f162d6c1d6c27806c84af8e8d.flv,bbdbe357f408fb84d5f57c1522a90504f3162d6f.flv	(5, 2)
8fb97b98e2f27c9f162d6c1d6c27806c84af8e8d.flv,bbdbe357f408fb84d5f57c1522a90504f3162d6f.flv	(11, 6)(12, 7)
8fb97b98e2f27c9f162d6c1d6c27806c84af8e8d.flv,bbdbe357f408fb84d5f57c1522a90504f3162d6f.flv	(12, 9)
8fb97b98e2f27c9f162d6c1d6c27806c84af8e8d.flv,bbdbe357f408fb84d5f57c1522a90504f3162d6f.flv	(15, 11)
8fb97b98e2f27c9f162d6c1d6c27806c84af8e8d.flv,be51dbc2d72ae574934de1b972b18037dba73b8e.flv	(3, 0)(4, 1)(5, 2)(6, 4)(10, 6)(13, 12)(14, 13)(15, 15)(16, 16)(17, 17)(19, 19)(20, 21)
8fb97b98e2f27c9f162d6c1d6c27806c84af8e8d.flv,bf9df08bb9164d1b971557a9b9f6140096c92b0c.mp4	(10, 56)(12, 57)
8fb97b98e2f27c9f162d6c1d6c27806c84af8e8d.flv,cac9dff859597360de5a5f011139c845c0d08e6c.flv	(3, 0)(4, 1)(6, 4)(7, 5)(8, 7)(10, 9)(11, 10)(12, 11)(13, 12)(14, 14)(15, 15)(17, 17)(19, 19)(20, 21)
8fb97b98e2f27c9f162d6c1d6c27806c84af8e8d.flv,caec7bae88f5b5d60a08487e9d9a8cd27251c64e.flv	(3, 6)(4, 7)(6, 10)(7, 11)(8, 12)(11, 16)(12, 17)(13, 18)(14, 20)(15, 21)(16, 22)(17, 23)(20, 27)
8fb97b98e2f27c9f162d6c1d6c27806c84af8e8d.flv,f7ba4ea780e11256ed5439e33d169eb242a8a18f.flv	(8, 7)
97429f47c45ec4da9849b7f4df36e22939649158.mp4,97429f47c45ec4da9849b7f4df36e22939649158.mp4	(0, 0)(1, 1)(2, 2)(3, 3)(4, 4)(5, 5)(6, 6)(7, 7)(8, 8)(9, 9)(10, 10)(11, 11)(12, 12)(13, 13)(14, 14)(15, 15)(16, 16)(17, 17)(18, 18)(19, 19)(20, 20)
97429f47c45ec4da9849b7f4df36e22939649158.mp4,9c1d7e91288e07083e4456f8fe6b771aba039ed1.flv	(1, 0)(2, 1)(3, 2)(5, 4)(6, 5)(6, 6)(12, 12)(16, 16)(17, 17)(19, 18)(20, 19)
97429f47c45ec4da9849b7f4df36e22939649158.mp4,b3205b97de392174f3905831fc0dba5724fdabf1.flv	(2, 0)(3, 2)(12, 10)(15, 11)(17, 14)(18, 15)(19, 16)(20, 17)
97429f47c45ec4da9849b7f4df36e22939649158.mp4,b581ea1130d0c4c9af02e98dcb887cb8d58350e8.flv	(1, 0)(2, 1)(3, 2)(5, 3)(6, 4)(7, 5)(12, 8)(15, 9)(16, 11)(17, 12)(18, 13)(20, 14)
97429f47c45ec4da9849b7f4df36e22939649158.mp4,bbdbe357f408fb84d5f57c1522a90504f3162d6f.flv	(3, 2)(4, 2)
97429f47c45ec4da9849b7f4df36e22939649158.mp4,bbdbe357f408fb84d5f57c1522a90504f3162d6f.flv	(16, 11)
97429f47c45ec4da9849b7f4df36e22939649158.mp4,be51dbc2d72ae574934de1b972b18037dba73b8e.flv	(1, 0)(2, 1)(3, 2)(12, 10)(15, 12)(16, 14)(17, 15)(20, 17)
97429f47c45ec4da9849b7f4df36e22939649158.mp4,bf9df08bb9164d1b971557a9b9f6140096c92b0c.mp4	(12, 57)
97429f47c45ec4da9849b7f4df36e22939649158.mp4,cac9dff859597360de5a5f011139c845c0d08e6c.flv	(1, 0)(2, 1)(3, 2)(5, 4)(6, 5)(7, 7)(12, 11)(16, 15)(17, 16)(19, 17)
97429f47c45ec4da9849b7f4df36e22939649158.mp4,caec7bae88f5b5d60a08487e9d9a8cd27251c64e.flv	(1, 6)(2, 7)(3, 8)(4, 10)(12, 17)(17, 21)(18, 22)(19, 23)
97429f47c45ec4da9849b7f4df36e22939649158.mp4,f7ba4ea780e11256ed5439e33d169eb242a8a18f.flv	(16, 8)(17, 9)
9c1d7e91288e07083e4456f8fe6b771aba039ed1.flv,9c1d7e91288e07083e4456f8fe6b771aba039ed1.flv	(0, 0)(1, 1)(2, 2)(3, 3)(4, 4)(5, 5)(6, 6)(7, 7)(8, 8)(9, 9)(10, 10)(11, 11)(12, 12)(13, 13)(14, 14)(15, 15)(16, 16)(17, 17)(18, 18)(19, 19)(20, 20)(21, 21)(22, 22)(23, 23)
9c1d7e91288e07083e4456f8fe6b771aba039ed1.flv,b3205b97de392174f3905831fc0dba5724fdabf1.flv	(1, 0)(4, 4)(10, 6)(13, 11)(18, 16)(19, 17)(21, 19)(23, 21)
9c1d7e91288e07083e4456f8fe6b771aba039ed1.flv,b581ea1130d0c4c9af02e98dcb887cb8d58350e8.flv	(0, 0)(1, 1)(4, 3)(5, 4)(10, 6)(11, 7)(12, 8)(13, 9)(14, 10)(19, 14)(20, 15)(21, 15)
9c1d7e91288e07083e4456f8fe6b771aba039ed1.flv,bbdbe357f408fb84d5f57c1522a90504f3162d6f.flv	(3, 2)
9c1d7e91288e07083e4456f8fe6b771aba039ed1.flv,bbdbe357f408fb84d5f57c1522a90504f3162d6f.flv	(11, 6)(12, 7)
9c1d7e91288e07083e4456f8fe6b771aba039ed1.flv,bbdbe357f408fb84d5f57c1522a90504f3162d6f.flv	(12, 9)
9c1d7e91288e07083e4456f8fe6b771aba039ed1.flv,bbdbe357f408fb84d5f57c1522a90504f3162d6f.flv	(16, 11)
9c1d7e91288e07083e4456f8fe6b771aba039ed1.flv,be51dbc2d72ae574934de1b972b18037dba73b8e.flv	(0, 0)(1, 1)(2, 2)(4, 4)(13, 12)(15, 13)(19, 17)(23, 21)
9c1d7e91288e07083e4456f8fe6b771aba039ed1.flv,bf9df08bb9164d1b971557a9b9f6140096c92b0c.mp4	(10, 56)(12, 57)
9c1d7e91288e07083e4456f8fe6b771aba039ed1.flv,cac9dff859597360de5a5f011139c845c0d08e6c.flv	(0, 0)(1, 1)(2, 2)(3, 3)(4, 4)(5, 5)(9, 8)(10, 9)(11, 10)(12, 11)(13, 12)(14, 13)(15, 14)(16, 15)(17, 16)(20, 18)(21, 19)(22, 20)(23, 21)
9c1d7e91288e07083e4456f8fe6b771aba039ed1.flv,caec7bae88f5b5d60a08487e9d9a8cd27251c64e.flv	(0, 6)(1, 7)(2, 8)(3, 9)(4, 10)(5, 11)(6, 12)(9, 14)(10, 15)(11, 16)(12, 17)(13, 18)(14, 19)(15, 20)(16, 21)(19, 23)(20, 24)(21, 25)(23, 27)
9c1d7e91288e07083e4456f8fe6b771aba039ed1.flv,f7ba4ea780e11256ed5439e33d169eb242a8a18f.flv	
b3205b97de392174f3905831fc0dba5724fdabf1.flv,b3205b97de392174f3905831fc0dba5724fdabf1.flv	(0, 0)(1, 1)(2, 2)(3, 3)(4, 4)(5, 5)(6, 6)(7, 7)(8, 8)(9, 9)(10, 10)(11, 11)(12, 12)(13, 13)(14, 14)(15, 15)(16, 16)(17, 17)(18, 18)(19, 19)(20, 20)(21, 21)
b3205b97de392174f3905831fc0dba5724fdabf1.flv,b581ea1130d0c4c9af02e98dcb887cb8d58350e8.flv	(0, 1)(2, 2)(4, 3)(5, 5)(6, 6)(10, 8)(11, 9)(12, 10)(13, 11)(14, 12)(15, 13)(17, 14)(18, 15)
b3205b97de392174f3905831fc0dba5724fdabf1.flv,bbdbe357f408fb84d5f57c1522a90504f3162d6f.flv	(2, 2)
b3205b97de392174f3905831fc0dba5724fdabf1.flv,bbdbe357f408fb84d5f57c1522a90504f3162d6f.flv	(8, 6)(8, 7)
b3205b97de392174f3905831fc0dba5724fdabf1.flv,bbdbe357f408fb84d5f57c1522a90504f3162d6f.flv	(10, 9)
b3205b97de392174f3905831fc0dba5724fdabf1.flv,bbdbe357f408fb84d5f57c1522a90504f3162d6f.flv	(14, 11)
b3205b97de392174f3905831fc0dba5724fdabf1.flv,be51dbc2d72ae574934de1b972b18037dba73b8e.flv	(0, 1)(2, 2)(3, 3)(4, 4)(5, 5)(6, 6)(9, 9)(10, 10)(11, 12)(14, 15)(16, 16)(17, 17)(19, 19)(21, 21)
b3205b97de392174f3905831fc0dba5724fdabf1.flv,bf9df08bb9164d1b971557a9b9f6140096c92b0c.mp4	(10, 57)
b3205b97de392174f3905831fc0dba5724fdabf1.flv,cac9dff859597360de5a5f011139c845c0d08e6c.flv	(0, 1)(4, 4)(5, 7)(6, 9)(11, 12)(19, 19)(21, 21)
b3205b97de392174f3905831fc0dba5724fdabf1.flv,caec7bae88f5b5d60a08487e9d9a8cd27251c64e.flv	(0, 7)(4, 10)(7, 16)(11, 18)(14, 21)(15, 22)(21, 27)
b3205b97de392174f3905831fc0dba5724fdabf1.flv,f7ba4ea780e11256ed5439e33d169eb242a8a18f.flv	
b581ea1130d0c4c9af02e98dcb887cb8d58350e8.flv,b581ea1130d0c4c9af02e98dcb887cb8d58350e8.flv	(0, 0)(1, 1)(2, 2)(3, 3)(4, 4)(5, 5)(6, 6)(7, 7)(8, 8)(9, 9)(10, 10)(11, 11)(12, 12)(13, 13)(14, 14)(15, 15)(16, 16)(17, 17)(18, 18)(19, 19)(20, 20)
b581ea1130d0c4c9af02e98dcb887cb8d58350e8.flv,bbdbe357f408fb84d5f57c1522a90504f3162d6f.flv	(2, 2)
b581ea1130d0c4c9af02e98dcb887cb8d58350e8.flv,bbdbe357f408fb84d5f57c1522a90504f3162d6f.flv	(7, 6)(8, 7)
b581ea1130d0c4c9af02e98dcb887cb8d58350e8.flv,bbdbe357f408fb84d5f57c1522a90504f3162d6f.flv	(8, 9)
b581ea1130d0c4c9af02e98dcb887cb8d58350e8.flv,bbdbe357f408fb84d5f57c1522a90504f3162d6f.flv	(12, 11)
b581ea1130d0c4c9af02e98dcb887cb8d58350e8.flv,be51dbc2d72ae574934de1b972b18037dba73b8e.flv	(0, 0)(1, 1)(2, 2)(3, 4)(5, 5)(6, 6)(7, 8)(9, 12)(10, 13)(12, 15)(13, 16)(14, 17)
b581ea1130d0c4c9af02e98dcb887cb8d58350e8.flv,bf9df08bb9164d1b971557a9b9f6140096c92b0c.mp4	(6, 56)(8, 57)
b581ea1130d0c4c9af02e98dcb887cb8d58350e8.flv,cac9dff859597360de5a5f011139c845c0d08e6c.flv	(1, 0)(16, 19)
b581ea1130d0c4c9af02e98dcb887cb8d58350e8.flv,caec7bae88f5b5d60a08487e9d9a8cd27251c64e.flv	(0, 6)(1, 7)(3, 10)(4, 11)(5, 12)(8, 17)(9, 18)(10, 19)(12, 21)(13, 22)(14, 23)(15, 25)
b581ea1130d0c4c9af02e98dcb887cb8d58350e8.flv,f7ba4ea780e11256ed5439e33d169eb242a8a18f.flv	(5, 7)
bbdbe357f408fb84d5f57c1522a90504f3162d6f.flv,bbdbe357f408fb84d5f57c1522a90504f3162d6f.flv	(0, 0)(1, 1)(2, 2)(3, 3)(4, 4)(5, 5)(6, 6)(7, 7)(8, 8)(9, 9)(10, 10)(11, 11)(12, 12)(13, 13)(14, 14)
bbdbe357f408fb84d5f57c1522a90504f3162d6f.flv,be51dbc2d72ae574934de1b972b18037dba73b8e.flv	(2, 2)
bbdbe357f408fb84d5f57c1522a90504f3162d6f.flv,be51dbc2d72ae574934de1b972b18037dba73b8e.flv	(6, 8)(7, 8)
bbdbe357f408fb84d5f57c1522a90504f3162d6f.flv,be51dbc2d72ae574934de1b972b18037dba73b8e.flv	(9, 10)
bbdbe357f408fb84d5f57c1522a90504f3162d6f.flv,be51dbc2d72ae574934de1b972b18037dba73b8e.flv	(11, 15)
bbdbe357f408fb84d5f57c1522a90504f3162d6f.flv,bf9df08bb9164d1b971557a9b9f6140096c92b0c.mp4	(6, 56)(7, 56)
bbdbe357f408fb84d5f57c1522a90504f3162d6f.flv,bf9df08bb9164d1b971557a9b9f6140096c92b0c.mp4	(9, 57)
bbdbe357f408fb84d5f57c1522a90504f3162d6f.flv,cac9dff859597360de5a5f011139c845c0d08e6c.flv	(2, 3)
bbdbe357f408fb84d5f57c1522a90504f3162d6f.flv,cac9dff859597360de5a5f011139c845c0d08e6c.flv	(6, 10)(7, 11)
bbdbe357f408fb84d5f57c1522a90504f3162d6f.flv,cac9dff859597360de5a5f011139c845c0d08e6c.flv	(9, 11)
bbdbe357f408fb84d5f57c1522a90504f3162d6f.flv,cac9dff859597360de5a5f011139c845c0d08e6c.flv	(11, 15)
bbdbe357f408fb84d5f57c1522a90504f3162d6f.flv,caec7bae88f5b5d60a08487e9d9a8cd27251c64e.flv	(2, 9)
bbdbe357f408fb84d5f57c1522a90504f3162d6f.flv,caec7bae88f5b5d60a08487e9d9a8cd27251c64e.flv	(6, 16)(7, 17)
bbdbe357f408fb84d5f57c1522a90504f3162d6f.flv,caec7bae88f5b5d60a08487e9d9a8cd27251c64e.flv	(9, 17)
bbdbe357f408fb84d5f57c1522a90504f3162d6f.flv,caec7bae88f5b5d60a08487e9d9a8cd27251c64e.flv	(11, 21)
be51dbc2d72ae574934de1b972b18037dba73b8e.flv,be51dbc2d72ae574934de1b972b18037dba73b8e.flv	(0, 0)(1, 1)(2, 2)(3, 3)(4, 4)(5, 5)(6, 6)(7, 7)(8, 8)(9, 9)(10, 10)(11, 11)(12, 12)(13, 13)(14, 14)(15, 15)(16, 16)(17, 17)(18, 18)(19, 19)(20, 20)(21, 21)
be51dbc2d72ae574934de1b972b18037dba73b8e.flv,bf9df08bb9164d1b971557a9b9f6140096c92b0c.mp4	
be51dbc2d72ae574934de1b972b18037dba73b8e.flv,cac9dff859597360de5a5f011139c845c0d08e6c.flv	(0, 0)(1, 1)(2, 2)(4, 4)(5, 7)(12, 12)(13, 14)(21, 21)
be51dbc2d72ae574934de1b972b18037dba73b8e.flv,caec7bae88f5b5d60a08487e9d9a8cd27251c64e.flv	(0, 6)(1, 7)(2, 8)(4, 10)(7, 16)(12, 18)(13, 20)(15, 21)
be51dbc2d72ae574934de1b972b18037dba73b8e.flv,f7ba4ea780e11256ed5439e33d169eb242a8a18f.flv	
bf9df08bb9164d1b971557a9b9f6140096c92b0c.mp4,bf9df08bb9164d1b971557a9b9f6140096c92b0c.mp4	(0, 0)(1, 1)(2, 2)(3, 3)(4, 4)(5, 5)(6, 6)(7, 7)(8, 8)(9, 9)(10, 10)(11, 11)(12, 12)(13, 13)(14, 14)(15, 15)(16, 16)(17, 17)(18, 18)(19, 19)(20, 20)(21, 21)(22, 22)(23, 23)(24, 24)(25, 25)(26, 26)(27, 27)(28, 28)(29, 29)(30, 30)(31, 31)(32, 32)(33, 33)(34, 34)(35, 35)(36, 36)(37, 37)(38, 38)(39, 39)(40, 40)(41, 41)(42, 42)(43, 43)(44, 44)(45, 45)(46, 46)(47, 47)(48, 48)(49, 49)(50, 50)(51, 51)(52, 52)(53, 53)(54, 54)(55, 55)(56, 56)(57, 57)(58, 58)(59, 59)(60, 60)(61, 61)(62, 62)(63, 63)(64, 64)(65, 65)(66, 66)(67, 67)(68, 68)(69, 69)
bf9df08bb9164d1b971557a9b9f6140096c92b0c.mp4,cac9dff859597360de5a5f011139c845c0d08e6c.flv	(56, 9)(57, 11)
bf9df08bb9164d1b971557a9b9f6140096c92b0c.mp4,caec7bae88f5b5d60a08487e9d9a8cd27251c64e.flv	(56, 15)(57, 17)
cac9dff859597360de5a5f011139c845c0d08e6c.flv,cac9dff859597360de5a5f011139c845c0d08e6c.flv	(0, 0)(1, 1)(2, 2)(3, 3)(4, 4)(5, 5)(6, 6)(7, 7)(8, 8)(9, 9)(10, 10)(11, 11)(12, 12)(13, 13)(14, 14)(15, 15)(16, 16)(17, 17)(18, 18)(19, 19)(20, 20)(21, 21)
cac9dff859597360de5a5f011139c845c0d08e6c.flv,caec7bae88f5b5d60a08487e9d9a8cd27251c64e.flv	(0, 6)(1, 7)(2, 8)(3, 9)(4, 10)(5, 11)(8, 14)(9, 15)(10, 16)(11, 17)(12, 18)(13, 19)(14, 20)(15, 21)(17, 23)(18, 24)(19, 25)(21, 27)
cac9dff859597360de5a5f011139c845c0d08e6c.flv,f7ba4ea780e11256ed5439e33d169eb242a8a18f.flv	
caec7bae88f5b5d60a08487e9d9a8cd27251c64e.flv,caec7bae88f5b5d60a08487e9d9a8cd27251c64e.flv	(0, 0)(1, 1)(2, 2)(3, 3)(4, 4)(5, 5)(6, 6)(7, 7)(8, 8)(9, 9)(10, 10)(11, 11)(12, 12)(13, 13)(14, 14)(15, 15)(16, 16)(17, 17)(18, 18)(19, 19)(20, 20)(21, 21)(22, 22)(23, 23)(24, 24)(25, 25)(26, 26)(27, 27)(28, 28)(29, 29)(30, 30)(31, 31)(32, 32)(33, 33)(34, 34)(35, 35)(36, 36)(37, 37)(38, 38)(39, 39)(40, 40)(41, 41)(42, 42)(43, 43)(44, 44)(45, 45)(46, 46)(47, 47)(48, 48)(49, 49)(50, 50)(51, 51)
caec7bae88f5b5d60a08487e9d9a8cd27251c64e.flv,f7ba4ea780e11256ed5439e33d169eb242a8a18f.flv	(23, 8)(27, 9)
f7ba4ea780e11256ed5439e33d169eb242a8a18f.flv,f7ba4ea780e11256ed5439e33d169eb242a8a18f.flv	(0, 0)(1, 1)(2, 2)(3, 3)(4, 4)(5, 5)(6, 6)(7, 7)(8, 8)(9, 9)(10, 10)(11, 11)(12, 12)(13, 13)(14, 14)(15, 15)(16, 16)(17, 17)(18, 18)(19, 19)(20, 20)(21, 21)(22, 22)(23, 23)(24, 24)(25, 25)(26, 26)(27, 27)(28, 28)(29, 29)(30, 30)(31, 31)(32, 32)(33, 33)(34, 34)(35, 35)(36, 36)(37, 37)(38, 38)(39, 39)(40, 40)(41, 41)(42, 42)(43, 43)(44, 44)(45, 45)(46, 46)(47, 47)(48, 48)(49, 49)(50, 50)(51, 51)(52, 52)(53, 53)(54, 54)(55, 55)(56, 56)(57, 57)(58, 58)
