007d931e5f8d6dc6367964748ed862739425303b.flv,007d931e5f8d6dc6367964748ed862739425303b.flv	(0, 0)(1, 1)(2, 2)(3, 3)(4, 4)(5, 5)(6, 6)(7, 7)(8, 8)(9, 9)(10, 10)(11, 11)(12, 12)(13, 13)(14, 14)(15, 15)(16, 16)(17, 17)(18, 18)(19, 19)(20, 20)(21, 21)(22, 22)(23, 23)(24, 24)(25, 25)(26, 26)(27, 27)(28, 28)
007d931e5f8d6dc6367964748ed862739425303b.flv,031dacfeacdc715e755c01f4d37b49577336006e.mp4	(19, 6)(20, 7)
007d931e5f8d6dc6367964748ed862739425303b.flv,031dacfeacdc715e755c01f4d37b49577336006e.mp4	(20, 0)(21, 1)(22, 3)(23, 5)
007d931e5f8d6dc6367964748ed862739425303b.flv,23254771545e5d278548ba02d25d32add952b2a4.flv	(20, 9)
007d931e5f8d6dc6367964748ed862739425303b.flv,23254771545e5d278548ba02d25d32add952b2a4.flv	(20, 3)(22, 6)(23, 8)
007d931e5f8d6dc6367964748ed862739425303b.flv,2620a515a196e5d4329f320f478010e578980bee.flv	
007d931e5f8d6dc6367964748ed862739425303b.flv,434cbcdf0562eb6c5ccdef59cf3401ed1067112c.flv	(0, 0)(1, 1)(2, 2)(3, 5)(4, 6)(7, 7)(8, 8)(9, 9)(10, 10)(11, 11)(12, 12)(13, 13)(15, 15)(18, 16)(19, 17)(20, 18)(21, 19)(22, 20)(23, 21)(24, 22)(25, 23)(27, 24)(28, 25)
007d931e5f8d6dc6367964748ed862739425303b.flv,468410600142c136d707b4cbc3ff0703c112575d.flv	(20, 7)
007d931e5f8d6dc6367964748ed862739425303b.flv,468410600142c136d707b4cbc3ff0703c112575d.flv	(20, 0)(21, 1)(22, 3)(23, 5)
007d931e5f8d6dc6367964748ed862739425303b.flv,4a79c873b671f3452afde9d247250d8c3776e7c6.flv	(20, 7)
007d931e5f8d6dc6367964748ed862739425303b.flv,4a79c873b671f3452afde9d247250d8c3776e7c6.flv	(20, 0)(21, 1)(22, 3)(23, 5)
007d931e5f8d6dc6367964748ed862739425303b.flv,67f1feff7f624cf0b9ac2ebaf49f547a922b4971.flv	(1, 1)(2, 2)(3, 3)(4, 4)(6, 5)(7, 6)(8, 7)(9, 8)(10, 9)(11, 10)(12, 11)(14, 12)(15, 15)(18, 17)(19, 18)(20, 19)(21, 20)(22, 21)(23, 22)(24, 24)(25, 25)(26, 26)(28, 27)
007d931e5f8d6dc6367964748ed862739425303b.flv,68868f88c7c8f4887bf441ea1f61500dbcd1da5b.flv	(0, 0)(1, 1)(2, 2)(3, 5)(4, 6)(7, 7)(9, 8)(10, 9)(11, 10)(12, 11)(14, 12)(15, 15)(17, 17)(18, 18)(19, 19)(20, 21)(21, 22)(22, 23)(23, 24)(24, 26)(25, 27)(27, 28)(28, 29)
007d931e5f8d6dc6367964748ed862739425303b.flv,7a80366e144e759603a9ebecfd91848196e255d2.flv	(0, 1)(1, 2)(2, 3)(3, 5)(4, 6)(7, 7)(8, 8)(9, 9)(10, 10)(11, 11)(12, 12)(14, 13)(15, 16)(18, 19)(19, 20)(20, 21)(21, 22)(22, 23)(24, 26)(25, 27)(27, 28)(28, 29)
007d931e5f8d6dc6367964748ed862739425303b.flv,7deff9e47e47c98bb341c4355dfff9a82bfba221.flv	(20, 6)
007d931e5f8d6dc6367964748ed862739425303b.flv,7deff9e47e47c98bb341c4355dfff9a82bfba221.flv	(20, 0)(21, 1)(22, 3)(23, 4)
007d931e5f8d6dc6367964748ed862739425303b.flv,7e4fe3c124a00ce43ce0b5b0aca342d79e3c1ed7.flv	(0, 2)(1, 3)(2, 4)(3, 7)(4, 8)(6, 9)(10, 14)(12, 19)(13, 20)(16, 26)(18, 27)(19, 28)(20, 30)(21, 31)(22, 33)(23, 35)(24, 36)(25, 37)(26, 38)(27, 39)(28, 40)
007d931e5f8d6dc6367964748ed862739425303b.flv,aca39f299bade8a43abc80bac36d598239c63906.flv	(0, 1)(1, 2)(2, 3)(3, 5)(4, 6)(7, 7)(11, 11)(12, 12)(13, 13)(14, 14)(15, 16)(17, 17)(18, 18)(19, 19)(20, 20)(21, 21)(22, 22)(23, 23)(24, 24)(25, 25)(27, 26)(28, 27)
007d931e5f8d6dc6367964748ed862739425303b.flv,b22db6382d74710e88eb1cb50bf3f74bec402491.flv	(0, 2)(1, 3)(2, 4)(3, 6)(4, 7)(7, 8)(10, 11)(11, 12)(12, 13)(14, 15)(15, 16)(16, 17)(18, 18)(19, 19)(21, 21)(22, 22)(23, 23)(24, 25)(28, 27)
007d931e5f8d6dc6367964748ed862739425303b.flv,c224dece59ecedc0a54ddafe5b1ab0ecf1f7a729.flv	(6, 0)(7, 1)(8, 4)(10, 6)(12, 11)(13, 12)(14, 13)(15, 16)(16, 18)(17, 18)(18, 19)(19, 20)(20, 22)(21, 23)(22, 25)(23, 28)(24, 29)(25, 30)(26, 31)(27, 32)(28, 33)
007d931e5f8d6dc6367964748ed862739425303b.flv,c70491f4b4d4a8e90561c11ac929edf430e62641.flv	(0, 3)(1, 4)(2, 5)(3, 6)(4, 7)(7, 8)(8, 9)(10, 10)(11, 11)(12, 13)(14, 14)(15, 17)(18, 19)(19, 20)(20, 21)(21, 22)(22, 23)(23, 24)(24, 25)(25, 26)(26, 27)(28, 28)
007d931e5f8d6dc6367964748ed862739425303b.flv,e8e7aaf3d965501ca315099c1d2b4c8fe12cce68.flv	(15, 0)(18, 1)(19, 2)(20, 3)(21, 4)(22, 5)(23, 6)
007d931e5f8d6dc6367964748ed862739425303b.flv,e8e7aaf3d965501ca315099c1d2b4c8fe12cce68.flv	(27, 8)(28, 9)
031dacfeacdc715e755c01f4d37b49577336006e.mp4,031dacfeacdc715e755c01f4d37b49577336006e.mp4	(0, 0)(1, 1)(2, 2)(3, 3)(4, 4)(5, 5)(6, 6)(7, 7)
031dacfeacdc715e755c01f4d37b49577336006e.mp4,23254771545e5d278548ba02d25d32add952b2a4.flv	(0, 3)(1, 4)(2, 5)(3, 6)(4, 7)(5, 8)
031dacfeacdc715e755c01f4d37b49577336006e.mp4,23254771545e5d278548ba02d25d32add952b2a4.flv	(7, 3)
031dacfeacdc715e755c01f4d37b49577336006e.mp4,23254771545e5d278548ba02d25d32add952b2a4.flv	(7, 9)
031dacfeacdc715e755c01f4d37b49577336006e.mp4,2620a515a196e5d4329f320f478010e578980bee.flv	
031dacfeacdc715e755c01f4d37b49577336006e.mp4,2620a515a196e5d4329f320f478010e578980bee.flv	(7, 0)
031dacfeacdc715e755c01f4d37b49577336006e.mp4,434cbcdf0562eb6c5ccdef59cf3401ed1067112c.flv	(0, 18)(1, 19)(3, 20)(5, 21)
031dacfeacdc715e755c01f4d37b49577336006e.mp4,434cbcdf0562eb6c5ccdef59cf3401ed1067112c.flv	(7, 18)
031dacfeacdc715e755c01f4d37b49577336006e.mp4,468410600142c136d707b4cbc3ff0703c112575d.flv	(0, 0)(1, 1)(2, 2)(3, 3)(4, 4)(5, 5)(6, 6)(7, 7)
031dacfeacdc715e755c01f4d37b49577336006e.mp4,4a79c873b671f3452afde9d247250d8c3776e7c6.flv	(0, 0)(1, 1)(2, 2)(3, 3)(4, 4)(5, 5)(6, 6)(7, 7)
031dacfeacdc715e755c01f4d37b49577336006e.mp4,67f1feff7f624cf0b9ac2ebaf49f547a922b4971.flv	(0, 19)(1, 20)(3, 21)(5, 22)
031dacfeacdc715e755c01f4d37b49577336006e.mp4,67f1feff7f624cf0b9ac2ebaf49f547a922b4971.flv	(7, 19)
031dacfeacdc715e755c01f4d37b49577336006e.mp4,68868f88c7c8f4887bf441ea1f61500dbcd1da5b.flv	(0, 21)(1, 22)(3, 23)(5, 24)
031dacfeacdc715e755c01f4d37b49577336006e.mp4,68868f88c7c8f4887bf441ea1f61500dbcd1da5b.flv	(7, 20)(7, 21)
031dacfeacdc715e755c01f4d37b49577336006e.mp4,7a80366e144e759603a9ebecfd91848196e255d2.flv	(0, 21)(1, 22)(3, 23)(5, 24)
031dacfeacdc715e755c01f4d37b49577336006e.mp4,7a80366e144e759603a9ebecfd91848196e255d2.flv	(7, 21)
031dacfeacdc715e755c01f4d37b49577336006e.mp4,7deff9e47e47c98bb341c4355dfff9a82bfba221.flv	(0, 0)(1, 1)(2, 2)(3, 3)(5, 4)(6, 5)(7, 6)
031dacfeacdc715e755c01f4d37b49577336006e.mp4,7e4fe3c124a00ce43ce0b5b0aca342d79e3c1ed7.flv	(0, 30)(1, 31)(2, 32)(3, 33)(4, 34)(5, 35)
031dacfeacdc715e755c01f4d37b49577336006e.mp4,7e4fe3c124a00ce43ce0b5b0aca342d79e3c1ed7.flv	(7, 30)
031dacfeacdc715e755c01f4d37b49577336006e.mp4,aca39f299bade8a43abc80bac36d598239c63906.flv	(0, 20)(1, 21)(3, 22)(5, 23)
031dacfeacdc715e755c01f4d37b49577336006e.mp4,aca39f299bade8a43abc80bac36d598239c63906.flv	(6, 19)(7, 20)
031dacfeacdc715e755c01f4d37b49577336006e.mp4,b22db6382d74710e88eb1cb50bf3f74bec402491.flv	(0, 20)(1, 21)(3, 22)(5, 23)
031dacfeacdc715e755c01f4d37b49577336006e.mp4,b22db6382d74710e88eb1cb50bf3f74bec402491.flv	(6, 19)(7, 20)
031dacfeacdc715e755c01f4d37b49577336006e.mp4,c224dece59ecedc0a54ddafe5b1ab0ecf1f7a729.flv	(0, 22)(1, 23)(3, 25)(5, 28)
031dacfeacdc715e755c01f4d37b49577336006e.mp4,c224dece59ecedc0a54ddafe5b1ab0ecf1f7a729.flv	(7, 22)
031dacfeacdc715e755c01f4d37b49577336006e.mp4,c70491f4b4d4a8e90561c11ac929edf430e62641.flv	(0, 21)(1, 22)(3, 23)(5, 24)
031dacfeacdc715e755c01f4d37b49577336006e.mp4,c70491f4b4d4a8e90561c11ac929edf430e62641.flv	(7, 21)
031dacfeacdc715e755c01f4d37b49577336006e.mp4,e8e7aaf3d965501ca315099c1d2b4c8fe12cce68.flv	(0, 3)(3, 5)(5, 6)
031dacfeacdc715e755c01f4d37b49577336006e.mp4,e8e7aaf3d965501ca315099c1d2b4c8fe12cce68.flv	(7, 3)
23254771545e5d278548ba02d25d32add952b2a4.flv,23254771545e5d278548ba02d25d32add952b2a4.flv	(0, 0)(1, 1)(2, 2)(3, 3)(4, 4)(5, 5)(6, 6)(7, 7)(8, 8)(9, 9)(10, 10)(11, 11)(12, 12)(13, 13)(14, 14)(15, 15)(16, 16)
23254771545e5d278548ba02d25d32add952b2a4.flv,2620a515a196e5d4329f320f478010e578980bee.flv	
23254771545e5d278548ba02d25d32add952b2a4.flv,2620a515a196e5d4329f320f478010e578980bee.flv	(9, 0)
23254771545e5d278548ba02d25d32add952b2a4.flv,434cbcdf0562eb6c5ccdef59cf3401ed1067112c.flv	(3, 18)(6, 20)(8, 21)
23254771545e5d278548ba02d25d32add952b2a4.flv,434cbcdf0562eb6c5ccdef59cf3401ed1067112c.flv	(9, 18)
23254771545e5d278548ba02d25d32add952b2a4.flv,468410600142c136d707b4cbc3ff0703c112575d.flv	(3, 0)(4, 1)(6, 3)(8, 5)
23254771545e5d278548ba02d25d32add952b2a4.flv,468410600142c136d707b4cbc3ff0703c112575d.flv	(3, 7)
23254771545e5d278548ba02d25d32add952b2a4.flv,468410600142c136d707b4cbc3ff0703c112575d.flv	(9, 7)
23254771545e5d278548ba02d25d32add952b2a4.flv,4a79c873b671f3452afde9d247250d8c3776e7c6.flv	(3, 7)
23254771545e5d278548ba02d25d32add952b2a4.flv,4a79c873b671f3452afde9d247250d8c3776e7c6.flv	(3, 0)(4, 1)(5, 2)(6, 3)(8, 5)(9, 7)
23254771545e5d278548ba02d25d32add952b2a4.flv,4a79c873b671f3452afde9d247250d8c3776e7c6.flv	(9, 0)
23254771545e5d278548ba02d25d32add952b2a4.flv,67f1feff7f624cf0b9ac2ebaf49f547a922b4971.flv	(3, 19)(6, 21)(8, 22)
23254771545e5d278548ba02d25d32add952b2a4.flv,67f1feff7f624cf0b9ac2ebaf49f547a922b4971.flv	(9, 19)
23254771545e5d278548ba02d25d32add952b2a4.flv,68868f88c7c8f4887bf441ea1f61500dbcd1da5b.flv	(3, 21)(4, 22)(6, 23)(8, 24)
23254771545e5d278548ba02d25d32add952b2a4.flv,68868f88c7c8f4887bf441ea1f61500dbcd1da5b.flv	(9, 21)
23254771545e5d278548ba02d25d32add952b2a4.flv,7a80366e144e759603a9ebecfd91848196e255d2.flv	(3, 21)(4, 22)(6, 23)(8, 25)
23254771545e5d278548ba02d25d32add952b2a4.flv,7a80366e144e759603a9ebecfd91848196e255d2.flv	(9, 21)
23254771545e5d278548ba02d25d32add952b2a4.flv,7deff9e47e47c98bb341c4355dfff9a82bfba221.flv	(3, 0)(4, 1)(5, 2)(6, 3)(8, 4)
23254771545e5d278548ba02d25d32add952b2a4.flv,7deff9e47e47c98bb341c4355dfff9a82bfba221.flv	(9, 6)
23254771545e5d278548ba02d25d32add952b2a4.flv,7e4fe3c124a00ce43ce0b5b0aca342d79e3c1ed7.flv	(3, 30)(6, 33)(8, 35)
23254771545e5d278548ba02d25d32add952b2a4.flv,7e4fe3c124a00ce43ce0b5b0aca342d79e3c1ed7.flv	(9, 30)
23254771545e5d278548ba02d25d32add952b2a4.flv,aca39f299bade8a43abc80bac36d598239c63906.flv	(3, 20)(4, 21)(6, 22)(8, 23)
23254771545e5d278548ba02d25d32add952b2a4.flv,aca39f299bade8a43abc80bac36d598239c63906.flv	(9, 20)
23254771545e5d278548ba02d25d32add952b2a4.flv,b22db6382d74710e88eb1cb50bf3f74bec402491.flv	(3, 20)(4, 21)(6, 22)(8, 23)
23254771545e5d278548ba02d25d32add952b2a4.flv,b22db6382d74710e88eb1cb50bf3f74bec402491.flv	(9, 20)
23254771545e5d278548ba02d25d32add952b2a4.flv,c224dece59ecedc0a54ddafe5b1ab0ecf1f7a729.flv	(3, 22)(4, 23)(5, 24)(6, 25)(7, 26)(8, 27)
23254771545e5d278548ba02d25d32add952b2a4.flv,c224dece59ecedc0a54ddafe5b1ab0ecf1f7a729.flv	(9, 22)
23254771545e5d278548ba02d25d32add952b2a4.flv,c70491f4b4d4a8e90561c11ac929edf430e62641.flv	(3, 21)(6, 23)(8, 24)
23254771545e5d278548ba02d25d32add952b2a4.flv,c70491f4b4d4a8e90561c11ac929edf430e62641.flv	(9, 21)
23254771545e5d278548ba02d25d32add952b2a4.flv,e8e7aaf3d965501ca315099c1d2b4c8fe12cce68.flv	(3, 3)(4, 4)(6, 5)(8, 6)
23254771545e5d278548ba02d25d32add952b2a4.flv,e8e7aaf3d965501ca315099c1d2b4c8fe12cce68.flv	(9, 3)
2620a515a196e5d4329f320f478010e578980bee.flv,2620a515a196e5d4329f320f478010e578980bee.flv	(0, 0)(1, 1)
2620a515a196e5d4329f320f478010e578980bee.flv,434cbcdf0562eb6c5ccdef59cf3401ed1067112c.flv	
2620a515a196e5d4329f320f478010e578980bee.flv,468410600142c136d707b4cbc3ff0703c112575d.flv	(0, 7)
2620a515a196e5d4329f320f478010e578980bee.flv,468410600142c136d707b4cbc3ff0703c112575d.flv	
2620a515a196e5d4329f320f478010e578980bee.flv,4a79c873b671f3452afde9d247250d8c3776e7c6.flv	(0, 7)
2620a515a196e5d4329f320f478010e578980bee.flv,4a79c873b671f3452afde9d247250d8c3776e7c6.flv	
2620a515a196e5d4329f320f478010e578980bee.flv,67f1feff7f624cf0b9ac2ebaf49f547a922b4971.flv	
2620a515a196e5d4329f320f478010e578980bee.flv,68868f88c7c8f4887bf441ea1f61500dbcd1da5b.flv	
2620a515a196e5d4329f320f478010e578980bee.flv,7a80366e144e759603a9ebecfd91848196e255d2.flv	
2620a515a196e5d4329f320f478010e578980bee.flv,7deff9e47e47c98bb341c4355dfff9a82bfba221.flv	(0, 6)
2620a515a196e5d4329f320f478010e578980bee.flv,7deff9e47e47c98bb341c4355dfff9a82bfba221.flv	
2620a515a196e5d4329f320f478010e578980bee.flv,7e4fe3c124a00ce43ce0b5b0aca342d79e3c1ed7.flv	
2620a515a196e5d4329f320f478010e578980bee.flv,aca39f299bade8a43abc80bac36d598239c63906.flv	
2620a515a196e5d4329f320f478010e578980bee.flv,b22db6382d74710e88eb1cb50bf3f74bec402491.flv	
2620a515a196e5d4329f320f478010e578980bee.flv,c224dece59ecedc0a54ddafe5b1ab0ecf1f7a729.flv	
2620a515a196e5d4329f320f478010e578980bee.flv,c70491f4b4d4a8e90561c11ac929edf430e62641.flv	
2620a515a196e5d4329f320f478010e578980bee.flv,e8e7aaf3d965501ca315099c1d2b4c8fe12cce68.flv	
434cbcdf0562eb6c5ccdef59cf3401ed1067112c.flv,434cbcdf0562eb6c5ccdef59cf3401ed1067112c.flv	(0, 0)(1, 1)(2, 2)(3, 3)(4, 4)(5, 5)(6, 6)(7, 7)(8, 8)(9, 9)(10, 10)(11, 11)(12, 12)(13, 13)(14, 14)(15, 15)(16, 16)(17, 17)(18, 18)(19, 19)(20, 20)(21, 21)(22, 22)(23, 23)(24, 24)(25, 25)(26, 26)(27, 27)(28, 28)(29, 29)(30, 30)(31, 31)(32, 32)(33, 33)(34, 34)(35, 35)(36, 36)(37, 37)(38, 38)(39, 39)(40, 40)(41, 41)(42, 42)(43, 43)(44, 44)(45, 45)(46, 46)(47, 47)(48, 48)(49, 49)(50, 50)(51, 51)(52, 52)(53, 53)(54, 54)(55, 55)(56, 56)(57, 57)(58, 58)(59, 59)(60, 60)(61, 61)(62, 62)(63, 63)(64, 64)(65, 65)(66, 66)(67, 67)(68, 68)(69, 69)(70, 70)(71, 71)(72, 72)(73, 73)(74, 74)(75, 75)(76, 76)(77, 77)(78, 78)(79, 79)(80, 80)(81, 81)(82, 82)(83, 83)(84, 84)(85, 85)(86, 86)(87, 87)(88, 88)
434cbcdf0562eb6c5ccdef59cf3401ed1067112c.flv,468410600142c136d707b4cbc3ff0703c112575d.flv	(18, 7)
434cbcdf0562eb6c5ccdef59cf3401ed1067112c.flv,468410600142c136d707b4cbc3ff0703c112575d.flv	(18, 0)(19, 1)(20, 3)(21, 5)
434cbcdf0562eb6c5ccdef59cf3401ed1067112c.flv,4a79c873b671f3452afde9d247250d8c3776e7c6.flv	(18, 7)
434cbcdf0562eb6c5ccdef59cf3401ed1067112c.flv,4a79c873b671f3452afde9d247250d8c3776e7c6.flv	(18, 0)(19, 1)(20, 3)(21, 5)
434cbcdf0562eb6c5ccdef59cf3401ed1067112c.flv,67f1feff7f624cf0b9ac2ebaf49f547a922b4971.flv	(1, 1)(5, 3)(6, 4)(7, 6)(8, 7)(9, 8)(10, 9)(11, 10)(12, 11)(14, 14)(15, 15)(16, 17)(17, 18)(18, 19)(19, 20)(20, 21)(21, 22)(22, 24)(23, 25)
434cbcdf0562eb6c5ccdef59cf3401ed1067112c.flv,68868f88c7c8f4887bf441ea1f61500dbcd1da5b.flv	(0, 0)(1, 1)(2, 2)(3, 3)(5, 5)(6, 6)(7, 7)(9, 8)(10, 9)(11, 10)(12, 11)(15, 15)(16, 18)(17, 19)(18, 21)(19, 22)(20, 23)(21, 24)(22, 26)(23, 27)(24, 28)(25, 29)
434cbcdf0562eb6c5ccdef59cf3401ed1067112c.flv,7a80366e144e759603a9ebecfd91848196e255d2.flv	(0, 1)(1, 2)(2, 3)(5, 5)(6, 6)(7, 7)(8, 8)(9, 9)(10, 10)(11, 11)(12, 12)(15, 16)(16, 19)(17, 20)(18, 21)(19, 22)(20, 23)(22, 26)(23, 27)(24, 28)(25, 29)
434cbcdf0562eb6c5ccdef59cf3401ed1067112c.flv,7deff9e47e47c98bb341c4355dfff9a82bfba221.flv	(18, 6)
434cbcdf0562eb6c5ccdef59cf3401ed1067112c.flv,7deff9e47e47c98bb341c4355dfff9a82bfba221.flv	(18, 0)(19, 1)(20, 3)(21, 4)
434cbcdf0562eb6c5ccdef59cf3401ed1067112c.flv,7e4fe3c124a00ce43ce0b5b0aca342d79e3c1ed7.flv	(0, 2)(1, 3)(2, 4)(3, 5)(4, 6)(5, 7)(6, 8)(12, 19)(13, 20)(14, 21)(16, 27)(17, 28)(18, 30)(19, 31)(20, 33)(21, 35)(22, 36)(23, 37)(24, 39)(25, 40)
434cbcdf0562eb6c5ccdef59cf3401ed1067112c.flv,aca39f299bade8a43abc80bac36d598239c63906.flv	(0, 1)(1, 2)(3, 3)(4, 4)(5, 5)(6, 6)(7, 7)(8, 8)(11, 11)(12, 12)(13, 13)(14, 15)(15, 16)(16, 18)(17, 19)(18, 20)(19, 21)(20, 22)(21, 23)(22, 24)(23, 25)(24, 26)(25, 27)
434cbcdf0562eb6c5ccdef59cf3401ed1067112c.flv,b22db6382d74710e88eb1cb50bf3f74bec402491.flv	(0, 2)(1, 3)(2, 4)(4, 5)(5, 6)(6, 7)(7, 8)(8, 9)(10, 11)(11, 12)(12, 13)(15, 16)(16, 18)(17, 19)(19, 21)(20, 22)(21, 23)(22, 25)(25, 27)
434cbcdf0562eb6c5ccdef59cf3401ed1067112c.flv,c224dece59ecedc0a54ddafe5b1ab0ecf1f7a729.flv	(8, 3)(8, 4)(12, 11)(13, 12)(14, 14)(15, 16)(16, 19)(17, 20)(18, 22)(19, 23)(20, 25)(21, 28)(22, 29)(23, 30)(24, 32)(25, 33)
434cbcdf0562eb6c5ccdef59cf3401ed1067112c.flv,c70491f4b4d4a8e90561c11ac929edf430e62641.flv	(0, 3)(1, 4)(2, 5)(5, 6)(6, 7)(7, 8)(8, 9)(10, 10)(11, 11)(12, 13)(15, 17)(16, 19)(17, 20)(18, 21)(19, 22)(20, 23)(21, 24)(22, 25)(23, 26)(25, 28)
434cbcdf0562eb6c5ccdef59cf3401ed1067112c.flv,e8e7aaf3d965501ca315099c1d2b4c8fe12cce68.flv	(15, 0)(16, 1)(17, 2)(18, 3)(19, 4)(20, 5)(21, 6)(22, 7)(23, 8)(25, 9)
468410600142c136d707b4cbc3ff0703c112575d.flv,468410600142c136d707b4cbc3ff0703c112575d.flv	(0, 0)(1, 1)(2, 2)(3, 3)(4, 4)(5, 5)(6, 6)(7, 7)
468410600142c136d707b4cbc3ff0703c112575d.flv,4a79c873b671f3452afde9d247250d8c3776e7c6.flv	(0, 0)(1, 1)(2, 2)(3, 3)(4, 4)(5, 5)(6, 6)(7, 7)
468410600142c136d707b4cbc3ff0703c112575d.flv,67f1feff7f624cf0b9ac2ebaf49f547a922b4971.flv	(0, 19)(1, 20)(3, 21)(5, 22)
468410600142c136d707b4cbc3ff0703c112575d.flv,67f1feff7f624cf0b9ac2ebaf49f547a922b4971.flv	(7, 19)
468410600142c136d707b4cbc3ff0703c112575d.flv,68868f88c7c8f4887bf441ea1f61500dbcd1da5b.flv	(0, 21)(1, 22)(3, 23)(5, 24)
468410600142c136d707b4cbc3ff0703c112575d.flv,68868f88c7c8f4887bf441ea1f61500dbcd1da5b.flv	(7, 21)
468410600142c136d707b4cbc3ff0703c112575d.flv,7a80366e144e759603a9ebecfd91848196e255d2.flv	(0, 21)(1, 22)(3, 23)(5, 24)
468410600142c136d707b4cbc3ff0703c112575d.flv,7a80366e144e759603a9ebecfd91848196e255d2.flv	(7, 21)
468410600142c136d707b4cbc3ff0703c112575d.flv,7deff9e47e47c98bb341c4355dfff9a82bfba221.flv	(0, 0)(1, 1)(2, 2)(3, 3)(5, 4)(6, 5)(7, 6)
468410600142c136d707b4cbc3ff0703c112575d.flv,7e4fe3c124a00ce43ce0b5b0aca342d79e3c1ed7.flv	(0, 30)(1, 31)(2, 32)(3, 33)(5, 35)
468410600142c136d707b4cbc3ff0703c112575d.flv,7e4fe3c124a00ce43ce0b5b0aca342d79e3c1ed7.flv	(7, 30)
468410600142c136d707b4cbc3ff0703c112575d.flv,aca39f299bade8a43abc80bac36d598239c63906.flv	(0, 20)(1, 21)(3, 22)(5, 23)
468410600142c136d707b4cbc3ff0703c112575d.flv,aca39f299bade8a43abc80bac36d598239c63906.flv	(7, 20)
468410600142c136d707b4cbc3ff0703c112575d.flv,b22db6382d74710e88eb1cb50bf3f74bec402491.flv	(0, 20)(1, 21)(3, 22)(5, 23)
468410600142c136d707b4cbc3ff0703c112575d.flv,b22db6382d74710e88eb1cb50bf3f74bec402491.flv	(7, 20)
468410600142c136d707b4cbc3ff0703c112575d.flv,c224dece59ecedc0a54ddafe5b1ab0ecf1f7a729.flv	(0, 22)(1, 23)(2, 24)(3, 25)(5, 27)
468410600142c136d707b4cbc3ff0703c112575d.flv,c224dece59ecedc0a54ddafe5b1ab0ecf1f7a729.flv	(7, 22)
468410600142c136d707b4cbc3ff0703c112575d.flv,c70491f4b4d4a8e90561c11ac929edf430e62641.flv	(0, 21)(1, 22)(3, 23)(5, 24)
468410600142c136d707b4cbc3ff0703c112575d.flv,c70491f4b4d4a8e90561c11ac929edf430e62641.flv	(7, 21)
468410600142c136d707b4cbc3ff0703c112575d.flv,e8e7aaf3d965501ca315099c1d2b4c8fe12cce68.flv	(0, 3)(1, 4)(3, 5)(5, 6)
468410600142c136d707b4cbc3ff0703c112575d.flv,e8e7aaf3d965501ca315099c1d2b4c8fe12cce68.flv	(7, 3)
4a79c873b671f3452afde9d247250d8c3776e7c6.flv,4a79c873b671f3452afde9d247250d8c3776e7c6.flv	(0, 0)(1, 1)(2, 2)(3, 3)(4, 4)(5, 5)(6, 6)(7, 7)
4a79c873b671f3452afde9d247250d8c3776e7c6.flv,67f1feff7f624cf0b9ac2ebaf49f547a922b4971.flv	(0, 19)(1, 20)(3, 21)(5, 22)
4a79c873b671f3452afde9d247250d8c3776e7c6.flv,67f1feff7f624cf0b9ac2ebaf49f547a922b4971.flv	(7, 19)
4a79c873b671f3452afde9d247250d8c3776e7c6.flv,68868f88c7c8f4887bf441ea1f61500dbcd1da5b.flv	(0, 21)(1, 22)(3, 23)(5, 24)
4a79c873b671f3452afde9d247250d8c3776e7c6.flv,68868f88c7c8f4887bf441ea1f61500dbcd1da5b.flv	(7, 21)
4a79c873b671f3452afde9d247250d8c3776e7c6.flv,7a80366e144e759603a9ebecfd91848196e255d2.flv	(0, 21)(1, 22)(3, 23)(5, 24)
4a79c873b671f3452afde9d247250d8c3776e7c6.flv,7a80366e144e759603a9ebecfd91848196e255d2.flv	(7, 21)
4a79c873b671f3452afde9d247250d8c3776e7c6.flv,7deff9e47e47c98bb341c4355dfff9a82bfba221.flv	(0, 0)(1, 1)(2, 2)(3, 3)(5, 4)(6, 5)(7, 6)
4a79c873b671f3452afde9d247250d8c3776e7c6.flv,7e4fe3c124a00ce43ce0b5b0aca342d79e3c1ed7.flv	(0, 30)(1, 31)(2, 32)(3, 33)(5, 35)
4a79c873b671f3452afde9d247250d8c3776e7c6.flv,7e4fe3c124a00ce43ce0b5b0aca342d79e3c1ed7.flv	(7, 30)
4a79c873b671f3452afde9d247250d8c3776e7c6.flv,aca39f299bade8a43abc80bac36d598239c63906.flv	(0, 20)(1, 21)(3, 22)(5, 23)
4a79c873b671f3452afde9d247250d8c3776e7c6.flv,aca39f299bade8a43abc80bac36d598239c63906.flv	(7, 20)
4a79c873b671f3452afde9d247250d8c3776e7c6.flv,b22db6382d74710e88eb1cb50bf3f74bec402491.flv	(0, 20)(1, 21)(3, 22)(5, 23)
4a79c873b671f3452afde9d247250d8c3776e7c6.flv,b22db6382d74710e88eb1cb50bf3f74bec402491.flv	(7, 20)
4a79c873b671f3452afde9d247250d8c3776e7c6.flv,c224dece59ecedc0a54ddafe5b1ab0ecf1f7a729.flv	(0, 22)(1, 23)(2, 24)(3, 25)(5, 27)
4a79c873b671f3452afde9d247250d8c3776e7c6.flv,c224dece59ecedc0a54ddafe5b1ab0ecf1f7a729.flv	(7, 22)
4a79c873b671f3452afde9d247250d8c3776e7c6.flv,c70491f4b4d4a8e90561c11ac929edf430e62641.flv	(0, 21)(1, 22)(3, 23)(5, 24)
4a79c873b671f3452afde9d247250d8c3776e7c6.flv,c70491f4b4d4a8e90561c11ac929edf430e62641.flv	(7, 21)
4a79c873b671f3452afde9d247250d8c3776e7c6.flv,e8e7aaf3d965501ca315099c1d2b4c8fe12cce68.flv	(0, 3)(1, 4)(3, 5)(5, 6)
4a79c873b671f3452afde9d247250d8c3776e7c6.flv,e8e7aaf3d965501ca315099c1d2b4c8fe12cce68.flv	(7, 3)
67f1feff7f624cf0b9ac2ebaf49f547a922b4971.flv,67f1feff7f624cf0b9ac2ebaf49f547a922b4971.flv	(0, 0)(1, 1)(2, 2)(3, 3)(4, 4)(5, 5)(6, 6)(7, 7)(8, 8)(9, 9)(10, 10)(11, 11)(12, 12)(13, 13)(14, 14)(15, 15)(16, 16)(17, 17)(18, 18)(19, 19)(20, 20)(21, 21)(22, 22)(23, 23)(24, 24)(25, 25)(26, 26)(27, 27)(28, 28)
67f1feff7f624cf0b9ac2ebaf49f547a922b4971.flv,68868f88c7c8f4887bf441ea1f61500dbcd1da5b.flv	(1, 1)(3, 5)(4, 6)(6, 7)(9, 9)(10, 10)(11, 11)(12, 12)(13, 13)(14, 14)(15, 15)(16, 17)(17, 18)(18, 19)(19, 21)(20, 22)(21, 23)(22, 24)(23, 25)(24, 26)(25, 27)(27, 29)
67f1feff7f624cf0b9ac2ebaf49f547a922b4971.flv,7a80366e144e759603a9ebecfd91848196e255d2.flv	(1, 1)(2, 3)(3, 5)(4, 6)(6, 7)(7, 8)(8, 9)(9, 10)(10, 11)(11, 12)(12, 13)(13, 14)(14, 15)(15, 16)(16, 18)(17, 19)(18, 20)(19, 21)(20, 22)(21, 23)(24, 26)(25, 27)(27, 29)
67f1feff7f624cf0b9ac2ebaf49f547a922b4971.flv,7deff9e47e47c98bb341c4355dfff9a82bfba221.flv	(19, 6)
67f1feff7f624cf0b9ac2ebaf49f547a922b4971.flv,7deff9e47e47c98bb341c4355dfff9a82bfba221.flv	(19, 0)(20, 1)(21, 3)(22, 4)
67f1feff7f624cf0b9ac2ebaf49f547a922b4971.flv,7e4fe3c124a00ce43ce0b5b0aca342d79e3c1ed7.flv	(1, 3)(3, 7)(4, 8)(5, 9)(11, 19)(17, 27)(18, 28)(19, 30)(20, 31)(21, 33)(22, 35)(24, 36)(25, 37)(26, 38)(27, 40)(28, 41)
67f1feff7f624cf0b9ac2ebaf49f547a922b4971.flv,aca39f299bade8a43abc80bac36d598239c63906.flv	(1, 2)(2, 3)(3, 5)(4, 6)(6, 7)(10, 11)(11, 12)(12, 14)(13, 15)(15, 16)(17, 18)(18, 19)(19, 20)(20, 21)(21, 22)(22, 23)(24, 24)(25, 25)(26, 26)(27, 27)
67f1feff7f624cf0b9ac2ebaf49f547a922b4971.flv,b22db6382d74710e88eb1cb50bf3f74bec402491.flv	(1, 3)(2, 4)(3, 6)(4, 7)(6, 8)(9, 11)(10, 12)(12, 15)(15, 16)(16, 18)(18, 19)(20, 21)(21, 22)(22, 23)(23, 24)(24, 25)(26, 26)(27, 27)
67f1feff7f624cf0b9ac2ebaf49f547a922b4971.flv,c224dece59ecedc0a54ddafe5b1ab0ecf1f7a729.flv	(5, 0)(6, 1)(7, 4)(8, 5)(9, 6)(11, 11)(12, 13)(13, 14)(15, 16)(17, 19)(18, 20)(19, 22)(20, 23)(21, 25)(22, 28)(24, 29)(25, 30)(26, 31)(27, 33)(28, 35)
67f1feff7f624cf0b9ac2ebaf49f547a922b4971.flv,c70491f4b4d4a8e90561c11ac929edf430e62641.flv	(1, 4)(2, 5)(3, 6)(4, 7)(6, 8)(7, 9)(10, 11)(11, 13)(12, 14)(13, 15)(14, 16)(15, 17)(16, 18)(17, 19)(18, 20)(19, 21)(20, 22)(21, 23)(22, 24)(24, 25)(25, 26)(26, 27)(27, 28)
67f1feff7f624cf0b9ac2ebaf49f547a922b4971.flv,e8e7aaf3d965501ca315099c1d2b4c8fe12cce68.flv	(15, 0)(17, 1)(18, 2)(19, 3)(20, 4)(21, 5)(22, 6)(24, 7)(25, 8)(27, 9)
68868f88c7c8f4887bf441ea1f61500dbcd1da5b.flv,68868f88c7c8f4887bf441ea1f61500dbcd1da5b.flv	(0, 0)(1, 1)(2, 2)(3, 3)(4, 4)(5, 5)(6, 6)(7, 7)(8, 8)(9, 9)(10, 10)(11, 11)(12, 12)(13, 13)(14, 14)(15, 15)(16, 16)(17, 17)(18, 18)(19, 19)(20, 20)(21, 21)(22, 22)(23, 23)(24, 24)(25, 25)(26, 26)(27, 27)(28, 28)(29, 29)
68868f88c7c8f4887bf441ea1f61500dbcd1da5b.flv,7a80366e144e759603a9ebecfd91848196e255d2.flv	(0, 1)(1, 2)(2, 3)(4, 4)(5, 5)(6, 6)(7, 7)(8, 9)(9, 10)(10, 11)(11, 12)(12, 13)(13, 14)(14, 15)(15, 16)(16, 17)(17, 18)(18, 19)(19, 20)(21, 21)(22, 22)(23, 23)(24, 24)(26, 26)(27, 27)(28, 28)(29, 29)
68868f88c7c8f4887bf441ea1f61500dbcd1da5b.flv,7deff9e47e47c98bb341c4355dfff9a82bfba221.flv	(20, 6)(21, 6)
68868f88c7c8f4887bf441ea1f61500dbcd1da5b.flv,7deff9e47e47c98bb341c4355dfff9a82bfba221.flv	(21, 0)(22, 1)(23, 3)(24, 4)
68868f88c7c8f4887bf441ea1f61500dbcd1da5b.flv,7e4fe3c124a00ce43ce0b5b0aca342d79e3c1ed7.flv	(0, 2)(1, 3)(2, 4)(3, 5)(5, 7)(6, 8)(9, 14)(11, 19)(18, 27)(19, 28)(21, 30)(22, 31)(23, 33)(24, 35)(26, 36)(27, 37)(28, 39)(29, 40)
68868f88c7c8f4887bf441ea1f61500dbcd1da5b.flv,aca39f299bade8a43abc80bac36d598239c63906.flv	(0, 1)(1, 2)(3, 3)(4, 4)(5, 5)(6, 6)(7, 7)(10, 11)(11, 12)(12, 14)(13, 15)(15, 16)(17, 17)(18, 18)(19, 19)(21, 20)(22, 21)(23, 22)(24, 23)(26, 24)(27, 25)(28, 26)(29, 27)
68868f88c7c8f4887bf441ea1f61500dbcd1da5b.flv,b22db6382d74710e88eb1cb50bf3f74bec402491.flv	(0, 2)(1, 3)(2, 4)(5, 6)(6, 7)(7, 8)(9, 11)(10, 12)(11, 13)(12, 15)(15, 16)(19, 19)(22, 21)(23, 22)(25, 24)(26, 25)(27, 26)(29, 27)
68868f88c7c8f4887bf441ea1f61500dbcd1da5b.flv,c224dece59ecedc0a54ddafe5b1ab0ecf1f7a729.flv	(9, 6)(11, 11)(12, 12)(12, 13)(13, 14)(14, 14)(15, 16)(18, 19)(19, 20)(21, 22)(22, 23)(23, 25)(24, 28)(26, 29)(27, 30)(28, 32)(29, 33)
68868f88c7c8f4887bf441ea1f61500dbcd1da5b.flv,c70491f4b4d4a8e90561c11ac929edf430e62641.flv	(0, 3)(1, 4)(2, 5)(5, 6)(6, 7)(7, 8)(9, 10)(10, 11)(11, 13)(12, 14)(13, 15)(14, 16)(15, 17)(17, 18)(18, 19)(19, 20)(21, 21)(22, 22)(23, 23)(24, 24)(26, 25)(27, 26)(29, 28)
68868f88c7c8f4887bf441ea1f61500dbcd1da5b.flv,e8e7aaf3d965501ca315099c1d2b4c8fe12cce68.flv	(15, 0)(18, 1)(19, 2)(21, 3)(22, 4)(23, 5)(24, 6)(26, 7)(27, 8)(29, 9)
7a80366e144e759603a9ebecfd91848196e255d2.flv,7a80366e144e759603a9ebecfd91848196e255d2.flv	(1, 1)(2, 2)(3, 3)(4, 4)(5, 5)(6, 6)(7, 7)(8, 8)(9, 9)(10, 10)(11, 11)(12, 12)(13, 13)(14, 14)(15, 15)(16, 16)(17, 17)(18, 18)(19, 19)(20, 20)(21, 21)(22, 22)(23, 23)(24, 24)(25, 25)(26, 26)(27, 27)(28, 28)(29, 29)
7a80366e144e759603a9ebecfd91848196e255d2.flv,7deff9e47e47c98bb341c4355dfff9a82bfba221.flv	(21, 6)
7a80366e144e759603a9ebecfd91848196e255d2.flv,7deff9e47e47c98bb341c4355dfff9a82bfba221.flv	(21, 0)(22, 1)(23, 3)(24, 4)
7a80366e144e759603a9ebecfd91848196e255d2.flv,7e4fe3c124a00ce43ce0b5b0aca342d79e3c1ed7.flv	(1, 2)(2, 3)(3, 4)(5, 7)(6, 8)(10, 14)(12, 19)(17, 26)(19, 27)(20, 28)(21, 30)(22, 31)(23, 33)(26, 36)(27, 37)(28, 39)(29, 40)
7a80366e144e759603a9ebecfd91848196e255d2.flv,aca39f299bade8a43abc80bac36d598239c63906.flv	(1, 1)(2, 2)(3, 3)(4, 4)(5, 5)(6, 6)(7, 7)(11, 11)(12, 12)(13, 14)(14, 15)(16, 16)(17, 17)(19, 18)(20, 19)(21, 20)(22, 21)(23, 22)(26, 24)(27, 25)(28, 26)(29, 27)
7a80366e144e759603a9ebecfd91848196e255d2.flv,b22db6382d74710e88eb1cb50bf3f74bec402491.flv	(1, 2)(2, 3)(3, 4)(5, 6)(6, 7)(7, 8)(10, 11)(11, 12)(12, 13)(13, 15)(16, 16)(18, 18)(20, 19)(22, 21)(23, 22)(25, 24)(26, 25)(27, 26)(29, 27)
7a80366e144e759603a9ebecfd91848196e255d2.flv,c224dece59ecedc0a54ddafe5b1ab0ecf1f7a729.flv	(8, 4)(10, 6)(12, 11)(13, 12)(13, 13)(14, 14)(15, 14)(16, 16)(17, 18)(19, 19)(20, 20)(21, 22)(22, 23)(23, 25)(25, 28)(26, 29)(27, 30)(28, 32)(29, 33)
7a80366e144e759603a9ebecfd91848196e255d2.flv,c70491f4b4d4a8e90561c11ac929edf430e62641.flv	(1, 3)(2, 4)(3, 5)(5, 6)(6, 7)(7, 8)(8, 9)(10, 10)(11, 11)(12, 13)(13, 14)(14, 15)(15, 16)(16, 17)(18, 18)(19, 19)(20, 20)(21, 21)(22, 22)(23, 23)(26, 25)(27, 26)(29, 28)
7a80366e144e759603a9ebecfd91848196e255d2.flv,e8e7aaf3d965501ca315099c1d2b4c8fe12cce68.flv	(16, 0)(19, 1)(20, 2)(21, 3)(22, 4)(23, 5)(25, 6)(26, 7)(27, 8)(29, 9)
7deff9e47e47c98bb341c4355dfff9a82bfba221.flv,7deff9e47e47c98bb341c4355dfff9a82bfba221.flv	(0, 0)(1, 1)(2, 2)(3, 3)(4, 4)(5, 5)(6, 6)(7, 7)(8, 8)(9, 9)(10, 10)(11, 11)(12, 12)(13, 13)(14, 14)(15, 15)(16, 16)(17, 17)(18, 18)(19, 19)(20, 20)(21, 21)(22, 22)(23, 23)(24, 24)(25, 25)(26, 26)(27, 27)(28, 28)(29, 29)(30, 30)(31, 31)(32, 32)(33, 33)(34, 34)(35, 35)(36, 36)(37, 37)(38, 38)(39, 39)(40, 40)(41, 41)(42, 42)(43, 43)(44, 44)(45, 45)(46, 46)(47, 47)(48, 48)(49, 49)(50, 50)(51, 51)(52, 52)(53, 53)(54, 54)(55, 55)(56, 56)(57, 57)(58, 58)(59, 59)(60, 60)(61, 61)(62, 62)(63, 63)(64, 64)(65, 65)(66, 66)(67, 67)(68, 68)(69, 69)(70, 70)(71, 71)(72, 72)(73, 73)(74, 74)(75, 75)(76, 76)(77, 77)(78, 78)(79, 79)(80, 80)(81, 81)(82, 82)(83, 83)(84, 84)(85, 85)(86, 86)(87, 87)(88, 88)(89, 89)(90, 90)(91, 91)(92, 92)(93, 93)(94, 94)(95, 95)(96, 96)(97, 97)(98, 98)(99, 99)(100, 100)(101, 101)(102, 102)(103, 103)(104, 104)(105, 105)(106, 106)(107, 107)(108, 108)(109, 109)(110, 110)(111, 111)(112, 112)(113, 113)(114, 114)(115, 115)(116, 116)(117, 117)(118, 118)(119, 119)(120, 120)(121, 121)(122, 122)(123, 123)(124, 124)
7deff9e47e47c98bb341c4355dfff9a82bfba221.flv,7e4fe3c124a00ce43ce0b5b0aca342d79e3c1ed7.flv	(0, 30)(1, 31)(2, 32)(3, 33)(4, 35)
7deff9e47e47c98bb341c4355dfff9a82bfba221.flv,7e4fe3c124a00ce43ce0b5b0aca342d79e3c1ed7.flv	(6, 30)
7deff9e47e47c98bb341c4355dfff9a82bfba221.flv,aca39f299bade8a43abc80bac36d598239c63906.flv	(0, 20)(1, 21)(3, 22)(4, 23)
7deff9e47e47c98bb341c4355dfff9a82bfba221.flv,aca39f299bade8a43abc80bac36d598239c63906.flv	(6, 20)
7deff9e47e47c98bb341c4355dfff9a82bfba221.flv,b22db6382d74710e88eb1cb50bf3f74bec402491.flv	(0, 20)(1, 21)(3, 22)(4, 23)
7deff9e47e47c98bb341c4355dfff9a82bfba221.flv,b22db6382d74710e88eb1cb50bf3f74bec402491.flv	(6, 20)
7deff9e47e47c98bb341c4355dfff9a82bfba221.flv,c224dece59ecedc0a54ddafe5b1ab0ecf1f7a729.flv	(0, 22)(1, 23)(2, 24)(3, 25)(4, 27)
7deff9e47e47c98bb341c4355dfff9a82bfba221.flv,c224dece59ecedc0a54ddafe5b1ab0ecf1f7a729.flv	(6, 22)
7deff9e47e47c98bb341c4355dfff9a82bfba221.flv,c70491f4b4d4a8e90561c11ac929edf430e62641.flv	(0, 21)(1, 22)(3, 23)(4, 24)
7deff9e47e47c98bb341c4355dfff9a82bfba221.flv,c70491f4b4d4a8e90561c11ac929edf430e62641.flv	(6, 21)
7deff9e47e47c98bb341c4355dfff9a82bfba221.flv,e8e7aaf3d965501ca315099c1d2b4c8fe12cce68.flv	(0, 3)(1, 4)(3, 5)(4, 6)
7deff9e47e47c98bb341c4355dfff9a82bfba221.flv,e8e7aaf3d965501ca315099c1d2b4c8fe12cce68.flv	(6, 3)
7e4fe3c124a00ce43ce0b5b0aca342d79e3c1ed7.flv,7e4fe3c124a00ce43ce0b5b0aca342d79e3c1ed7.flv	(0, 0)(1, 1)(2, 2)(3, 3)(4, 4)(5, 5)(6, 6)(7, 7)(8, 8)(9, 9)(10, 10)(11, 11)(12, 12)(13, 13)(14, 14)(15, 15)(16, 16)(17, 17)(18, 18)(19, 19)(20, 20)(21, 21)(22, 22)(23, 23)(24, 24)(25, 25)(26, 26)(27, 27)(28, 28)(29, 29)(30, 30)(31, 31)(32, 32)(33, 33)(34, 34)(35, 35)(36, 36)(37, 37)(38, 38)(39, 39)(40, 40)(41, 41)
7e4fe3c124a00ce43ce0b5b0aca342d79e3c1ed7.flv,aca39f299bade8a43abc80bac36d598239c63906.flv	(2, 1)(3, 2)(5, 3)(6, 4)(7, 5)(8, 6)(13, 9)(14, 10)(19, 12)(20, 13)(21, 15)(26, 17)(27, 18)(28, 19)(30, 20)(31, 21)(33, 22)(35, 23)(36, 24)(37, 25)(39, 26)(40, 27)
7e4fe3c124a00ce43ce0b5b0aca342d79e3c1ed7.flv,b22db6382d74710e88eb1cb50bf3f74bec402491.flv	(2, 2)(3, 3)(4, 4)(6, 5)(7, 6)(8, 7)(19, 13)(26, 17)(27, 18)(28, 19)(31, 21)(33, 22)(35, 23)(36, 25)(40, 27)
7e4fe3c124a00ce43ce0b5b0aca342d79e3c1ed7.flv,c224dece59ecedc0a54ddafe5b1ab0ecf1f7a729.flv	(9, 0)(10, 1)(12, 2)(13, 5)(14, 6)(15, 7)(16, 8)(17, 9)(18, 10)(19, 11)(20, 12)(21, 14)(22, 15)(24, 16)(25, 17)(26, 18)(27, 19)(28, 20)(29, 21)(30, 22)(31, 23)(32, 24)(33, 25)(34, 26)(35, 28)(36, 29)(37, 30)(38, 31)(39, 32)(40, 33)(41, 35)
7e4fe3c124a00ce43ce0b5b0aca342d79e3c1ed7.flv,c70491f4b4d4a8e90561c11ac929edf430e62641.flv	(2, 3)(3, 4)(4, 5)(7, 6)(8, 7)(18, 12)(19, 13)(27, 19)(28, 20)(30, 21)(31, 22)(33, 23)(35, 24)(36, 25)(37, 26)(38, 27)(40, 28)
7e4fe3c124a00ce43ce0b5b0aca342d79e3c1ed7.flv,e8e7aaf3d965501ca315099c1d2b4c8fe12cce68.flv	(27, 1)(30, 3)(35, 6)(36, 7)(37, 8)(40, 9)
aca39f299bade8a43abc80bac36d598239c63906.flv,aca39f299bade8a43abc80bac36d598239c63906.flv	(1, 1)(2, 2)(3, 3)(4, 4)(5, 5)(6, 6)(7, 7)(8, 8)(9, 9)(10, 10)(11, 11)(12, 12)(13, 13)(14, 14)(15, 15)(16, 16)(17, 17)(18, 18)(19, 19)(20, 20)(21, 21)(22, 22)(23, 23)(24, 24)(25, 25)(26, 26)(27, 27)
aca39f299bade8a43abc80bac36d598239c63906.flv,b22db6382d74710e88eb1cb50bf3f74bec402491.flv	(1, 2)(2, 3)(3, 4)(4, 5)(5, 6)(7, 8)(8, 9)(11, 12)(12, 13)(14, 15)(16, 16)(18, 18)(19, 19)(20, 20)(21, 21)(22, 22)(23, 23)(24, 25)(27, 27)
aca39f299bade8a43abc80bac36d598239c63906.flv,c224dece59ecedc0a54ddafe5b1ab0ecf1f7a729.flv	(8, 3)(9, 5)(10, 6)(12, 11)(13, 12)(14, 13)(15, 14)(16, 16)(17, 18)(18, 19)(19, 20)(20, 22)(22, 25)(23, 28)(24, 29)(25, 30)(26, 32)(27, 33)
aca39f299bade8a43abc80bac36d598239c63906.flv,c70491f4b4d4a8e90561c11ac929edf430e62641.flv	(1, 3)(2, 4)(3, 5)(5, 6)(6, 7)(7, 8)(9, 10)(11, 11)(12, 13)(14, 14)(15, 15)(16, 17)(18, 19)(19, 20)(20, 21)(21, 22)(22, 23)(23, 24)(24, 25)(25, 26)(27, 28)
aca39f299bade8a43abc80bac36d598239c63906.flv,e8e7aaf3d965501ca315099c1d2b4c8fe12cce68.flv	(16, 0)(19, 2)(21, 4)(22, 5)(23, 6)(25, 8)(27, 9)
b22db6382d74710e88eb1cb50bf3f74bec402491.flv,b22db6382d74710e88eb1cb50bf3f74bec402491.flv	(0, 0)(1, 1)(2, 2)(3, 3)(4, 4)(5, 5)(6, 6)(7, 7)(8, 8)(9, 9)(10, 10)(11, 11)(12, 12)(13, 13)(14, 14)(15, 15)(16, 16)(17, 17)(18, 18)(19, 19)(20, 20)(21, 21)(22, 22)(23, 23)(24, 24)(25, 25)(26, 26)(27, 27)
b22db6382d74710e88eb1cb50bf3f74bec402491.flv,c224dece59ecedc0a54ddafe5b1ab0ecf1f7a729.flv	(9, 3)(13, 11)(15, 13)(16, 16)(17, 18)(18, 19)(19, 20)(20, 22)(21, 23)(22, 25)(25, 29)(27, 33)
b22db6382d74710e88eb1cb50bf3f74bec402491.flv,c70491f4b4d4a8e90561c11ac929edf430e62641.flv	(20, 21)(21, 22)(22, 23)(23, 24)
b22db6382d74710e88eb1cb50bf3f74bec402491.flv,e8e7aaf3d965501ca315099c1d2b4c8fe12cce68.flv	(16, 0)(19, 2)(22, 5)(25, 7)(26, 8)(27, 9)
c224dece59ecedc0a54ddafe5b1ab0ecf1f7a729.flv,c224dece59ecedc0a54ddafe5b1ab0ecf1f7a729.flv	(0, 0)(1, 1)(2, 2)(3, 3)(4, 4)(5, 5)(6, 6)(7, 7)(8, 8)(9, 9)(10, 10)(11, 11)(12, 12)(13, 13)(14, 14)(15, 15)(16, 16)(17, 17)(18, 18)(19, 19)(20, 20)(21, 21)(22, 22)(23, 23)(24, 24)(25, 25)(26, 26)(27, 27)(28, 28)(29, 29)(30, 30)(31, 31)(32, 32)(33, 33)(34, 34)(35, 35)
c224dece59ecedc0a54ddafe5b1ab0ecf1f7a729.flv,c70491f4b4d4a8e90561c11ac929edf430e62641.flv	(4, 9)(5, 10)(10, 12)(11, 13)(12, 14)(13, 14)(14, 15)(14, 16)(16, 17)(19, 19)(20, 20)(22, 21)(23, 22)(25, 23)(28, 24)(29, 25)(30, 26)(31, 27)(33, 28)
c224dece59ecedc0a54ddafe5b1ab0ecf1f7a729.flv,e8e7aaf3d965501ca315099c1d2b4c8fe12cce68.flv	(16, 0)(22, 3)(28, 6)(30, 8)(33, 9)
c70491f4b4d4a8e90561c11ac929edf430e62641.flv,c70491f4b4d4a8e90561c11ac929edf430e62641.flv	(0, 0)(1, 1)(2, 2)(3, 3)(4, 4)(5, 5)(6, 6)(7, 7)(8, 8)(9, 9)(10, 10)(11, 11)(12, 12)(13, 13)(14, 14)(15, 15)(16, 16)(17, 17)(18, 18)(19, 19)(20, 20)(21, 21)(22, 22)(23, 23)(24, 24)(25, 25)(26, 26)(27, 27)(28, 28)
c70491f4b4d4a8e90561c11ac929edf430e62641.flv,e8e7aaf3d965501ca315099c1d2b4c8fe12cce68.flv	(17, 0)(19, 1)(20, 2)(21, 3)(22, 4)(23, 5)(24, 6)(26, 8)(28, 9)
e8e7aaf3d965501ca315099c1d2b4c8fe12cce68.flv,e8e7aaf3d965501ca315099c1d2b4c8fe12cce68.flv	(0, 0)(1, 1)(2, 2)(3, 3)(4, 4)(5, 5)(6, 6)(7, 7)(8, 8)(9, 9)
