0df916fdd13b8579ba1d12190b931f14daeb72eb.flv,0df916fdd13b8579ba1d12190b931f14daeb72eb.flv	(0, 0)(1, 1)(2, 2)(3, 3)(4, 4)(5, 5)(6, 6)(7, 7)(8, 8)(9, 9)(10, 10)(11, 11)
0df916fdd13b8579ba1d12190b931f14daeb72eb.flv,1f518e563d7fcdc4f21aedc1e2b30298255dd10c.flv	(0, 0)(1, 1)(3, 2)(4, 3)(5, 4)(7, 5)(10, 7)(11, 8)
0df916fdd13b8579ba1d12190b931f14daeb72eb.flv,2283dfecf92111bfb035888b4810c011ac164876.flv	(3, 11)(5, 12)(8, 13)(10, 14)(11, 15)
0df916fdd13b8579ba1d12190b931f14daeb72eb.flv,2283dfecf92111bfb035888b4810c011ac164876.flv	(3, 18)(4, 19)(5, 20)(6, 21)(9, 23)(11, 24)
0df916fdd13b8579ba1d12190b931f14daeb72eb.flv,6a2f5ceaa65dd1187ff57ff1c1fccee9da91985b.flv	(0, 1)(1, 2)(3, 3)(5, 6)
0df916fdd13b8579ba1d12190b931f14daeb72eb.flv,80fd5c866390b8caf4129486e0f11beeca47d952.flv	(0, 0)(2, 2)(3, 3)(4, 4)(5, 5)(6, 6)(7, 7)(10, 9)(11, 10)
0df916fdd13b8579ba1d12190b931f14daeb72eb.flv,8a268ef5ad1f250fca37321ba2e9c9224b084dba.flv	(0, 4)(1, 5)(3, 6)(5, 8)(7, 9)(8, 10)(10, 11)(11, 12)
0df916fdd13b8579ba1d12190b931f14daeb72eb.flv,925a69d13824e3521d6eccbe8c6d7ff0c54486fe.flv	(0, 0)(1, 2)(2, 3)(3, 4)(4, 5)(8, 8)(9, 9)(10, 10)(11, 11)
0df916fdd13b8579ba1d12190b931f14daeb72eb.flv,a8253d279cbeb3a29bd346b63083c054eab1407a.flv	(0, 2)(1, 3)(2, 4)(3, 5)(5, 8)(7, 9)(10, 12)(11, 13)
0df916fdd13b8579ba1d12190b931f14daeb72eb.flv,acdf1a72b8cf37ee2609cdc03ff70747f36e0476.flv	(0, 0)(1, 1)(2, 2)(3, 3)(4, 4)(5, 5)(7, 7)(8, 8)(9, 9)(10, 10)(11, 11)
0df916fdd13b8579ba1d12190b931f14daeb72eb.flv,e05b9149d1a03f651df63b63657e7de1e106e061.flv	(0, 2)(1, 3)(2, 4)(3, 5)(5, 8)(7, 9)(10, 12)(11, 13)
0df916fdd13b8579ba1d12190b931f14daeb72eb.flv,e2cae9c5ef92cbb53d823cfeb4d75c294baed21c.flv	(0, 1)(1, 2)(3, 3)(5, 6)
1f518e563d7fcdc4f21aedc1e2b30298255dd10c.flv,1f518e563d7fcdc4f21aedc1e2b30298255dd10c.flv	(0, 0)(1, 1)(2, 2)(3, 3)(4, 4)(5, 5)(6, 6)(7, 7)(8, 8)
1f518e563d7fcdc4f21aedc1e2b30298255dd10c.flv,2283dfecf92111bfb035888b4810c011ac164876.flv	(4, 12)(6, 13)(7, 14)(8, 15)
1f518e563d7fcdc4f21aedc1e2b30298255dd10c.flv,2283dfecf92111bfb035888b4810c011ac164876.flv	(2, 18)(3, 19)(4, 20)(8, 24)
1f518e563d7fcdc4f21aedc1e2b30298255dd10c.flv,6a2f5ceaa65dd1187ff57ff1c1fccee9da91985b.flv	(0, 1)(1, 2)(2, 3)(4, 6)
1f518e563d7fcdc4f21aedc1e2b30298255dd10c.flv,80fd5c866390b8caf4129486e0f11beeca47d952.flv	(0, 0)(2, 3)(3, 4)(4, 5)(7, 8)(7, 9)(8, 10)
1f518e563d7fcdc4f21aedc1e2b30298255dd10c.flv,8a268ef5ad1f250fca37321ba2e9c9224b084dba.flv	(0, 4)(1, 5)(2, 6)(4, 8)(5, 9)(7, 10)(8, 12)
1f518e563d7fcdc4f21aedc1e2b30298255dd10c.flv,925a69d13824e3521d6eccbe8c6d7ff0c54486fe.flv	(0, 0)(1, 2)(2, 4)(3, 5)(5, 7)(7, 10)(8, 11)
1f518e563d7fcdc4f21aedc1e2b30298255dd10c.flv,a8253d279cbeb3a29bd346b63083c054eab1407a.flv	(0, 2)(1, 3)(2, 5)(4, 8)(5, 9)(6, 10)(7, 11)(7, 12)(8, 13)
1f518e563d7fcdc4f21aedc1e2b30298255dd10c.flv,acdf1a72b8cf37ee2609cdc03ff70747f36e0476.flv	(0, 0)(1, 1)(2, 3)(3, 4)(4, 5)(5, 7)(7, 10)(8, 11)
1f518e563d7fcdc4f21aedc1e2b30298255dd10c.flv,e05b9149d1a03f651df63b63657e7de1e106e061.flv	(0, 2)(1, 3)(2, 5)(4, 8)(5, 9)(6, 10)(7, 11)(7, 12)(8, 13)
1f518e563d7fcdc4f21aedc1e2b30298255dd10c.flv,e2cae9c5ef92cbb53d823cfeb4d75c294baed21c.flv	(0, 1)(1, 2)(2, 3)(4, 6)
2283dfecf92111bfb035888b4810c011ac164876.flv,2283dfecf92111bfb035888b4810c011ac164876.flv	(0, 0)(1, 1)(2, 2)(3, 3)(4, 4)(5, 5)(6, 6)(7, 7)(8, 8)(9, 9)(10, 10)(11, 11)(12, 12)(13, 13)(14, 14)(15, 15)(16, 16)(17, 17)(18, 18)(19, 19)(20, 20)(21, 21)(22, 22)(23, 23)(24, 24)(25, 25)(26, 26)(27, 27)(28, 28)(29, 29)
2283dfecf92111bfb035888b4810c011ac164876.flv,60424fb57dae4de20a1672b9019d54dea5179073.flv	(0, 2)(1, 4)(6, 20)(7, 22)
2283dfecf92111bfb035888b4810c011ac164876.flv,60424fb57dae4de20a1672b9019d54dea5179073.flv	(18, 11)(22, 18)(23, 19)
2283dfecf92111bfb035888b4810c011ac164876.flv,6a2f5ceaa65dd1187ff57ff1c1fccee9da91985b.flv	(9, 0)(10, 3)(11, 6)
2283dfecf92111bfb035888b4810c011ac164876.flv,6a2f5ceaa65dd1187ff57ff1c1fccee9da91985b.flv	(18, 3)(20, 6)
2283dfecf92111bfb035888b4810c011ac164876.flv,71ba3405d1e896d04c89754ff618b4198d2e65d5.flv	(7, 12)
2283dfecf92111bfb035888b4810c011ac164876.flv,71ba3405d1e896d04c89754ff618b4198d2e65d5.flv	(18, 5)(19, 7)(20, 8)(22, 9)(23, 10)(24, 11)
2283dfecf92111bfb035888b4810c011ac164876.flv,77452e0b0c34723b656047c3cbd5d9bf2e11eaaf.flv	(2, 1)(4, 6)(6, 12)
2283dfecf92111bfb035888b4810c011ac164876.flv,77452e0b0c34723b656047c3cbd5d9bf2e11eaaf.flv	(18, 6)(19, 9)
2283dfecf92111bfb035888b4810c011ac164876.flv,80fd5c866390b8caf4129486e0f11beeca47d952.flv	(11, 3)(12, 5)(13, 7)(14, 9)(15, 11)
2283dfecf92111bfb035888b4810c011ac164876.flv,80fd5c866390b8caf4129486e0f11beeca47d952.flv	(18, 3)(19, 4)(20, 5)(21, 6)(22, 7)(23, 8)
2283dfecf92111bfb035888b4810c011ac164876.flv,8a268ef5ad1f250fca37321ba2e9c9224b084dba.flv	(9, 3)(12, 8)(14, 10)(15, 12)
2283dfecf92111bfb035888b4810c011ac164876.flv,8a268ef5ad1f250fca37321ba2e9c9224b084dba.flv	(18, 6)(19, 7)(20, 8)(24, 12)
2283dfecf92111bfb035888b4810c011ac164876.flv,8b99b013165faa0c1cb36794f0d20d38a621f496.flv	(2, 0)(3, 2)(5, 7)(7, 9)(8, 10)
2283dfecf92111bfb035888b4810c011ac164876.flv,8b99b013165faa0c1cb36794f0d20d38a621f496.flv	(10, 6)(23, 9)(24, 10)
2283dfecf92111bfb035888b4810c011ac164876.flv,925a69d13824e3521d6eccbe8c6d7ff0c54486fe.flv	(9, 0)(10, 1)(11, 4)(12, 7)(13, 8)(14, 10)(15, 11)
2283dfecf92111bfb035888b4810c011ac164876.flv,925a69d13824e3521d6eccbe8c6d7ff0c54486fe.flv	(18, 4)(19, 5)(23, 9)(24, 11)
2283dfecf92111bfb035888b4810c011ac164876.flv,a8253d279cbeb3a29bd346b63083c054eab1407a.flv	(11, 5)(12, 8)(13, 10)(14, 12)(15, 13)
2283dfecf92111bfb035888b4810c011ac164876.flv,a8253d279cbeb3a29bd346b63083c054eab1407a.flv	(18, 5)(20, 8)(23, 11)(24, 13)
2283dfecf92111bfb035888b4810c011ac164876.flv,acdf1a72b8cf37ee2609cdc03ff70747f36e0476.flv	(11, 3)(12, 5)(13, 8)(14, 10)(15, 11)
2283dfecf92111bfb035888b4810c011ac164876.flv,acdf1a72b8cf37ee2609cdc03ff70747f36e0476.flv	(18, 3)(19, 4)(20, 5)(23, 9)(24, 11)
2283dfecf92111bfb035888b4810c011ac164876.flv,b1d0d41066ffb0afa9e3a3375199824f35a80c4d.flv	(4, 6)(7, 17)
2283dfecf92111bfb035888b4810c011ac164876.flv,b1d0d41066ffb0afa9e3a3375199824f35a80c4d.flv	(18, 6)(19, 9)(22, 13)(26, 17)
2283dfecf92111bfb035888b4810c011ac164876.flv,e05b9149d1a03f651df63b63657e7de1e106e061.flv	(11, 5)(12, 8)(13, 10)(14, 12)(15, 13)
2283dfecf92111bfb035888b4810c011ac164876.flv,e05b9149d1a03f651df63b63657e7de1e106e061.flv	(18, 5)(20, 8)(23, 11)(24, 13)
2283dfecf92111bfb035888b4810c011ac164876.flv,e2cae9c5ef92cbb53d823cfeb4d75c294baed21c.flv	(9, 0)(11, 3)(12, 6)
2283dfecf92111bfb035888b4810c011ac164876.flv,e2cae9c5ef92cbb53d823cfeb4d75c294baed21c.flv	(18, 3)(20, 6)
2283dfecf92111bfb035888b4810c011ac164876.flv,f6e296bfd930f585e165246530efa97bc035330f.flv	(2, 11)(3, 12)(4, 13)(5, 14)(7, 15)
2283dfecf92111bfb035888b4810c011ac164876.flv,f6e296bfd930f585e165246530efa97bc035330f.flv	(4, 19)(5, 20)
2283dfecf92111bfb035888b4810c011ac164876.flv,f6e296bfd930f585e165246530efa97bc035330f.flv	(4, 39)(5, 40)(7, 41)
2283dfecf92111bfb035888b4810c011ac164876.flv,f6e296bfd930f585e165246530efa97bc035330f.flv	(4, 22)
2283dfecf92111bfb035888b4810c011ac164876.flv,f6e296bfd930f585e165246530efa97bc035330f.flv	(4, 31)
2283dfecf92111bfb035888b4810c011ac164876.flv,f6e296bfd930f585e165246530efa97bc035330f.flv	(18, 13)
2283dfecf92111bfb035888b4810c011ac164876.flv,f6e296bfd930f585e165246530efa97bc035330f.flv	(18, 19)
2283dfecf92111bfb035888b4810c011ac164876.flv,f6e296bfd930f585e165246530efa97bc035330f.flv	(18, 39)(24, 41)
2283dfecf92111bfb035888b4810c011ac164876.flv,f6e296bfd930f585e165246530efa97bc035330f.flv	
2283dfecf92111bfb035888b4810c011ac164876.flv,f6e296bfd930f585e165246530efa97bc035330f.flv	
60424fb57dae4de20a1672b9019d54dea5179073.flv,60424fb57dae4de20a1672b9019d54dea5179073.flv	(0, 0)(1, 1)(2, 2)(3, 3)(4, 4)(5, 5)(6, 6)(7, 7)(8, 8)(9, 9)(10, 10)(11, 11)(12, 12)(13, 13)(14, 14)(15, 15)(16, 16)(17, 17)(18, 18)(19, 19)(20, 20)(21, 21)(22, 22)(23, 23)(24, 24)
60424fb57dae4de20a1672b9019d54dea5179073.flv,71ba3405d1e896d04c89754ff618b4198d2e65d5.flv	(6, 0)(7, 1)(9, 2)(10, 3)(11, 4)(12, 5)(13, 7)(17, 9)(18, 10)(22, 12)(23, 13)(24, 14)
60424fb57dae4de20a1672b9019d54dea5179073.flv,77452e0b0c34723b656047c3cbd5d9bf2e11eaaf.flv	(6, 0)(7, 1)(9, 2)(11, 6)(13, 9)(18, 12)(19, 13)
60424fb57dae4de20a1672b9019d54dea5179073.flv,8b99b013165faa0c1cb36794f0d20d38a621f496.flv	(7, 0)(11, 3)(12, 4)(24, 13)
60424fb57dae4de20a1672b9019d54dea5179073.flv,b1d0d41066ffb0afa9e3a3375199824f35a80c4d.flv	(6, 0)(7, 1)(9, 3)(9, 4)(10, 5)(11, 6)(13, 10)(17, 12)(18, 13)(19, 14)(20, 14)(21, 15)(22, 16)(23, 17)(24, 18)
60424fb57dae4de20a1672b9019d54dea5179073.flv,f6e296bfd930f585e165246530efa97bc035330f.flv	(23, 15)(24, 16)
60424fb57dae4de20a1672b9019d54dea5179073.flv,f6e296bfd930f585e165246530efa97bc035330f.flv	(20, 21)
60424fb57dae4de20a1672b9019d54dea5179073.flv,f6e296bfd930f585e165246530efa97bc035330f.flv	(22, 41)
60424fb57dae4de20a1672b9019d54dea5179073.flv,f6e296bfd930f585e165246530efa97bc035330f.flv	(14, 30)
60424fb57dae4de20a1672b9019d54dea5179073.flv,f6e296bfd930f585e165246530efa97bc035330f.flv	(13, 33)(14, 35)(18, 38)
6a2f5ceaa65dd1187ff57ff1c1fccee9da91985b.flv,6a2f5ceaa65dd1187ff57ff1c1fccee9da91985b.flv	(0, 0)(1, 1)(2, 2)(3, 3)(4, 4)(5, 5)(6, 6)
6a2f5ceaa65dd1187ff57ff1c1fccee9da91985b.flv,80fd5c866390b8caf4129486e0f11beeca47d952.flv	(1, 0)(2, 2)(3, 3)(6, 5)
6a2f5ceaa65dd1187ff57ff1c1fccee9da91985b.flv,8a268ef5ad1f250fca37321ba2e9c9224b084dba.flv	(0, 3)(1, 4)(3, 6)(6, 8)
6a2f5ceaa65dd1187ff57ff1c1fccee9da91985b.flv,925a69d13824e3521d6eccbe8c6d7ff0c54486fe.flv	(0, 0)(1, 1)(3, 4)(6, 7)
6a2f5ceaa65dd1187ff57ff1c1fccee9da91985b.flv,a8253d279cbeb3a29bd346b63083c054eab1407a.flv	(1, 2)(2, 3)(3, 5)(4, 6)(5, 7)(6, 8)
6a2f5ceaa65dd1187ff57ff1c1fccee9da91985b.flv,acdf1a72b8cf37ee2609cdc03ff70747f36e0476.flv	(1, 0)(2, 1)(3, 3)(6, 5)
6a2f5ceaa65dd1187ff57ff1c1fccee9da91985b.flv,e05b9149d1a03f651df63b63657e7de1e106e061.flv	(1, 2)(2, 3)(3, 5)(4, 6)(5, 7)(6, 8)
6a2f5ceaa65dd1187ff57ff1c1fccee9da91985b.flv,e2cae9c5ef92cbb53d823cfeb4d75c294baed21c.flv	(0, 0)(1, 1)(2, 2)(3, 3)(4, 4)(5, 5)(6, 6)
71ba3405d1e896d04c89754ff618b4198d2e65d5.flv,71ba3405d1e896d04c89754ff618b4198d2e65d5.flv	(0, 0)(1, 1)(2, 2)(3, 3)(4, 4)(5, 5)(6, 6)(7, 7)(8, 8)(9, 9)(10, 10)(11, 11)(12, 12)(13, 13)(14, 14)
71ba3405d1e896d04c89754ff618b4198d2e65d5.flv,77452e0b0c34723b656047c3cbd5d9bf2e11eaaf.flv	(1, 0)(2, 1)(8, 7)(8, 8)
71ba3405d1e896d04c89754ff618b4198d2e65d5.flv,8b99b013165faa0c1cb36794f0d20d38a621f496.flv	(1, 0)(4, 3)(5, 4)(6, 5)(11, 8)(14, 13)
71ba3405d1e896d04c89754ff618b4198d2e65d5.flv,b1d0d41066ffb0afa9e3a3375199824f35a80c4d.flv	(1, 0)(2, 1)(3, 2)(5, 6)(9, 11)(11, 14)(12, 16)(13, 17)(14, 18)
71ba3405d1e896d04c89754ff618b4198d2e65d5.flv,e05b9149d1a03f651df63b63657e7de1e106e061.flv	(10, 10)(11, 11)(14, 14)
71ba3405d1e896d04c89754ff618b4198d2e65d5.flv,f6e296bfd930f585e165246530efa97bc035330f.flv	(12, 15)(14, 16)
71ba3405d1e896d04c89754ff618b4198d2e65d5.flv,f6e296bfd930f585e165246530efa97bc035330f.flv	
71ba3405d1e896d04c89754ff618b4198d2e65d5.flv,f6e296bfd930f585e165246530efa97bc035330f.flv	(12, 41)
71ba3405d1e896d04c89754ff618b4198d2e65d5.flv,f6e296bfd930f585e165246530efa97bc035330f.flv	(6, 22)(8, 30)
71ba3405d1e896d04c89754ff618b4198d2e65d5.flv,f6e296bfd930f585e165246530efa97bc035330f.flv	(6, 31)(7, 33)
77452e0b0c34723b656047c3cbd5d9bf2e11eaaf.flv,77452e0b0c34723b656047c3cbd5d9bf2e11eaaf.flv	(0, 0)(1, 1)(2, 2)(3, 3)(4, 4)(5, 5)(6, 6)(7, 7)(8, 8)(9, 9)(10, 10)(11, 11)(12, 12)(13, 13)
77452e0b0c34723b656047c3cbd5d9bf2e11eaaf.flv,8b99b013165faa0c1cb36794f0d20d38a621f496.flv	(1, 0)(9, 7)(12, 8)(13, 10)
77452e0b0c34723b656047c3cbd5d9bf2e11eaaf.flv,b1d0d41066ffb0afa9e3a3375199824f35a80c4d.flv	(0, 0)(6, 6)(8, 7)(12, 13)(13, 14)
77452e0b0c34723b656047c3cbd5d9bf2e11eaaf.flv,e05b9149d1a03f651df63b63657e7de1e106e061.flv	(0, 2)(2, 3)(3, 4)(10, 11)(11, 12)(12, 13)(13, 14)
77452e0b0c34723b656047c3cbd5d9bf2e11eaaf.flv,f6e296bfd930f585e165246530efa97bc035330f.flv	(1, 11)(6, 13)
77452e0b0c34723b656047c3cbd5d9bf2e11eaaf.flv,f6e296bfd930f585e165246530efa97bc035330f.flv	(6, 19)
77452e0b0c34723b656047c3cbd5d9bf2e11eaaf.flv,f6e296bfd930f585e165246530efa97bc035330f.flv	(6, 39)(13, 41)
77452e0b0c34723b656047c3cbd5d9bf2e11eaaf.flv,f6e296bfd930f585e165246530efa97bc035330f.flv	
77452e0b0c34723b656047c3cbd5d9bf2e11eaaf.flv,f6e296bfd930f585e165246530efa97bc035330f.flv	(9, 33)
80fd5c866390b8caf4129486e0f11beeca47d952.flv,80fd5c866390b8caf4129486e0f11beeca47d952.flv	(0, 0)(1, 1)(2, 2)(3, 3)(4, 4)(5, 5)(6, 6)(7, 7)(8, 8)(9, 9)(10, 10)(11, 11)
80fd5c866390b8caf4129486e0f11beeca47d952.flv,8a268ef5ad1f250fca37321ba2e9c9224b084dba.flv	(0, 4)(3, 6)(5, 8)(7, 9)(8, 10)(9, 11)(10, 12)
80fd5c866390b8caf4129486e0f11beeca47d952.flv,925a69d13824e3521d6eccbe8c6d7ff0c54486fe.flv	(0, 0)(3, 4)(4, 5)(9, 10)(10, 11)
80fd5c866390b8caf4129486e0f11beeca47d952.flv,a8253d279cbeb3a29bd346b63083c054eab1407a.flv	(0, 2)(2, 4)(3, 5)(5, 8)(8, 11)(9, 12)(10, 13)
80fd5c866390b8caf4129486e0f11beeca47d952.flv,acdf1a72b8cf37ee2609cdc03ff70747f36e0476.flv	(0, 0)(2, 2)(3, 3)(4, 4)(5, 5)(9, 10)(10, 11)
80fd5c866390b8caf4129486e0f11beeca47d952.flv,e05b9149d1a03f651df63b63657e7de1e106e061.flv	(0, 2)(2, 4)(3, 5)(5, 8)(8, 11)(9, 12)(10, 13)
80fd5c866390b8caf4129486e0f11beeca47d952.flv,e2cae9c5ef92cbb53d823cfeb4d75c294baed21c.flv	(0, 1)(2, 2)(3, 3)(5, 6)
8a268ef5ad1f250fca37321ba2e9c9224b084dba.flv,8a268ef5ad1f250fca37321ba2e9c9224b084dba.flv	(0, 0)(1, 1)(2, 2)(3, 3)(4, 4)(5, 5)(6, 6)(7, 7)(8, 8)(9, 9)(10, 10)(11, 11)(12, 12)(13, 13)(14, 14)
8a268ef5ad1f250fca37321ba2e9c9224b084dba.flv,925a69d13824e3521d6eccbe8c6d7ff0c54486fe.flv	(4, 1)(5, 2)(6, 4)(7, 5)(10, 8)(11, 10)(12, 11)(14, 13)
8a268ef5ad1f250fca37321ba2e9c9224b084dba.flv,a8253d279cbeb3a29bd346b63083c054eab1407a.flv	(4, 2)(5, 3)(6, 5)(8, 8)(9, 9)(10, 11)(11, 12)(12, 13)
8a268ef5ad1f250fca37321ba2e9c9224b084dba.flv,acdf1a72b8cf37ee2609cdc03ff70747f36e0476.flv	(4, 0)(5, 1)(6, 3)(9, 7)(10, 8)(11, 10)(12, 11)
8a268ef5ad1f250fca37321ba2e9c9224b084dba.flv,e05b9149d1a03f651df63b63657e7de1e106e061.flv	(4, 2)(5, 3)(6, 5)(8, 8)(9, 9)(10, 11)(11, 12)(12, 13)
8a268ef5ad1f250fca37321ba2e9c9224b084dba.flv,e2cae9c5ef92cbb53d823cfeb4d75c294baed21c.flv	(3, 0)(4, 1)(6, 3)(8, 6)
8b99b013165faa0c1cb36794f0d20d38a621f496.flv,8b99b013165faa0c1cb36794f0d20d38a621f496.flv	(0, 0)(1, 1)(2, 2)(3, 3)(4, 4)(5, 5)(6, 6)(7, 7)(8, 8)(9, 9)(10, 10)(11, 11)(12, 12)(13, 13)
8b99b013165faa0c1cb36794f0d20d38a621f496.flv,b1d0d41066ffb0afa9e3a3375199824f35a80c4d.flv	(0, 1)(1, 2)(4, 6)(5, 7)(8, 14)(11, 17)(13, 18)
8b99b013165faa0c1cb36794f0d20d38a621f496.flv,e05b9149d1a03f651df63b63657e7de1e106e061.flv	(0, 2)(3, 3)(4, 5)(7, 8)(9, 11)(10, 12)(13, 14)
8b99b013165faa0c1cb36794f0d20d38a621f496.flv,f6e296bfd930f585e165246530efa97bc035330f.flv	(0, 11)(10, 15)(13, 17)
8b99b013165faa0c1cb36794f0d20d38a621f496.flv,f6e296bfd930f585e165246530efa97bc035330f.flv	(8, 20)
8b99b013165faa0c1cb36794f0d20d38a621f496.flv,f6e296bfd930f585e165246530efa97bc035330f.flv	(3, 36)(7, 39)(8, 40)
8b99b013165faa0c1cb36794f0d20d38a621f496.flv,f6e296bfd930f585e165246530efa97bc035330f.flv	(6, 22)
8b99b013165faa0c1cb36794f0d20d38a621f496.flv,f6e296bfd930f585e165246530efa97bc035330f.flv	(6, 31)
925a69d13824e3521d6eccbe8c6d7ff0c54486fe.flv,925a69d13824e3521d6eccbe8c6d7ff0c54486fe.flv	(0, 0)(1, 1)(2, 2)(3, 3)(4, 4)(5, 5)(6, 6)(7, 7)(8, 8)(9, 9)(10, 10)(11, 11)(12, 12)(13, 13)
925a69d13824e3521d6eccbe8c6d7ff0c54486fe.flv,a8253d279cbeb3a29bd346b63083c054eab1407a.flv	(0, 2)(2, 3)(3, 4)(4, 5)(8, 10)(9, 11)(10, 12)(11, 13)(13, 14)
925a69d13824e3521d6eccbe8c6d7ff0c54486fe.flv,acdf1a72b8cf37ee2609cdc03ff70747f36e0476.flv	(0, 0)(2, 1)(3, 2)(4, 3)(5, 4)(6, 5)(7, 7)(8, 8)(9, 9)(10, 10)(11, 11)
925a69d13824e3521d6eccbe8c6d7ff0c54486fe.flv,e05b9149d1a03f651df63b63657e7de1e106e061.flv	(0, 2)(2, 3)(3, 4)(4, 5)(8, 10)(9, 11)(10, 12)(11, 13)(13, 14)
925a69d13824e3521d6eccbe8c6d7ff0c54486fe.flv,e2cae9c5ef92cbb53d823cfeb4d75c294baed21c.flv	(0, 0)(1, 1)(4, 3)(7, 6)
a8253d279cbeb3a29bd346b63083c054eab1407a.flv,a8253d279cbeb3a29bd346b63083c054eab1407a.flv	(0, 0)(1, 1)(2, 2)(3, 3)(4, 4)(5, 5)(6, 6)(7, 7)(8, 8)(9, 9)(10, 10)(11, 11)(12, 12)(13, 13)(14, 14)
a8253d279cbeb3a29bd346b63083c054eab1407a.flv,acdf1a72b8cf37ee2609cdc03ff70747f36e0476.flv	(2, 0)(3, 1)(4, 2)(5, 3)(8, 5)(9, 7)(12, 10)(13, 11)
a8253d279cbeb3a29bd346b63083c054eab1407a.flv,b1d0d41066ffb0afa9e3a3375199824f35a80c4d.flv	(2, 0)(3, 2)(9, 8)(10, 9)(12, 10)(13, 11)(14, 13)
a8253d279cbeb3a29bd346b63083c054eab1407a.flv,e05b9149d1a03f651df63b63657e7de1e106e061.flv	(0, 0)(1, 1)(2, 2)(3, 3)(4, 4)(5, 5)(6, 6)(7, 7)(8, 8)(9, 9)(10, 10)(11, 11)(12, 12)(13, 13)(14, 14)
a8253d279cbeb3a29bd346b63083c054eab1407a.flv,e2cae9c5ef92cbb53d823cfeb4d75c294baed21c.flv	(2, 1)(3, 2)(5, 3)(6, 4)(7, 5)(8, 6)
acdf1a72b8cf37ee2609cdc03ff70747f36e0476.flv,acdf1a72b8cf37ee2609cdc03ff70747f36e0476.flv	(0, 0)(1, 1)(2, 2)(3, 3)(4, 4)(5, 5)(6, 6)(7, 7)(8, 8)(9, 9)(10, 10)(11, 11)
acdf1a72b8cf37ee2609cdc03ff70747f36e0476.flv,e05b9149d1a03f651df63b63657e7de1e106e061.flv	(0, 2)(1, 3)(2, 4)(3, 5)(5, 8)(7, 9)(10, 12)(11, 13)
acdf1a72b8cf37ee2609cdc03ff70747f36e0476.flv,e2cae9c5ef92cbb53d823cfeb4d75c294baed21c.flv	(0, 1)(1, 2)(3, 3)(5, 6)
b1d0d41066ffb0afa9e3a3375199824f35a80c4d.flv,b1d0d41066ffb0afa9e3a3375199824f35a80c4d.flv	(0, 0)(1, 1)(2, 2)(3, 3)(4, 4)(5, 5)(6, 6)(7, 7)(8, 8)(9, 9)(10, 10)(11, 11)(12, 12)(13, 13)(14, 14)(15, 15)(16, 16)(17, 17)(18, 18)
b1d0d41066ffb0afa9e3a3375199824f35a80c4d.flv,e05b9149d1a03f651df63b63657e7de1e106e061.flv	(0, 2)(2, 3)(8, 9)(9, 10)(10, 12)(11, 13)(13, 14)
b1d0d41066ffb0afa9e3a3375199824f35a80c4d.flv,f6e296bfd930f585e165246530efa97bc035330f.flv	
b1d0d41066ffb0afa9e3a3375199824f35a80c4d.flv,f6e296bfd930f585e165246530efa97bc035330f.flv	
b1d0d41066ffb0afa9e3a3375199824f35a80c4d.flv,f6e296bfd930f585e165246530efa97bc035330f.flv	(6, 39)
b1d0d41066ffb0afa9e3a3375199824f35a80c4d.flv,f6e296bfd930f585e165246530efa97bc035330f.flv	
b1d0d41066ffb0afa9e3a3375199824f35a80c4d.flv,f6e296bfd930f585e165246530efa97bc035330f.flv	(9, 31)(10, 33)
e05b9149d1a03f651df63b63657e7de1e106e061.flv,e05b9149d1a03f651df63b63657e7de1e106e061.flv	(0, 0)(1, 1)(2, 2)(3, 3)(4, 4)(5, 5)(6, 6)(7, 7)(8, 8)(9, 9)(10, 10)(11, 11)(12, 12)(13, 13)(14, 14)
e05b9149d1a03f651df63b63657e7de1e106e061.flv,e2cae9c5ef92cbb53d823cfeb4d75c294baed21c.flv	(2, 1)(3, 2)(5, 3)(6, 4)(7, 5)(8, 6)
e2cae9c5ef92cbb53d823cfeb4d75c294baed21c.flv,e2cae9c5ef92cbb53d823cfeb4d75c294baed21c.flv	(0, 0)(1, 1)(2, 2)(3, 3)(4, 4)(5, 5)(6, 6)
f6e296bfd930f585e165246530efa97bc035330f.flv,f6e296bfd930f585e165246530efa97bc035330f.flv	(0, 0)(1, 1)(2, 2)(3, 3)(4, 4)(5, 5)(6, 6)(7, 7)(8, 8)(9, 9)(10, 10)(11, 11)(12, 12)(13, 13)(14, 14)(15, 15)(16, 16)(17, 17)(18, 18)(19, 19)(20, 20)(21, 21)(22, 22)(23, 23)(24, 24)(25, 25)(26, 26)(27, 27)(28, 28)(29, 29)(30, 30)(31, 31)(32, 32)(33, 33)(34, 34)(35, 35)(36, 36)(37, 37)(38, 38)(39, 39)(40, 40)(41, 41)
