02ffeecd09331f27f731b2eabc6d1e0dcd91daa4.flv,02ffeecd09331f27f731b2eabc6d1e0dcd91daa4.flv	(0, 0)(1, 1)(2, 2)(3, 3)(4, 4)(5, 5)(6, 6)(7, 7)(8, 8)(9, 9)(10, 10)
02ffeecd09331f27f731b2eabc6d1e0dcd91daa4.flv,1ae7b9a578d5cdff57415e3701cd064d03ca3246.flv	(1, 0)(3, 1)(4, 3)(5, 4)
02ffeecd09331f27f731b2eabc6d1e0dcd91daa4.flv,2e246b45e7dfba0a7cfb2beb557c40d81dc02c99.flv	(1, 6)(3, 7)(4, 8)(5, 9)
02ffeecd09331f27f731b2eabc6d1e0dcd91daa4.flv,2e246b45e7dfba0a7cfb2beb557c40d81dc02c99.flv	(4, 11)
02ffeecd09331f27f731b2eabc6d1e0dcd91daa4.flv,36d4ff38748397fadca52e851f1b6f4679bf3027.flv	(1, 0)(3, 1)(4, 2)(5, 3)
02ffeecd09331f27f731b2eabc6d1e0dcd91daa4.flv,375e6b7b7b63d2a84798226ef0cef8f50135e90a.flv	(3, 2)(4, 3)(5, 4)
02ffeecd09331f27f731b2eabc6d1e0dcd91daa4.flv,375e6b7b7b63d2a84798226ef0cef8f50135e90a.flv	(4, 7)
02ffeecd09331f27f731b2eabc6d1e0dcd91daa4.flv,377f81e79938ba062762e74a3b8d4136b5523fa3.flv	(1, 3)(3, 5)(5, 6)
02ffeecd09331f27f731b2eabc6d1e0dcd91daa4.flv,3ec7ab68ed6a1690d7c0074bc563d0dccac57726.flv	(3, 14)(4, 15)(5, 16)
02ffeecd09331f27f731b2eabc6d1e0dcd91daa4.flv,3ec7ab68ed6a1690d7c0074bc563d0dccac57726.flv	(3, 17)(4, 18)(5, 18)
02ffeecd09331f27f731b2eabc6d1e0dcd91daa4.flv,3ec7ab68ed6a1690d7c0074bc563d0dccac57726.flv	(5, 20)
02ffeecd09331f27f731b2eabc6d1e0dcd91daa4.flv,3ed4f5c0eb04c94353594e8be1a72bcc657e27c7.flv	(3, 1)(5, 3)
02ffeecd09331f27f731b2eabc6d1e0dcd91daa4.flv,3ed4f5c0eb04c94353594e8be1a72bcc657e27c7.flv	(4, 5)
02ffeecd09331f27f731b2eabc6d1e0dcd91daa4.flv,5496ef100ec5a5151c058cb264d9877bf7e90960.flv	(1, 0)(2, 1)(3, 2)(5, 4)
02ffeecd09331f27f731b2eabc6d1e0dcd91daa4.flv,55b5cf91ebbb1f98879f64e74b8155fe98cad23a.flv	(1, 0)(3, 1)(4, 2)(5, 3)
02ffeecd09331f27f731b2eabc6d1e0dcd91daa4.flv,5965d78e520ef5c162f22da88745f4c6dccd6fcf.flv	(1, 0)(3, 1)(5, 2)
02ffeecd09331f27f731b2eabc6d1e0dcd91daa4.flv,5c4792c066b3e445d46c603878b1be0a33808111.flv	(1, 0)(3, 2)(5, 4)
02ffeecd09331f27f731b2eabc6d1e0dcd91daa4.flv,5c4792c066b3e445d46c603878b1be0a33808111.flv	(1, 5)(3, 6)(5, 8)
02ffeecd09331f27f731b2eabc6d1e0dcd91daa4.flv,5f6d3fba8821f4e3358d5ff9dd6d3bc55b03b119.flv	(1, 4)(3, 6)(4, 7)(5, 8)
02ffeecd09331f27f731b2eabc6d1e0dcd91daa4.flv,6cc806641ede517d2ba98b9ffc5691c152b6c1db.flv	(1, 0)(4, 3)(5, 5)
02ffeecd09331f27f731b2eabc6d1e0dcd91daa4.flv,6f5bbd3e080c65e9a9e52404c9054b2203d3f540.flv	(1, 0)(3, 1)(4, 2)(5, 3)
02ffeecd09331f27f731b2eabc6d1e0dcd91daa4.flv,84ce12a5fff66f4cd789c90bf61156f44fe21fbc.flv	(1, 0)(3, 1)(4, 2)(5, 3)
02ffeecd09331f27f731b2eabc6d1e0dcd91daa4.flv,8d6bd2b5607cbd53fd782843392105c020b9aa7d.flv	(1, 0)(3, 2)(5, 4)
02ffeecd09331f27f731b2eabc6d1e0dcd91daa4.flv,9110765efc621b8e551b94889875201f36a48d49.flv	(0, 0)(1, 1)(3, 2)(5, 3)
02ffeecd09331f27f731b2eabc6d1e0dcd91daa4.flv,925548514617c04feb99967cd1d40d985c467a2f.flv	(1, 3)(3, 4)(4, 5)(5, 6)
02ffeecd09331f27f731b2eabc6d1e0dcd91daa4.flv,934c1d493bed0e2fae442e8970d787f176ac89cb.flv	(1, 0)(3, 1)(4, 2)(5, 3)
02ffeecd09331f27f731b2eabc6d1e0dcd91daa4.flv,ab3d22a99b1f0fee38cf842f51b1dce60bed631f.flv	(1, 0)(2, 1)(5, 4)
02ffeecd09331f27f731b2eabc6d1e0dcd91daa4.flv,b3e2f9a02ee873972fcb0ce144996ad850c7b4af.flv	(1, 0)(3, 1)(4, 2)(5, 3)
02ffeecd09331f27f731b2eabc6d1e0dcd91daa4.flv,ce1451b329a9cd5ad178f0927644f81fad4c69c2.flv	(1, 0)(3, 1)(4, 2)(5, 3)
02ffeecd09331f27f731b2eabc6d1e0dcd91daa4.flv,de71afa5fe2363589c28021940d2902d8701efdf.flv	(1, 2)(1, 3)(4, 6)(5, 7)
02ffeecd09331f27f731b2eabc6d1e0dcd91daa4.flv,df4001c1e9d3e8fe3c61d9b6bac46cd377e6d2be.flv	(1, 0)(3, 1)(4, 2)(5, 3)
02ffeecd09331f27f731b2eabc6d1e0dcd91daa4.flv,df839544c199b12b5de023c1ee8511b947f5c999.flv	(1, 0)(2, 1)(3, 2)(5, 4)
02ffeecd09331f27f731b2eabc6d1e0dcd91daa4.flv,df839544c199b12b5de023c1ee8511b947f5c999.flv	(5, 5)
02ffeecd09331f27f731b2eabc6d1e0dcd91daa4.flv,e018528afcd7682556a4049b76d76105f60fa922.flv	(2, 0)(3, 1)(4, 2)(5, 3)
1ae7b9a578d5cdff57415e3701cd064d03ca3246.flv,1ae7b9a578d5cdff57415e3701cd064d03ca3246.flv	(0, 0)(1, 1)(2, 2)(3, 3)(4, 4)
1ae7b9a578d5cdff57415e3701cd064d03ca3246.flv,2e246b45e7dfba0a7cfb2beb557c40d81dc02c99.flv	(0, 6)(2, 7)(3, 8)(4, 9)
1ae7b9a578d5cdff57415e3701cd064d03ca3246.flv,2e246b45e7dfba0a7cfb2beb557c40d81dc02c99.flv	(3, 11)
1ae7b9a578d5cdff57415e3701cd064d03ca3246.flv,36d4ff38748397fadca52e851f1b6f4679bf3027.flv	(0, 0)(1, 1)(2, 2)(4, 4)
1ae7b9a578d5cdff57415e3701cd064d03ca3246.flv,375e6b7b7b63d2a84798226ef0cef8f50135e90a.flv	(0, 2)(3, 3)(4, 4)
1ae7b9a578d5cdff57415e3701cd064d03ca3246.flv,375e6b7b7b63d2a84798226ef0cef8f50135e90a.flv	(3, 7)
1ae7b9a578d5cdff57415e3701cd064d03ca3246.flv,377f81e79938ba062762e74a3b8d4136b5523fa3.flv	(1, 5)(3, 6)
1ae7b9a578d5cdff57415e3701cd064d03ca3246.flv,3ec7ab68ed6a1690d7c0074bc563d0dccac57726.flv	
1ae7b9a578d5cdff57415e3701cd064d03ca3246.flv,3ec7ab68ed6a1690d7c0074bc563d0dccac57726.flv	(1, 17)(2, 17)(3, 18)
1ae7b9a578d5cdff57415e3701cd064d03ca3246.flv,3ec7ab68ed6a1690d7c0074bc563d0dccac57726.flv	(4, 20)
1ae7b9a578d5cdff57415e3701cd064d03ca3246.flv,3ed4f5c0eb04c94353594e8be1a72bcc657e27c7.flv	(3, 2)(4, 3)
1ae7b9a578d5cdff57415e3701cd064d03ca3246.flv,3ed4f5c0eb04c94353594e8be1a72bcc657e27c7.flv	(3, 5)
1ae7b9a578d5cdff57415e3701cd064d03ca3246.flv,5496ef100ec5a5151c058cb264d9877bf7e90960.flv	(0, 1)(1, 2)(3, 3)(4, 4)
1ae7b9a578d5cdff57415e3701cd064d03ca3246.flv,55b5cf91ebbb1f98879f64e74b8155fe98cad23a.flv	(0, 0)(1, 1)(2, 2)(4, 4)
1ae7b9a578d5cdff57415e3701cd064d03ca3246.flv,5965d78e520ef5c162f22da88745f4c6dccd6fcf.flv	(0, 0)(1, 1)(4, 3)
1ae7b9a578d5cdff57415e3701cd064d03ca3246.flv,5c4792c066b3e445d46c603878b1be0a33808111.flv	(0, 0)(1, 1)(3, 3)(4, 4)
1ae7b9a578d5cdff57415e3701cd064d03ca3246.flv,5c4792c066b3e445d46c603878b1be0a33808111.flv	(0, 5)(3, 7)(4, 8)
1ae7b9a578d5cdff57415e3701cd064d03ca3246.flv,5f6d3fba8821f4e3358d5ff9dd6d3bc55b03b119.flv	(1, 6)(3, 7)(4, 8)
1ae7b9a578d5cdff57415e3701cd064d03ca3246.flv,6cc806641ede517d2ba98b9ffc5691c152b6c1db.flv	(0, 0)(1, 1)(1, 2)(2, 3)(3, 4)(4, 5)
1ae7b9a578d5cdff57415e3701cd064d03ca3246.flv,6f5bbd3e080c65e9a9e52404c9054b2203d3f540.flv	(0, 0)(1, 1)(2, 2)(4, 4)
1ae7b9a578d5cdff57415e3701cd064d03ca3246.flv,84ce12a5fff66f4cd789c90bf61156f44fe21fbc.flv	(0, 0)(1, 1)(2, 2)(4, 4)
1ae7b9a578d5cdff57415e3701cd064d03ca3246.flv,8d6bd2b5607cbd53fd782843392105c020b9aa7d.flv	(0, 1)(1, 2)(3, 3)(4, 4)
1ae7b9a578d5cdff57415e3701cd064d03ca3246.flv,9110765efc621b8e551b94889875201f36a48d49.flv	(0, 1)(1, 2)(3, 3)
1ae7b9a578d5cdff57415e3701cd064d03ca3246.flv,925548514617c04feb99967cd1d40d985c467a2f.flv	(0, 3)(1, 4)(3, 5)(4, 6)
1ae7b9a578d5cdff57415e3701cd064d03ca3246.flv,934c1d493bed0e2fae442e8970d787f176ac89cb.flv	(0, 0)(1, 1)(2, 2)(4, 4)
1ae7b9a578d5cdff57415e3701cd064d03ca3246.flv,ab3d22a99b1f0fee38cf842f51b1dce60bed631f.flv	(0, 0)(1, 2)(4, 4)
1ae7b9a578d5cdff57415e3701cd064d03ca3246.flv,b3e2f9a02ee873972fcb0ce144996ad850c7b4af.flv	(0, 0)(1, 1)(2, 2)(4, 4)
1ae7b9a578d5cdff57415e3701cd064d03ca3246.flv,ce1451b329a9cd5ad178f0927644f81fad4c69c2.flv	(0, 0)(1, 1)(2, 2)(4, 4)
1ae7b9a578d5cdff57415e3701cd064d03ca3246.flv,de71afa5fe2363589c28021940d2902d8701efdf.flv	(1, 5)(4, 7)
1ae7b9a578d5cdff57415e3701cd064d03ca3246.flv,df4001c1e9d3e8fe3c61d9b6bac46cd377e6d2be.flv	(0, 0)(1, 1)(2, 2)(4, 4)
1ae7b9a578d5cdff57415e3701cd064d03ca3246.flv,df839544c199b12b5de023c1ee8511b947f5c999.flv	(0, 0)(1, 2)(3, 3)(4, 4)
1ae7b9a578d5cdff57415e3701cd064d03ca3246.flv,e018528afcd7682556a4049b76d76105f60fa922.flv	(0, 0)(1, 1)(3, 2)(4, 3)
2e246b45e7dfba0a7cfb2beb557c40d81dc02c99.flv,2e246b45e7dfba0a7cfb2beb557c40d81dc02c99.flv	(0, 0)(1, 1)(2, 2)(3, 3)(4, 4)(5, 5)(6, 6)(7, 7)(8, 8)(9, 9)(10, 10)(11, 11)(12, 12)(13, 13)(14, 14)(15, 15)(16, 16)(17, 17)(18, 18)(19, 19)(20, 20)(21, 21)(22, 22)(23, 23)(24, 24)(25, 25)(26, 26)(27, 27)
2e246b45e7dfba0a7cfb2beb557c40d81dc02c99.flv,36d4ff38748397fadca52e851f1b6f4679bf3027.flv	(6, 0)(9, 4)
2e246b45e7dfba0a7cfb2beb557c40d81dc02c99.flv,36d4ff38748397fadca52e851f1b6f4679bf3027.flv	(11, 3)
2e246b45e7dfba0a7cfb2beb557c40d81dc02c99.flv,375e6b7b7b63d2a84798226ef0cef8f50135e90a.flv	(6, 2)(8, 3)(9, 4)
2e246b45e7dfba0a7cfb2beb557c40d81dc02c99.flv,375e6b7b7b63d2a84798226ef0cef8f50135e90a.flv	(11, 7)(13, 9)
2e246b45e7dfba0a7cfb2beb557c40d81dc02c99.flv,377f81e79938ba062762e74a3b8d4136b5523fa3.flv	(7, 5)(8, 6)
2e246b45e7dfba0a7cfb2beb557c40d81dc02c99.flv,377f81e79938ba062762e74a3b8d4136b5523fa3.flv	(11, 6)
2e246b45e7dfba0a7cfb2beb557c40d81dc02c99.flv,3ec7ab68ed6a1690d7c0074bc563d0dccac57726.flv	(6, 14)(8, 15)(8, 16)
2e246b45e7dfba0a7cfb2beb557c40d81dc02c99.flv,3ec7ab68ed6a1690d7c0074bc563d0dccac57726.flv	(7, 17)(8, 18)
2e246b45e7dfba0a7cfb2beb557c40d81dc02c99.flv,3ec7ab68ed6a1690d7c0074bc563d0dccac57726.flv	(9, 20)
2e246b45e7dfba0a7cfb2beb557c40d81dc02c99.flv,3ec7ab68ed6a1690d7c0074bc563d0dccac57726.flv	(11, 16)
2e246b45e7dfba0a7cfb2beb557c40d81dc02c99.flv,3ec7ab68ed6a1690d7c0074bc563d0dccac57726.flv	(11, 18)
2e246b45e7dfba0a7cfb2beb557c40d81dc02c99.flv,3ec7ab68ed6a1690d7c0074bc563d0dccac57726.flv	(11, 19)
2e246b45e7dfba0a7cfb2beb557c40d81dc02c99.flv,3ed4f5c0eb04c94353594e8be1a72bcc657e27c7.flv	(6, 1)(8, 2)(9, 3)
2e246b45e7dfba0a7cfb2beb557c40d81dc02c99.flv,3ed4f5c0eb04c94353594e8be1a72bcc657e27c7.flv	(8, 5)
2e246b45e7dfba0a7cfb2beb557c40d81dc02c99.flv,3ed4f5c0eb04c94353594e8be1a72bcc657e27c7.flv	(11, 2)
2e246b45e7dfba0a7cfb2beb557c40d81dc02c99.flv,3ed4f5c0eb04c94353594e8be1a72bcc657e27c7.flv	(11, 4)
2e246b45e7dfba0a7cfb2beb557c40d81dc02c99.flv,5496ef100ec5a5151c058cb264d9877bf7e90960.flv	(6, 1)(7, 2)(8, 3)(9, 4)
2e246b45e7dfba0a7cfb2beb557c40d81dc02c99.flv,5496ef100ec5a5151c058cb264d9877bf7e90960.flv	(11, 3)
2e246b45e7dfba0a7cfb2beb557c40d81dc02c99.flv,55b5cf91ebbb1f98879f64e74b8155fe98cad23a.flv	(6, 0)(9, 4)
2e246b45e7dfba0a7cfb2beb557c40d81dc02c99.flv,55b5cf91ebbb1f98879f64e74b8155fe98cad23a.flv	(11, 3)
2e246b45e7dfba0a7cfb2beb557c40d81dc02c99.flv,5965d78e520ef5c162f22da88745f4c6dccd6fcf.flv	(6, 0)(7, 1)(9, 3)
2e246b45e7dfba0a7cfb2beb557c40d81dc02c99.flv,5965d78e520ef5c162f22da88745f4c6dccd6fcf.flv	(11, 2)
2e246b45e7dfba0a7cfb2beb557c40d81dc02c99.flv,5c4792c066b3e445d46c603878b1be0a33808111.flv	(6, 5)(7, 6)(9, 8)
2e246b45e7dfba0a7cfb2beb557c40d81dc02c99.flv,5c4792c066b3e445d46c603878b1be0a33808111.flv	(6, 0)(7, 2)(8, 3)(9, 4)
2e246b45e7dfba0a7cfb2beb557c40d81dc02c99.flv,5c4792c066b3e445d46c603878b1be0a33808111.flv	(11, 3)
2e246b45e7dfba0a7cfb2beb557c40d81dc02c99.flv,5c4792c066b3e445d46c603878b1be0a33808111.flv	(11, 6)
2e246b45e7dfba0a7cfb2beb557c40d81dc02c99.flv,5f6d3fba8821f4e3358d5ff9dd6d3bc55b03b119.flv	(7, 6)(8, 7)(9, 8)
2e246b45e7dfba0a7cfb2beb557c40d81dc02c99.flv,5f6d3fba8821f4e3358d5ff9dd6d3bc55b03b119.flv	(11, 7)
2e246b45e7dfba0a7cfb2beb557c40d81dc02c99.flv,5f6d3fba8821f4e3358d5ff9dd6d3bc55b03b119.flv	(11, 8)
2e246b45e7dfba0a7cfb2beb557c40d81dc02c99.flv,6cc806641ede517d2ba98b9ffc5691c152b6c1db.flv	(6, 0)(7, 2)(8, 4)(9, 5)
2e246b45e7dfba0a7cfb2beb557c40d81dc02c99.flv,6cc806641ede517d2ba98b9ffc5691c152b6c1db.flv	(11, 4)
2e246b45e7dfba0a7cfb2beb557c40d81dc02c99.flv,6f5bbd3e080c65e9a9e52404c9054b2203d3f540.flv	(6, 0)(9, 4)
2e246b45e7dfba0a7cfb2beb557c40d81dc02c99.flv,6f5bbd3e080c65e9a9e52404c9054b2203d3f540.flv	(11, 3)
2e246b45e7dfba0a7cfb2beb557c40d81dc02c99.flv,84ce12a5fff66f4cd789c90bf61156f44fe21fbc.flv	(6, 0)(9, 4)
2e246b45e7dfba0a7cfb2beb557c40d81dc02c99.flv,84ce12a5fff66f4cd789c90bf61156f44fe21fbc.flv	(11, 3)
2e246b45e7dfba0a7cfb2beb557c40d81dc02c99.flv,8d6bd2b5607cbd53fd782843392105c020b9aa7d.flv	(8, 3)(9, 4)
2e246b45e7dfba0a7cfb2beb557c40d81dc02c99.flv,8d6bd2b5607cbd53fd782843392105c020b9aa7d.flv	(11, 3)
2e246b45e7dfba0a7cfb2beb557c40d81dc02c99.flv,9110765efc621b8e551b94889875201f36a48d49.flv	(6, 1)(8, 3)
2e246b45e7dfba0a7cfb2beb557c40d81dc02c99.flv,9110765efc621b8e551b94889875201f36a48d49.flv	(11, 3)
2e246b45e7dfba0a7cfb2beb557c40d81dc02c99.flv,925548514617c04feb99967cd1d40d985c467a2f.flv	(6, 3)(7, 4)(8, 5)(9, 6)
2e246b45e7dfba0a7cfb2beb557c40d81dc02c99.flv,925548514617c04feb99967cd1d40d985c467a2f.flv	(11, 5)
2e246b45e7dfba0a7cfb2beb557c40d81dc02c99.flv,934c1d493bed0e2fae442e8970d787f176ac89cb.flv	(6, 0)(9, 4)
2e246b45e7dfba0a7cfb2beb557c40d81dc02c99.flv,934c1d493bed0e2fae442e8970d787f176ac89cb.flv	(11, 3)
2e246b45e7dfba0a7cfb2beb557c40d81dc02c99.flv,ab3d22a99b1f0fee38cf842f51b1dce60bed631f.flv	(6, 0)(9, 4)
2e246b45e7dfba0a7cfb2beb557c40d81dc02c99.flv,ab3d22a99b1f0fee38cf842f51b1dce60bed631f.flv	(11, 4)
2e246b45e7dfba0a7cfb2beb557c40d81dc02c99.flv,b3e2f9a02ee873972fcb0ce144996ad850c7b4af.flv	(6, 0)(9, 4)
2e246b45e7dfba0a7cfb2beb557c40d81dc02c99.flv,b3e2f9a02ee873972fcb0ce144996ad850c7b4af.flv	(11, 3)
2e246b45e7dfba0a7cfb2beb557c40d81dc02c99.flv,ce1451b329a9cd5ad178f0927644f81fad4c69c2.flv	(6, 0)(9, 4)
2e246b45e7dfba0a7cfb2beb557c40d81dc02c99.flv,ce1451b329a9cd5ad178f0927644f81fad4c69c2.flv	(11, 3)
2e246b45e7dfba0a7cfb2beb557c40d81dc02c99.flv,de71afa5fe2363589c28021940d2902d8701efdf.flv	(7, 5)(8, 6)(9, 7)
2e246b45e7dfba0a7cfb2beb557c40d81dc02c99.flv,de71afa5fe2363589c28021940d2902d8701efdf.flv	(11, 6)
2e246b45e7dfba0a7cfb2beb557c40d81dc02c99.flv,df4001c1e9d3e8fe3c61d9b6bac46cd377e6d2be.flv	(6, 0)(9, 4)
2e246b45e7dfba0a7cfb2beb557c40d81dc02c99.flv,df4001c1e9d3e8fe3c61d9b6bac46cd377e6d2be.flv	(11, 3)
2e246b45e7dfba0a7cfb2beb557c40d81dc02c99.flv,df839544c199b12b5de023c1ee8511b947f5c999.flv	(6, 0)(7, 2)(8, 3)(9, 4)
2e246b45e7dfba0a7cfb2beb557c40d81dc02c99.flv,df839544c199b12b5de023c1ee8511b947f5c999.flv	(8, 5)(9, 5)
2e246b45e7dfba0a7cfb2beb557c40d81dc02c99.flv,df839544c199b12b5de023c1ee8511b947f5c999.flv	(11, 5)
2e246b45e7dfba0a7cfb2beb557c40d81dc02c99.flv,df839544c199b12b5de023c1ee8511b947f5c999.flv	(11, 3)
2e246b45e7dfba0a7cfb2beb557c40d81dc02c99.flv,e018528afcd7682556a4049b76d76105f60fa922.flv	(6, 0)(7, 1)(8, 2)(9, 3)
2e246b45e7dfba0a7cfb2beb557c40d81dc02c99.flv,e018528afcd7682556a4049b76d76105f60fa922.flv	(11, 2)
36d4ff38748397fadca52e851f1b6f4679bf3027.flv,36d4ff38748397fadca52e851f1b6f4679bf3027.flv	(0, 0)(1, 1)(2, 2)(3, 3)(4, 4)
36d4ff38748397fadca52e851f1b6f4679bf3027.flv,375e6b7b7b63d2a84798226ef0cef8f50135e90a.flv	(1, 2)(3, 4)
36d4ff38748397fadca52e851f1b6f4679bf3027.flv,375e6b7b7b63d2a84798226ef0cef8f50135e90a.flv	(3, 7)
36d4ff38748397fadca52e851f1b6f4679bf3027.flv,377f81e79938ba062762e74a3b8d4136b5523fa3.flv	(0, 3)(0, 4)(1, 5)(3, 6)
36d4ff38748397fadca52e851f1b6f4679bf3027.flv,3ec7ab68ed6a1690d7c0074bc563d0dccac57726.flv	(1, 14)(3, 15)(3, 16)
36d4ff38748397fadca52e851f1b6f4679bf3027.flv,3ec7ab68ed6a1690d7c0074bc563d0dccac57726.flv	(1, 17)(3, 18)
36d4ff38748397fadca52e851f1b6f4679bf3027.flv,3ec7ab68ed6a1690d7c0074bc563d0dccac57726.flv	(2, 19)(3, 20)
36d4ff38748397fadca52e851f1b6f4679bf3027.flv,3ed4f5c0eb04c94353594e8be1a72bcc657e27c7.flv	(1, 1)(3, 2)(4, 3)
36d4ff38748397fadca52e851f1b6f4679bf3027.flv,3ed4f5c0eb04c94353594e8be1a72bcc657e27c7.flv	(3, 5)
36d4ff38748397fadca52e851f1b6f4679bf3027.flv,5496ef100ec5a5151c058cb264d9877bf7e90960.flv	(0, 0)(2, 2)(3, 3)(4, 4)
36d4ff38748397fadca52e851f1b6f4679bf3027.flv,55b5cf91ebbb1f98879f64e74b8155fe98cad23a.flv	(0, 0)(1, 1)(2, 2)(3, 3)(4, 4)
36d4ff38748397fadca52e851f1b6f4679bf3027.flv,5965d78e520ef5c162f22da88745f4c6dccd6fcf.flv	(0, 0)(2, 1)(3, 2)(4, 3)
36d4ff38748397fadca52e851f1b6f4679bf3027.flv,5c4792c066b3e445d46c603878b1be0a33808111.flv	(0, 0)(2, 2)(3, 3)(4, 4)
36d4ff38748397fadca52e851f1b6f4679bf3027.flv,5c4792c066b3e445d46c603878b1be0a33808111.flv	(0, 5)(2, 6)(3, 7)(4, 8)
36d4ff38748397fadca52e851f1b6f4679bf3027.flv,5f6d3fba8821f4e3358d5ff9dd6d3bc55b03b119.flv	(0, 4)(0, 5)(1, 6)(2, 7)(3, 8)
36d4ff38748397fadca52e851f1b6f4679bf3027.flv,6cc806641ede517d2ba98b9ffc5691c152b6c1db.flv	(0, 0)(2, 3)(3, 4)(4, 5)
36d4ff38748397fadca52e851f1b6f4679bf3027.flv,6f5bbd3e080c65e9a9e52404c9054b2203d3f540.flv	(0, 0)(1, 1)(2, 2)(3, 3)(4, 4)
36d4ff38748397fadca52e851f1b6f4679bf3027.flv,84ce12a5fff66f4cd789c90bf61156f44fe21fbc.flv	(0, 0)(1, 1)(2, 2)(3, 3)(4, 4)
36d4ff38748397fadca52e851f1b6f4679bf3027.flv,8d6bd2b5607cbd53fd782843392105c020b9aa7d.flv	(0, 0)(1, 2)(2, 3)(3, 4)
36d4ff38748397fadca52e851f1b6f4679bf3027.flv,9110765efc621b8e551b94889875201f36a48d49.flv	(0, 1)(1, 2)(3, 3)
36d4ff38748397fadca52e851f1b6f4679bf3027.flv,925548514617c04feb99967cd1d40d985c467a2f.flv	(0, 3)(1, 4)(2, 5)(3, 6)
36d4ff38748397fadca52e851f1b6f4679bf3027.flv,934c1d493bed0e2fae442e8970d787f176ac89cb.flv	(0, 0)(1, 1)(2, 2)(3, 3)(4, 4)
36d4ff38748397fadca52e851f1b6f4679bf3027.flv,ab3d22a99b1f0fee38cf842f51b1dce60bed631f.flv	(0, 0)(1, 2)(2, 3)(3, 4)
36d4ff38748397fadca52e851f1b6f4679bf3027.flv,b3e2f9a02ee873972fcb0ce144996ad850c7b4af.flv	(0, 0)(1, 1)(2, 2)(3, 3)(4, 4)
36d4ff38748397fadca52e851f1b6f4679bf3027.flv,ce1451b329a9cd5ad178f0927644f81fad4c69c2.flv	(0, 0)(1, 1)(2, 2)(3, 3)(4, 4)
36d4ff38748397fadca52e851f1b6f4679bf3027.flv,de71afa5fe2363589c28021940d2902d8701efdf.flv	(0, 1)(0, 2)(1, 4)(2, 5)(4, 7)
36d4ff38748397fadca52e851f1b6f4679bf3027.flv,df4001c1e9d3e8fe3c61d9b6bac46cd377e6d2be.flv	(0, 0)(1, 1)(2, 2)(3, 3)(4, 4)
36d4ff38748397fadca52e851f1b6f4679bf3027.flv,df839544c199b12b5de023c1ee8511b947f5c999.flv	(0, 0)(2, 2)(3, 3)(4, 4)
36d4ff38748397fadca52e851f1b6f4679bf3027.flv,df839544c199b12b5de023c1ee8511b947f5c999.flv	(3, 5)
36d4ff38748397fadca52e851f1b6f4679bf3027.flv,e018528afcd7682556a4049b76d76105f60fa922.flv	(1, 1)(2, 2)(3, 3)
375e6b7b7b63d2a84798226ef0cef8f50135e90a.flv,375e6b7b7b63d2a84798226ef0cef8f50135e90a.flv	(0, 0)(1, 1)(2, 2)(3, 3)(4, 4)(5, 5)(6, 6)(7, 7)(8, 8)(9, 9)
375e6b7b7b63d2a84798226ef0cef8f50135e90a.flv,377f81e79938ba062762e74a3b8d4136b5523fa3.flv	(2, 5)(3, 6)
375e6b7b7b63d2a84798226ef0cef8f50135e90a.flv,377f81e79938ba062762e74a3b8d4136b5523fa3.flv	(7, 6)
375e6b7b7b63d2a84798226ef0cef8f50135e90a.flv,3ec7ab68ed6a1690d7c0074bc563d0dccac57726.flv	(2, 14)(3, 15)(3, 16)
375e6b7b7b63d2a84798226ef0cef8f50135e90a.flv,3ec7ab68ed6a1690d7c0074bc563d0dccac57726.flv	(2, 17)(3, 18)
375e6b7b7b63d2a84798226ef0cef8f50135e90a.flv,3ec7ab68ed6a1690d7c0074bc563d0dccac57726.flv	(2, 19)(4, 20)
375e6b7b7b63d2a84798226ef0cef8f50135e90a.flv,3ec7ab68ed6a1690d7c0074bc563d0dccac57726.flv	(7, 15)
375e6b7b7b63d2a84798226ef0cef8f50135e90a.flv,3ec7ab68ed6a1690d7c0074bc563d0dccac57726.flv	(7, 18)
375e6b7b7b63d2a84798226ef0cef8f50135e90a.flv,3ec7ab68ed6a1690d7c0074bc563d0dccac57726.flv	(7, 19)(8, 20)
375e6b7b7b63d2a84798226ef0cef8f50135e90a.flv,3ed4f5c0eb04c94353594e8be1a72bcc657e27c7.flv	(2, 1)(3, 2)(4, 3)
375e6b7b7b63d2a84798226ef0cef8f50135e90a.flv,3ed4f5c0eb04c94353594e8be1a72bcc657e27c7.flv	(3, 5)
375e6b7b7b63d2a84798226ef0cef8f50135e90a.flv,3ed4f5c0eb04c94353594e8be1a72bcc657e27c7.flv	(7, 2)
375e6b7b7b63d2a84798226ef0cef8f50135e90a.flv,3ed4f5c0eb04c94353594e8be1a72bcc657e27c7.flv	(7, 4)(8, 5)
375e6b7b7b63d2a84798226ef0cef8f50135e90a.flv,5496ef100ec5a5151c058cb264d9877bf7e90960.flv	(4, 4)
375e6b7b7b63d2a84798226ef0cef8f50135e90a.flv,5496ef100ec5a5151c058cb264d9877bf7e90960.flv	(7, 3)
375e6b7b7b63d2a84798226ef0cef8f50135e90a.flv,55b5cf91ebbb1f98879f64e74b8155fe98cad23a.flv	(2, 1)(4, 3)
375e6b7b7b63d2a84798226ef0cef8f50135e90a.flv,55b5cf91ebbb1f98879f64e74b8155fe98cad23a.flv	(7, 3)
375e6b7b7b63d2a84798226ef0cef8f50135e90a.flv,5965d78e520ef5c162f22da88745f4c6dccd6fcf.flv	(2, 0)(4, 2)
375e6b7b7b63d2a84798226ef0cef8f50135e90a.flv,5965d78e520ef5c162f22da88745f4c6dccd6fcf.flv	(7, 2)
375e6b7b7b63d2a84798226ef0cef8f50135e90a.flv,5c4792c066b3e445d46c603878b1be0a33808111.flv	(2, 0)(4, 4)
375e6b7b7b63d2a84798226ef0cef8f50135e90a.flv,5c4792c066b3e445d46c603878b1be0a33808111.flv	(2, 5)(4, 8)
375e6b7b7b63d2a84798226ef0cef8f50135e90a.flv,5c4792c066b3e445d46c603878b1be0a33808111.flv	(7, 3)
375e6b7b7b63d2a84798226ef0cef8f50135e90a.flv,5c4792c066b3e445d46c603878b1be0a33808111.flv	(7, 7)
375e6b7b7b63d2a84798226ef0cef8f50135e90a.flv,5f6d3fba8821f4e3358d5ff9dd6d3bc55b03b119.flv	(2, 6)(3, 7)(4, 8)
375e6b7b7b63d2a84798226ef0cef8f50135e90a.flv,5f6d3fba8821f4e3358d5ff9dd6d3bc55b03b119.flv	(7, 7)
375e6b7b7b63d2a84798226ef0cef8f50135e90a.flv,6cc806641ede517d2ba98b9ffc5691c152b6c1db.flv	(2, 0)(4, 5)
375e6b7b7b63d2a84798226ef0cef8f50135e90a.flv,6cc806641ede517d2ba98b9ffc5691c152b6c1db.flv	(7, 4)
375e6b7b7b63d2a84798226ef0cef8f50135e90a.flv,6f5bbd3e080c65e9a9e52404c9054b2203d3f540.flv	(2, 1)(4, 3)
375e6b7b7b63d2a84798226ef0cef8f50135e90a.flv,6f5bbd3e080c65e9a9e52404c9054b2203d3f540.flv	(7, 3)
375e6b7b7b63d2a84798226ef0cef8f50135e90a.flv,84ce12a5fff66f4cd789c90bf61156f44fe21fbc.flv	(2, 1)(4, 3)
375e6b7b7b63d2a84798226ef0cef8f50135e90a.flv,84ce12a5fff66f4cd789c90bf61156f44fe21fbc.flv	(7, 3)
375e6b7b7b63d2a84798226ef0cef8f50135e90a.flv,8d6bd2b5607cbd53fd782843392105c020b9aa7d.flv	(3, 3)(4, 4)
375e6b7b7b63d2a84798226ef0cef8f50135e90a.flv,8d6bd2b5607cbd53fd782843392105c020b9aa7d.flv	(7, 3)
375e6b7b7b63d2a84798226ef0cef8f50135e90a.flv,9110765efc621b8e551b94889875201f36a48d49.flv	(2, 2)(3, 3)
375e6b7b7b63d2a84798226ef0cef8f50135e90a.flv,9110765efc621b8e551b94889875201f36a48d49.flv	(7, 3)
375e6b7b7b63d2a84798226ef0cef8f50135e90a.flv,925548514617c04feb99967cd1d40d985c467a2f.flv	(2, 3)(2, 4)(3, 5)(4, 6)
375e6b7b7b63d2a84798226ef0cef8f50135e90a.flv,925548514617c04feb99967cd1d40d985c467a2f.flv	(7, 6)
375e6b7b7b63d2a84798226ef0cef8f50135e90a.flv,934c1d493bed0e2fae442e8970d787f176ac89cb.flv	(3, 3)(4, 4)
375e6b7b7b63d2a84798226ef0cef8f50135e90a.flv,934c1d493bed0e2fae442e8970d787f176ac89cb.flv	(7, 3)
375e6b7b7b63d2a84798226ef0cef8f50135e90a.flv,ab3d22a99b1f0fee38cf842f51b1dce60bed631f.flv	(4, 4)
375e6b7b7b63d2a84798226ef0cef8f50135e90a.flv,ab3d22a99b1f0fee38cf842f51b1dce60bed631f.flv	(7, 4)
375e6b7b7b63d2a84798226ef0cef8f50135e90a.flv,b3e2f9a02ee873972fcb0ce144996ad850c7b4af.flv	(2, 1)(4, 3)
375e6b7b7b63d2a84798226ef0cef8f50135e90a.flv,b3e2f9a02ee873972fcb0ce144996ad850c7b4af.flv	(7, 3)
375e6b7b7b63d2a84798226ef0cef8f50135e90a.flv,ce1451b329a9cd5ad178f0927644f81fad4c69c2.flv	(2, 1)(4, 3)
375e6b7b7b63d2a84798226ef0cef8f50135e90a.flv,ce1451b329a9cd5ad178f0927644f81fad4c69c2.flv	(7, 3)
375e6b7b7b63d2a84798226ef0cef8f50135e90a.flv,de71afa5fe2363589c28021940d2902d8701efdf.flv	(4, 7)
375e6b7b7b63d2a84798226ef0cef8f50135e90a.flv,de71afa5fe2363589c28021940d2902d8701efdf.flv	(7, 6)
375e6b7b7b63d2a84798226ef0cef8f50135e90a.flv,df4001c1e9d3e8fe3c61d9b6bac46cd377e6d2be.flv	(2, 1)(4, 3)
375e6b7b7b63d2a84798226ef0cef8f50135e90a.flv,df4001c1e9d3e8fe3c61d9b6bac46cd377e6d2be.flv	(7, 3)
375e6b7b7b63d2a84798226ef0cef8f50135e90a.flv,df839544c199b12b5de023c1ee8511b947f5c999.flv	(4, 4)
375e6b7b7b63d2a84798226ef0cef8f50135e90a.flv,df839544c199b12b5de023c1ee8511b947f5c999.flv	(3, 5)(4, 5)
375e6b7b7b63d2a84798226ef0cef8f50135e90a.flv,df839544c199b12b5de023c1ee8511b947f5c999.flv	(7, 3)
375e6b7b7b63d2a84798226ef0cef8f50135e90a.flv,df839544c199b12b5de023c1ee8511b947f5c999.flv	(7, 5)
375e6b7b7b63d2a84798226ef0cef8f50135e90a.flv,e018528afcd7682556a4049b76d76105f60fa922.flv	(2, 1)(3, 2)(4, 3)
375e6b7b7b63d2a84798226ef0cef8f50135e90a.flv,e018528afcd7682556a4049b76d76105f60fa922.flv	(7, 3)
377f81e79938ba062762e74a3b8d4136b5523fa3.flv,377f81e79938ba062762e74a3b8d4136b5523fa3.flv	(0, 0)(1, 1)(2, 2)(3, 3)(4, 4)(5, 5)(6, 6)(7, 7)(8, 8)(9, 9)(10, 10)(11, 11)(12, 12)(13, 13)(14, 14)(15, 15)(16, 16)(17, 17)(18, 18)(19, 19)(20, 20)(21, 21)(22, 22)(23, 23)(24, 24)(25, 25)
377f81e79938ba062762e74a3b8d4136b5523fa3.flv,3ec7ab68ed6a1690d7c0074bc563d0dccac57726.flv	(5, 14)(6, 15)(6, 16)
377f81e79938ba062762e74a3b8d4136b5523fa3.flv,3ec7ab68ed6a1690d7c0074bc563d0dccac57726.flv	(5, 17)(6, 18)
377f81e79938ba062762e74a3b8d4136b5523fa3.flv,3ec7ab68ed6a1690d7c0074bc563d0dccac57726.flv	(5, 19)(6, 20)
377f81e79938ba062762e74a3b8d4136b5523fa3.flv,3ed4f5c0eb04c94353594e8be1a72bcc657e27c7.flv	(5, 1)(6, 2)
377f81e79938ba062762e74a3b8d4136b5523fa3.flv,3ed4f5c0eb04c94353594e8be1a72bcc657e27c7.flv	(6, 5)
377f81e79938ba062762e74a3b8d4136b5523fa3.flv,5496ef100ec5a5151c058cb264d9877bf7e90960.flv	(3, 0)(4, 1)(5, 2)(6, 3)
377f81e79938ba062762e74a3b8d4136b5523fa3.flv,55b5cf91ebbb1f98879f64e74b8155fe98cad23a.flv	(3, 0)(4, 0)(5, 1)(6, 3)
377f81e79938ba062762e74a3b8d4136b5523fa3.flv,5965d78e520ef5c162f22da88745f4c6dccd6fcf.flv	(5, 1)(6, 2)
377f81e79938ba062762e74a3b8d4136b5523fa3.flv,5c4792c066b3e445d46c603878b1be0a33808111.flv	(6, 3)
377f81e79938ba062762e74a3b8d4136b5523fa3.flv,5c4792c066b3e445d46c603878b1be0a33808111.flv	(6, 7)
377f81e79938ba062762e74a3b8d4136b5523fa3.flv,5f6d3fba8821f4e3358d5ff9dd6d3bc55b03b119.flv	(3, 4)(4, 5)(5, 6)(6, 8)
377f81e79938ba062762e74a3b8d4136b5523fa3.flv,6cc806641ede517d2ba98b9ffc5691c152b6c1db.flv	(6, 4)
377f81e79938ba062762e74a3b8d4136b5523fa3.flv,6f5bbd3e080c65e9a9e52404c9054b2203d3f540.flv	(3, 0)(4, 0)(5, 1)(6, 3)
377f81e79938ba062762e74a3b8d4136b5523fa3.flv,84ce12a5fff66f4cd789c90bf61156f44fe21fbc.flv	(3, 0)(4, 0)(5, 1)(6, 3)
377f81e79938ba062762e74a3b8d4136b5523fa3.flv,8d6bd2b5607cbd53fd782843392105c020b9aa7d.flv	(3, 0)(4, 1)(5, 2)(6, 3)
377f81e79938ba062762e74a3b8d4136b5523fa3.flv,9110765efc621b8e551b94889875201f36a48d49.flv	(3, 1)(5, 2)(6, 3)
377f81e79938ba062762e74a3b8d4136b5523fa3.flv,925548514617c04feb99967cd1d40d985c467a2f.flv	(3, 3)(5, 4)(6, 6)
377f81e79938ba062762e74a3b8d4136b5523fa3.flv,934c1d493bed0e2fae442e8970d787f176ac89cb.flv	(5, 1)(6, 3)
377f81e79938ba062762e74a3b8d4136b5523fa3.flv,ab3d22a99b1f0fee38cf842f51b1dce60bed631f.flv	(3, 0)(4, 0)(5, 2)(6, 4)
377f81e79938ba062762e74a3b8d4136b5523fa3.flv,b3e2f9a02ee873972fcb0ce144996ad850c7b4af.flv	(3, 0)(4, 0)(5, 1)(6, 3)
377f81e79938ba062762e74a3b8d4136b5523fa3.flv,ce1451b329a9cd5ad178f0927644f81fad4c69c2.flv	(3, 0)(4, 0)(5, 1)(6, 3)
377f81e79938ba062762e74a3b8d4136b5523fa3.flv,de71afa5fe2363589c28021940d2902d8701efdf.flv	(3, 1)(4, 2)(5, 4)(6, 6)
377f81e79938ba062762e74a3b8d4136b5523fa3.flv,df4001c1e9d3e8fe3c61d9b6bac46cd377e6d2be.flv	(3, 0)(4, 0)(5, 1)(6, 3)
377f81e79938ba062762e74a3b8d4136b5523fa3.flv,df839544c199b12b5de023c1ee8511b947f5c999.flv	(3, 0)(4, 0)(5, 2)(6, 3)
377f81e79938ba062762e74a3b8d4136b5523fa3.flv,df839544c199b12b5de023c1ee8511b947f5c999.flv	(6, 5)
377f81e79938ba062762e74a3b8d4136b5523fa3.flv,e018528afcd7682556a4049b76d76105f60fa922.flv	(5, 1)(6, 2)
3ec7ab68ed6a1690d7c0074bc563d0dccac57726.flv,3ec7ab68ed6a1690d7c0074bc563d0dccac57726.flv	(0, 0)(1, 1)(2, 2)(3, 3)(4, 4)(5, 5)(6, 6)(7, 7)(8, 8)(9, 9)(10, 10)(11, 11)(12, 12)(13, 13)(14, 14)(15, 15)(16, 16)(17, 17)(18, 18)(19, 19)(20, 20)(21, 21)(22, 22)(23, 23)(24, 24)(25, 25)(26, 26)(27, 27)(28, 28)(29, 29)(30, 30)(31, 31)(32, 32)(33, 33)(34, 34)(35, 35)(36, 36)(37, 37)(38, 38)(39, 39)(40, 40)(41, 41)(42, 42)(43, 43)(44, 44)(45, 45)(46, 46)(47, 47)(48, 48)(49, 49)(50, 50)(51, 51)(52, 52)(53, 53)
3ec7ab68ed6a1690d7c0074bc563d0dccac57726.flv,3ed4f5c0eb04c94353594e8be1a72bcc657e27c7.flv	(14, 1)(16, 2)
3ec7ab68ed6a1690d7c0074bc563d0dccac57726.flv,3ed4f5c0eb04c94353594e8be1a72bcc657e27c7.flv	(15, 5)
3ec7ab68ed6a1690d7c0074bc563d0dccac57726.flv,3ed4f5c0eb04c94353594e8be1a72bcc657e27c7.flv	(17, 1)(18, 2)(18, 3)
3ec7ab68ed6a1690d7c0074bc563d0dccac57726.flv,3ed4f5c0eb04c94353594e8be1a72bcc657e27c7.flv	(18, 5)
3ec7ab68ed6a1690d7c0074bc563d0dccac57726.flv,3ed4f5c0eb04c94353594e8be1a72bcc657e27c7.flv	(19, 1)(20, 3)
3ec7ab68ed6a1690d7c0074bc563d0dccac57726.flv,3ed4f5c0eb04c94353594e8be1a72bcc657e27c7.flv	(19, 4)(20, 5)
3ec7ab68ed6a1690d7c0074bc563d0dccac57726.flv,5496ef100ec5a5151c058cb264d9877bf7e90960.flv	(14, 2)(15, 3)(16, 4)
3ec7ab68ed6a1690d7c0074bc563d0dccac57726.flv,5496ef100ec5a5151c058cb264d9877bf7e90960.flv	(17, 2)(18, 3)
3ec7ab68ed6a1690d7c0074bc563d0dccac57726.flv,5496ef100ec5a5151c058cb264d9877bf7e90960.flv	(19, 2)(20, 4)
3ec7ab68ed6a1690d7c0074bc563d0dccac57726.flv,55b5cf91ebbb1f98879f64e74b8155fe98cad23a.flv	(14, 1)(15, 3)(16, 3)
3ec7ab68ed6a1690d7c0074bc563d0dccac57726.flv,55b5cf91ebbb1f98879f64e74b8155fe98cad23a.flv	(17, 1)(18, 3)
3ec7ab68ed6a1690d7c0074bc563d0dccac57726.flv,55b5cf91ebbb1f98879f64e74b8155fe98cad23a.flv	(19, 2)(20, 3)
3ec7ab68ed6a1690d7c0074bc563d0dccac57726.flv,5965d78e520ef5c162f22da88745f4c6dccd6fcf.flv	(14, 1)(15, 2)(16, 2)
3ec7ab68ed6a1690d7c0074bc563d0dccac57726.flv,5965d78e520ef5c162f22da88745f4c6dccd6fcf.flv	(17, 1)(18, 2)
3ec7ab68ed6a1690d7c0074bc563d0dccac57726.flv,5965d78e520ef5c162f22da88745f4c6dccd6fcf.flv	(19, 1)(20, 2)
3ec7ab68ed6a1690d7c0074bc563d0dccac57726.flv,5c4792c066b3e445d46c603878b1be0a33808111.flv	(14, 2)(15, 3)(16, 4)
3ec7ab68ed6a1690d7c0074bc563d0dccac57726.flv,5c4792c066b3e445d46c603878b1be0a33808111.flv	(14, 5)(16, 7)
3ec7ab68ed6a1690d7c0074bc563d0dccac57726.flv,5c4792c066b3e445d46c603878b1be0a33808111.flv	(17, 2)(18, 3)
3ec7ab68ed6a1690d7c0074bc563d0dccac57726.flv,5c4792c066b3e445d46c603878b1be0a33808111.flv	(17, 6)(18, 7)
3ec7ab68ed6a1690d7c0074bc563d0dccac57726.flv,5c4792c066b3e445d46c603878b1be0a33808111.flv	(19, 2)(20, 4)
3ec7ab68ed6a1690d7c0074bc563d0dccac57726.flv,5c4792c066b3e445d46c603878b1be0a33808111.flv	(19, 6)(20, 8)
3ec7ab68ed6a1690d7c0074bc563d0dccac57726.flv,5f6d3fba8821f4e3358d5ff9dd6d3bc55b03b119.flv	(14, 6)(15, 7)(16, 8)
3ec7ab68ed6a1690d7c0074bc563d0dccac57726.flv,5f6d3fba8821f4e3358d5ff9dd6d3bc55b03b119.flv	(17, 6)(18, 7)(18, 8)
3ec7ab68ed6a1690d7c0074bc563d0dccac57726.flv,5f6d3fba8821f4e3358d5ff9dd6d3bc55b03b119.flv	(20, 8)
3ec7ab68ed6a1690d7c0074bc563d0dccac57726.flv,6cc806641ede517d2ba98b9ffc5691c152b6c1db.flv	(15, 4)(16, 5)
3ec7ab68ed6a1690d7c0074bc563d0dccac57726.flv,6cc806641ede517d2ba98b9ffc5691c152b6c1db.flv	(17, 2)(18, 4)
3ec7ab68ed6a1690d7c0074bc563d0dccac57726.flv,6cc806641ede517d2ba98b9ffc5691c152b6c1db.flv	(19, 3)(20, 5)
3ec7ab68ed6a1690d7c0074bc563d0dccac57726.flv,6f5bbd3e080c65e9a9e52404c9054b2203d3f540.flv	(14, 1)(15, 3)(16, 3)
3ec7ab68ed6a1690d7c0074bc563d0dccac57726.flv,6f5bbd3e080c65e9a9e52404c9054b2203d3f540.flv	(17, 1)(18, 3)
3ec7ab68ed6a1690d7c0074bc563d0dccac57726.flv,6f5bbd3e080c65e9a9e52404c9054b2203d3f540.flv	(19, 2)(20, 3)
3ec7ab68ed6a1690d7c0074bc563d0dccac57726.flv,811a34d320785afe0f50b9ff7a67a8b7c22e9891.flv	(27, 3)(28, 4)(29, 5)(30, 6)(31, 7)(32, 8)
3ec7ab68ed6a1690d7c0074bc563d0dccac57726.flv,84ce12a5fff66f4cd789c90bf61156f44fe21fbc.flv	(14, 1)(15, 3)(16, 3)
3ec7ab68ed6a1690d7c0074bc563d0dccac57726.flv,84ce12a5fff66f4cd789c90bf61156f44fe21fbc.flv	(17, 1)(18, 3)
3ec7ab68ed6a1690d7c0074bc563d0dccac57726.flv,84ce12a5fff66f4cd789c90bf61156f44fe21fbc.flv	(19, 2)(20, 3)
3ec7ab68ed6a1690d7c0074bc563d0dccac57726.flv,8d6bd2b5607cbd53fd782843392105c020b9aa7d.flv	(16, 4)
3ec7ab68ed6a1690d7c0074bc563d0dccac57726.flv,8d6bd2b5607cbd53fd782843392105c020b9aa7d.flv	(17, 2)(18, 3)
3ec7ab68ed6a1690d7c0074bc563d0dccac57726.flv,8d6bd2b5607cbd53fd782843392105c020b9aa7d.flv	(19, 3)
3ec7ab68ed6a1690d7c0074bc563d0dccac57726.flv,9110765efc621b8e551b94889875201f36a48d49.flv	(14, 2)(15, 3)(16, 3)
3ec7ab68ed6a1690d7c0074bc563d0dccac57726.flv,9110765efc621b8e551b94889875201f36a48d49.flv	(17, 2)(18, 3)
3ec7ab68ed6a1690d7c0074bc563d0dccac57726.flv,9110765efc621b8e551b94889875201f36a48d49.flv	(19, 2)(20, 3)
3ec7ab68ed6a1690d7c0074bc563d0dccac57726.flv,925548514617c04feb99967cd1d40d985c467a2f.flv	(14, 3)(14, 4)(15, 5)(16, 6)
3ec7ab68ed6a1690d7c0074bc563d0dccac57726.flv,925548514617c04feb99967cd1d40d985c467a2f.flv	(17, 4)(18, 5)(18, 6)
3ec7ab68ed6a1690d7c0074bc563d0dccac57726.flv,925548514617c04feb99967cd1d40d985c467a2f.flv	(20, 6)
3ec7ab68ed6a1690d7c0074bc563d0dccac57726.flv,934c1d493bed0e2fae442e8970d787f176ac89cb.flv	(15, 3)(16, 3)
3ec7ab68ed6a1690d7c0074bc563d0dccac57726.flv,934c1d493bed0e2fae442e8970d787f176ac89cb.flv	(17, 2)(18, 3)
3ec7ab68ed6a1690d7c0074bc563d0dccac57726.flv,934c1d493bed0e2fae442e8970d787f176ac89cb.flv	(19, 2)(20, 4)
3ec7ab68ed6a1690d7c0074bc563d0dccac57726.flv,ab3d22a99b1f0fee38cf842f51b1dce60bed631f.flv	(15, 3)(16, 4)
3ec7ab68ed6a1690d7c0074bc563d0dccac57726.flv,ab3d22a99b1f0fee38cf842f51b1dce60bed631f.flv	(17, 2)(18, 4)
3ec7ab68ed6a1690d7c0074bc563d0dccac57726.flv,ab3d22a99b1f0fee38cf842f51b1dce60bed631f.flv	(19, 3)(20, 4)
3ec7ab68ed6a1690d7c0074bc563d0dccac57726.flv,b3e2f9a02ee873972fcb0ce144996ad850c7b4af.flv	(14, 1)(15, 3)(16, 3)
3ec7ab68ed6a1690d7c0074bc563d0dccac57726.flv,b3e2f9a02ee873972fcb0ce144996ad850c7b4af.flv	(17, 1)(18, 3)
3ec7ab68ed6a1690d7c0074bc563d0dccac57726.flv,b3e2f9a02ee873972fcb0ce144996ad850c7b4af.flv	(19, 2)(20, 3)
3ec7ab68ed6a1690d7c0074bc563d0dccac57726.flv,ce1451b329a9cd5ad178f0927644f81fad4c69c2.flv	(14, 1)(15, 3)(16, 3)
3ec7ab68ed6a1690d7c0074bc563d0dccac57726.flv,ce1451b329a9cd5ad178f0927644f81fad4c69c2.flv	(17, 1)(18, 3)
3ec7ab68ed6a1690d7c0074bc563d0dccac57726.flv,ce1451b329a9cd5ad178f0927644f81fad4c69c2.flv	(19, 2)(20, 3)
3ec7ab68ed6a1690d7c0074bc563d0dccac57726.flv,d31adc1a71b72bb36f32b67cb6d52d4840a322c5.flv	(5, 4)
3ec7ab68ed6a1690d7c0074bc563d0dccac57726.flv,d31adc1a71b72bb36f32b67cb6d52d4840a322c5.flv	(27, 13)(28, 15)(29, 16)(30, 17)(31, 18)(32, 20)
3ec7ab68ed6a1690d7c0074bc563d0dccac57726.flv,de71afa5fe2363589c28021940d2902d8701efdf.flv	(15, 6)(16, 7)
3ec7ab68ed6a1690d7c0074bc563d0dccac57726.flv,de71afa5fe2363589c28021940d2902d8701efdf.flv	(17, 5)(18, 7)
3ec7ab68ed6a1690d7c0074bc563d0dccac57726.flv,de71afa5fe2363589c28021940d2902d8701efdf.flv	(19, 6)(20, 7)
3ec7ab68ed6a1690d7c0074bc563d0dccac57726.flv,df4001c1e9d3e8fe3c61d9b6bac46cd377e6d2be.flv	(14, 1)(15, 3)(16, 3)
3ec7ab68ed6a1690d7c0074bc563d0dccac57726.flv,df4001c1e9d3e8fe3c61d9b6bac46cd377e6d2be.flv	(17, 1)(18, 3)
3ec7ab68ed6a1690d7c0074bc563d0dccac57726.flv,df4001c1e9d3e8fe3c61d9b6bac46cd377e6d2be.flv	(19, 2)(20, 3)
3ec7ab68ed6a1690d7c0074bc563d0dccac57726.flv,df839544c199b12b5de023c1ee8511b947f5c999.flv	(14, 2)(15, 3)(16, 4)
3ec7ab68ed6a1690d7c0074bc563d0dccac57726.flv,df839544c199b12b5de023c1ee8511b947f5c999.flv	(17, 2)(18, 3)
3ec7ab68ed6a1690d7c0074bc563d0dccac57726.flv,df839544c199b12b5de023c1ee8511b947f5c999.flv	(19, 2)(20, 4)
3ec7ab68ed6a1690d7c0074bc563d0dccac57726.flv,df839544c199b12b5de023c1ee8511b947f5c999.flv	(21, 7)(22, 7)(23, 8)(23, 9)(24, 10)(27, 14)
3ec7ab68ed6a1690d7c0074bc563d0dccac57726.flv,e018528afcd7682556a4049b76d76105f60fa922.flv	(14, 1)(15, 2)(16, 3)
3ec7ab68ed6a1690d7c0074bc563d0dccac57726.flv,e018528afcd7682556a4049b76d76105f60fa922.flv	(17, 1)(18, 2)(18, 3)
3ec7ab68ed6a1690d7c0074bc563d0dccac57726.flv,e018528afcd7682556a4049b76d76105f60fa922.flv	(19, 1)(20, 3)
3ec7ab68ed6a1690d7c0074bc563d0dccac57726.flv,f5d187eb9c7e5cfc6eaa206f479ede5c10603c68.flv	(21, 0)(22, 1)(23, 2)(23, 3)(25, 4)(26, 6)(27, 7)(28, 8)(29, 9)(30, 10)(31, 11)(32, 12)(33, 14)
3ed4f5c0eb04c94353594e8be1a72bcc657e27c7.flv,3ed4f5c0eb04c94353594e8be1a72bcc657e27c7.flv	(0, 0)(1, 1)(2, 2)(3, 3)(4, 4)(5, 5)(6, 6)(7, 7)
3ed4f5c0eb04c94353594e8be1a72bcc657e27c7.flv,5496ef100ec5a5151c058cb264d9877bf7e90960.flv	(1, 2)(2, 3)(3, 4)
3ed4f5c0eb04c94353594e8be1a72bcc657e27c7.flv,5496ef100ec5a5151c058cb264d9877bf7e90960.flv	(5, 3)
3ed4f5c0eb04c94353594e8be1a72bcc657e27c7.flv,55b5cf91ebbb1f98879f64e74b8155fe98cad23a.flv	(1, 1)(2, 3)(3, 4)
3ed4f5c0eb04c94353594e8be1a72bcc657e27c7.flv,55b5cf91ebbb1f98879f64e74b8155fe98cad23a.flv	(5, 3)
3ed4f5c0eb04c94353594e8be1a72bcc657e27c7.flv,5965d78e520ef5c162f22da88745f4c6dccd6fcf.flv	(1, 1)(2, 2)(3, 3)
3ed4f5c0eb04c94353594e8be1a72bcc657e27c7.flv,5965d78e520ef5c162f22da88745f4c6dccd6fcf.flv	(5, 2)
3ed4f5c0eb04c94353594e8be1a72bcc657e27c7.flv,5c4792c066b3e445d46c603878b1be0a33808111.flv	(1, 2)(2, 3)(3, 4)
3ed4f5c0eb04c94353594e8be1a72bcc657e27c7.flv,5c4792c066b3e445d46c603878b1be0a33808111.flv	(1, 5)(1, 6)(2, 7)(3, 8)
3ed4f5c0eb04c94353594e8be1a72bcc657e27c7.flv,5c4792c066b3e445d46c603878b1be0a33808111.flv	(2, 3)(3, 4)
3ed4f5c0eb04c94353594e8be1a72bcc657e27c7.flv,5c4792c066b3e445d46c603878b1be0a33808111.flv	(2, 7)(3, 8)
3ed4f5c0eb04c94353594e8be1a72bcc657e27c7.flv,5f6d3fba8821f4e3358d5ff9dd6d3bc55b03b119.flv	(1, 6)(2, 7)(3, 8)
3ed4f5c0eb04c94353594e8be1a72bcc657e27c7.flv,5f6d3fba8821f4e3358d5ff9dd6d3bc55b03b119.flv	(5, 7)
3ed4f5c0eb04c94353594e8be1a72bcc657e27c7.flv,6cc806641ede517d2ba98b9ffc5691c152b6c1db.flv	(1, 0)(2, 3)(3, 5)
3ed4f5c0eb04c94353594e8be1a72bcc657e27c7.flv,6cc806641ede517d2ba98b9ffc5691c152b6c1db.flv	(5, 4)
3ed4f5c0eb04c94353594e8be1a72bcc657e27c7.flv,6f5bbd3e080c65e9a9e52404c9054b2203d3f540.flv	(1, 1)(2, 3)(3, 4)
3ed4f5c0eb04c94353594e8be1a72bcc657e27c7.flv,6f5bbd3e080c65e9a9e52404c9054b2203d3f540.flv	(5, 3)
3ed4f5c0eb04c94353594e8be1a72bcc657e27c7.flv,84ce12a5fff66f4cd789c90bf61156f44fe21fbc.flv	(1, 1)(2, 3)(3, 4)
3ed4f5c0eb04c94353594e8be1a72bcc657e27c7.flv,84ce12a5fff66f4cd789c90bf61156f44fe21fbc.flv	(5, 3)
3ed4f5c0eb04c94353594e8be1a72bcc657e27c7.flv,8d6bd2b5607cbd53fd782843392105c020b9aa7d.flv	(3, 4)
3ed4f5c0eb04c94353594e8be1a72bcc657e27c7.flv,8d6bd2b5607cbd53fd782843392105c020b9aa7d.flv	(5, 3)
3ed4f5c0eb04c94353594e8be1a72bcc657e27c7.flv,9110765efc621b8e551b94889875201f36a48d49.flv	(1, 2)(3, 3)
3ed4f5c0eb04c94353594e8be1a72bcc657e27c7.flv,9110765efc621b8e551b94889875201f36a48d49.flv	(5, 3)
3ed4f5c0eb04c94353594e8be1a72bcc657e27c7.flv,925548514617c04feb99967cd1d40d985c467a2f.flv	(1, 3)(1, 4)(2, 5)(3, 6)
3ed4f5c0eb04c94353594e8be1a72bcc657e27c7.flv,925548514617c04feb99967cd1d40d985c467a2f.flv	(5, 5)
3ed4f5c0eb04c94353594e8be1a72bcc657e27c7.flv,934c1d493bed0e2fae442e8970d787f176ac89cb.flv	(2, 3)(3, 4)
3ed4f5c0eb04c94353594e8be1a72bcc657e27c7.flv,934c1d493bed0e2fae442e8970d787f176ac89cb.flv	(5, 3)
3ed4f5c0eb04c94353594e8be1a72bcc657e27c7.flv,ab3d22a99b1f0fee38cf842f51b1dce60bed631f.flv	(2, 3)(3, 4)
3ed4f5c0eb04c94353594e8be1a72bcc657e27c7.flv,ab3d22a99b1f0fee38cf842f51b1dce60bed631f.flv	(5, 4)
3ed4f5c0eb04c94353594e8be1a72bcc657e27c7.flv,b3e2f9a02ee873972fcb0ce144996ad850c7b4af.flv	(1, 1)(2, 3)(3, 4)
3ed4f5c0eb04c94353594e8be1a72bcc657e27c7.flv,b3e2f9a02ee873972fcb0ce144996ad850c7b4af.flv	(5, 3)
3ed4f5c0eb04c94353594e8be1a72bcc657e27c7.flv,ce1451b329a9cd5ad178f0927644f81fad4c69c2.flv	(1, 1)(2, 3)(3, 4)
3ed4f5c0eb04c94353594e8be1a72bcc657e27c7.flv,ce1451b329a9cd5ad178f0927644f81fad4c69c2.flv	(5, 3)
3ed4f5c0eb04c94353594e8be1a72bcc657e27c7.flv,de71afa5fe2363589c28021940d2902d8701efdf.flv	(2, 6)(3, 7)
3ed4f5c0eb04c94353594e8be1a72bcc657e27c7.flv,de71afa5fe2363589c28021940d2902d8701efdf.flv	(5, 7)
3ed4f5c0eb04c94353594e8be1a72bcc657e27c7.flv,df4001c1e9d3e8fe3c61d9b6bac46cd377e6d2be.flv	(1, 1)(2, 2)(3, 3)
3ed4f5c0eb04c94353594e8be1a72bcc657e27c7.flv,df4001c1e9d3e8fe3c61d9b6bac46cd377e6d2be.flv	(5, 3)
3ed4f5c0eb04c94353594e8be1a72bcc657e27c7.flv,df839544c199b12b5de023c1ee8511b947f5c999.flv	(3, 4)
3ed4f5c0eb04c94353594e8be1a72bcc657e27c7.flv,df839544c199b12b5de023c1ee8511b947f5c999.flv	(3, 5)
3ed4f5c0eb04c94353594e8be1a72bcc657e27c7.flv,df839544c199b12b5de023c1ee8511b947f5c999.flv	(5, 3)
3ed4f5c0eb04c94353594e8be1a72bcc657e27c7.flv,df839544c199b12b5de023c1ee8511b947f5c999.flv	(5, 5)
3ed4f5c0eb04c94353594e8be1a72bcc657e27c7.flv,e018528afcd7682556a4049b76d76105f60fa922.flv	(1, 1)(3, 3)
3ed4f5c0eb04c94353594e8be1a72bcc657e27c7.flv,e018528afcd7682556a4049b76d76105f60fa922.flv	(5, 2)
5496ef100ec5a5151c058cb264d9877bf7e90960.flv,5496ef100ec5a5151c058cb264d9877bf7e90960.flv	(0, 0)(1, 1)(2, 2)(3, 3)(4, 4)
5496ef100ec5a5151c058cb264d9877bf7e90960.flv,55b5cf91ebbb1f98879f64e74b8155fe98cad23a.flv	(0, 0)(2, 2)(3, 3)(4, 4)
5496ef100ec5a5151c058cb264d9877bf7e90960.flv,5965d78e520ef5c162f22da88745f4c6dccd6fcf.flv	(1, 0)(2, 1)(3, 2)(4, 3)
5496ef100ec5a5151c058cb264d9877bf7e90960.flv,5c4792c066b3e445d46c603878b1be0a33808111.flv	(1, 0)(2, 2)(3, 3)(4, 4)
5496ef100ec5a5151c058cb264d9877bf7e90960.flv,5c4792c066b3e445d46c603878b1be0a33808111.flv	(1, 5)(2, 6)(3, 7)(4, 8)
5496ef100ec5a5151c058cb264d9877bf7e90960.flv,5f6d3fba8821f4e3358d5ff9dd6d3bc55b03b119.flv	(0, 4)(1, 5)(2, 6)(4, 8)
5496ef100ec5a5151c058cb264d9877bf7e90960.flv,6cc806641ede517d2ba98b9ffc5691c152b6c1db.flv	(1, 0)(2, 3)(3, 4)(4, 5)
5496ef100ec5a5151c058cb264d9877bf7e90960.flv,6f5bbd3e080c65e9a9e52404c9054b2203d3f540.flv	(0, 0)(2, 2)(3, 3)(4, 4)
5496ef100ec5a5151c058cb264d9877bf7e90960.flv,84ce12a5fff66f4cd789c90bf61156f44fe21fbc.flv	(0, 0)(2, 2)(3, 3)(4, 4)
5496ef100ec5a5151c058cb264d9877bf7e90960.flv,8d6bd2b5607cbd53fd782843392105c020b9aa7d.flv	(0, 0)(1, 1)(2, 2)(4, 4)
5496ef100ec5a5151c058cb264d9877bf7e90960.flv,9110765efc621b8e551b94889875201f36a48d49.flv	(0, 1)(2, 2)
5496ef100ec5a5151c058cb264d9877bf7e90960.flv,925548514617c04feb99967cd1d40d985c467a2f.flv	(1, 3)(2, 4)(4, 6)
5496ef100ec5a5151c058cb264d9877bf7e90960.flv,934c1d493bed0e2fae442e8970d787f176ac89cb.flv	(1, 0)(2, 1)(2, 2)(3, 3)(4, 4)
5496ef100ec5a5151c058cb264d9877bf7e90960.flv,ab3d22a99b1f0fee38cf842f51b1dce60bed631f.flv	(0, 0)(2, 2)(2, 3)(4, 4)
5496ef100ec5a5151c058cb264d9877bf7e90960.flv,b3e2f9a02ee873972fcb0ce144996ad850c7b4af.flv	(0, 0)(2, 2)(3, 3)(4, 4)
5496ef100ec5a5151c058cb264d9877bf7e90960.flv,ce1451b329a9cd5ad178f0927644f81fad4c69c2.flv	(0, 0)(2, 2)(3, 3)(4, 4)
5496ef100ec5a5151c058cb264d9877bf7e90960.flv,de71afa5fe2363589c28021940d2902d8701efdf.flv	(0, 2)(1, 3)(2, 6)(4, 7)
5496ef100ec5a5151c058cb264d9877bf7e90960.flv,df4001c1e9d3e8fe3c61d9b6bac46cd377e6d2be.flv	(0, 0)(2, 2)(3, 3)(4, 4)
5496ef100ec5a5151c058cb264d9877bf7e90960.flv,df839544c199b12b5de023c1ee8511b947f5c999.flv	(0, 0)(1, 1)(2, 2)(3, 3)(4, 4)
5496ef100ec5a5151c058cb264d9877bf7e90960.flv,df839544c199b12b5de023c1ee8511b947f5c999.flv	(3, 5)
5496ef100ec5a5151c058cb264d9877bf7e90960.flv,e018528afcd7682556a4049b76d76105f60fa922.flv	(1, 0)(2, 1)(3, 2)(4, 3)
55b5cf91ebbb1f98879f64e74b8155fe98cad23a.flv,55b5cf91ebbb1f98879f64e74b8155fe98cad23a.flv	(0, 0)(1, 1)(2, 2)(3, 3)(4, 4)
55b5cf91ebbb1f98879f64e74b8155fe98cad23a.flv,5965d78e520ef5c162f22da88745f4c6dccd6fcf.flv	(0, 0)(2, 1)(3, 2)(4, 3)
55b5cf91ebbb1f98879f64e74b8155fe98cad23a.flv,5c4792c066b3e445d46c603878b1be0a33808111.flv	(0, 0)(2, 2)(3, 3)(4, 4)
55b5cf91ebbb1f98879f64e74b8155fe98cad23a.flv,5c4792c066b3e445d46c603878b1be0a33808111.flv	(0, 5)(2, 6)(3, 7)(4, 8)
55b5cf91ebbb1f98879f64e74b8155fe98cad23a.flv,5f6d3fba8821f4e3358d5ff9dd6d3bc55b03b119.flv	(0, 4)(0, 5)(1, 6)(2, 7)(3, 8)
55b5cf91ebbb1f98879f64e74b8155fe98cad23a.flv,6cc806641ede517d2ba98b9ffc5691c152b6c1db.flv	(0, 0)(2, 3)(3, 4)(4, 5)
55b5cf91ebbb1f98879f64e74b8155fe98cad23a.flv,6f5bbd3e080c65e9a9e52404c9054b2203d3f540.flv	(0, 0)(1, 1)(2, 2)(3, 3)(4, 4)
55b5cf91ebbb1f98879f64e74b8155fe98cad23a.flv,84ce12a5fff66f4cd789c90bf61156f44fe21fbc.flv	(0, 0)(1, 1)(2, 2)(3, 3)(4, 4)
55b5cf91ebbb1f98879f64e74b8155fe98cad23a.flv,8d6bd2b5607cbd53fd782843392105c020b9aa7d.flv	(0, 0)(1, 2)(2, 3)(3, 4)
55b5cf91ebbb1f98879f64e74b8155fe98cad23a.flv,9110765efc621b8e551b94889875201f36a48d49.flv	(0, 1)(1, 2)(3, 3)
55b5cf91ebbb1f98879f64e74b8155fe98cad23a.flv,925548514617c04feb99967cd1d40d985c467a2f.flv	(0, 3)(1, 4)(2, 5)(3, 6)
55b5cf91ebbb1f98879f64e74b8155fe98cad23a.flv,934c1d493bed0e2fae442e8970d787f176ac89cb.flv	(0, 0)(1, 1)(2, 2)(3, 3)(4, 4)
55b5cf91ebbb1f98879f64e74b8155fe98cad23a.flv,ab3d22a99b1f0fee38cf842f51b1dce60bed631f.flv	(0, 0)(1, 2)(2, 3)(3, 4)
55b5cf91ebbb1f98879f64e74b8155fe98cad23a.flv,b3e2f9a02ee873972fcb0ce144996ad850c7b4af.flv	(0, 0)(1, 1)(2, 2)(3, 3)(4, 4)
55b5cf91ebbb1f98879f64e74b8155fe98cad23a.flv,ce1451b329a9cd5ad178f0927644f81fad4c69c2.flv	(0, 0)(1, 1)(2, 2)(3, 3)(4, 4)
55b5cf91ebbb1f98879f64e74b8155fe98cad23a.flv,de71afa5fe2363589c28021940d2902d8701efdf.flv	(0, 2)(0, 3)(1, 4)(2, 6)(3, 7)
55b5cf91ebbb1f98879f64e74b8155fe98cad23a.flv,df4001c1e9d3e8fe3c61d9b6bac46cd377e6d2be.flv	(0, 0)(1, 1)(2, 2)(3, 3)(4, 4)
55b5cf91ebbb1f98879f64e74b8155fe98cad23a.flv,df839544c199b12b5de023c1ee8511b947f5c999.flv	(0, 0)(2, 2)(3, 3)(4, 4)
55b5cf91ebbb1f98879f64e74b8155fe98cad23a.flv,df839544c199b12b5de023c1ee8511b947f5c999.flv	(3, 5)
55b5cf91ebbb1f98879f64e74b8155fe98cad23a.flv,e018528afcd7682556a4049b76d76105f60fa922.flv	(1, 1)(2, 2)(3, 3)
5965d78e520ef5c162f22da88745f4c6dccd6fcf.flv,5965d78e520ef5c162f22da88745f4c6dccd6fcf.flv	(0, 0)(1, 1)(2, 2)(3, 3)
5965d78e520ef5c162f22da88745f4c6dccd6fcf.flv,5c4792c066b3e445d46c603878b1be0a33808111.flv	(0, 0)(1, 2)(2, 3)(3, 4)
5965d78e520ef5c162f22da88745f4c6dccd6fcf.flv,5c4792c066b3e445d46c603878b1be0a33808111.flv	(0, 5)(1, 6)(2, 7)(3, 8)
5965d78e520ef5c162f22da88745f4c6dccd6fcf.flv,5f6d3fba8821f4e3358d5ff9dd6d3bc55b03b119.flv	(1, 6)(2, 8)
5965d78e520ef5c162f22da88745f4c6dccd6fcf.flv,6cc806641ede517d2ba98b9ffc5691c152b6c1db.flv	(0, 0)(1, 3)(2, 4)(3, 5)
5965d78e520ef5c162f22da88745f4c6dccd6fcf.flv,6f5bbd3e080c65e9a9e52404c9054b2203d3f540.flv	(0, 0)(1, 2)(2, 3)(3, 4)
5965d78e520ef5c162f22da88745f4c6dccd6fcf.flv,84ce12a5fff66f4cd789c90bf61156f44fe21fbc.flv	(0, 0)(1, 2)(2, 3)(3, 4)
5965d78e520ef5c162f22da88745f4c6dccd6fcf.flv,8d6bd2b5607cbd53fd782843392105c020b9aa7d.flv	(0, 1)(1, 2)(2, 4)
5965d78e520ef5c162f22da88745f4c6dccd6fcf.flv,9110765efc621b8e551b94889875201f36a48d49.flv	(0, 1)(1, 2)(2, 3)
5965d78e520ef5c162f22da88745f4c6dccd6fcf.flv,925548514617c04feb99967cd1d40d985c467a2f.flv	(0, 3)(1, 4)(2, 6)
5965d78e520ef5c162f22da88745f4c6dccd6fcf.flv,934c1d493bed0e2fae442e8970d787f176ac89cb.flv	(0, 0)(1, 1)(1, 2)(2, 3)(3, 4)
5965d78e520ef5c162f22da88745f4c6dccd6fcf.flv,ab3d22a99b1f0fee38cf842f51b1dce60bed631f.flv	(0, 0)(1, 2)(1, 3)(2, 4)
5965d78e520ef5c162f22da88745f4c6dccd6fcf.flv,b3e2f9a02ee873972fcb0ce144996ad850c7b4af.flv	(0, 0)(1, 2)(2, 3)(3, 4)
5965d78e520ef5c162f22da88745f4c6dccd6fcf.flv,ce1451b329a9cd5ad178f0927644f81fad4c69c2.flv	(0, 0)(1, 2)(2, 3)(3, 4)
5965d78e520ef5c162f22da88745f4c6dccd6fcf.flv,de71afa5fe2363589c28021940d2902d8701efdf.flv	(1, 4)(3, 7)
5965d78e520ef5c162f22da88745f4c6dccd6fcf.flv,df4001c1e9d3e8fe3c61d9b6bac46cd377e6d2be.flv	(0, 0)(1, 2)(2, 3)(3, 4)
5965d78e520ef5c162f22da88745f4c6dccd6fcf.flv,df839544c199b12b5de023c1ee8511b947f5c999.flv	(0, 0)(1, 2)(2, 3)(3, 4)
5965d78e520ef5c162f22da88745f4c6dccd6fcf.flv,df839544c199b12b5de023c1ee8511b947f5c999.flv	(2, 5)
5965d78e520ef5c162f22da88745f4c6dccd6fcf.flv,e018528afcd7682556a4049b76d76105f60fa922.flv	(0, 0)(1, 1)(2, 3)
5c4792c066b3e445d46c603878b1be0a33808111.flv,5c4792c066b3e445d46c603878b1be0a33808111.flv	(0, 0)(1, 1)(2, 2)(3, 3)(4, 4)(5, 5)(6, 6)(7, 7)(8, 8)
5c4792c066b3e445d46c603878b1be0a33808111.flv,5f6d3fba8821f4e3358d5ff9dd6d3bc55b03b119.flv	(4, 8)
5c4792c066b3e445d46c603878b1be0a33808111.flv,5f6d3fba8821f4e3358d5ff9dd6d3bc55b03b119.flv	(8, 8)
5c4792c066b3e445d46c603878b1be0a33808111.flv,6cc806641ede517d2ba98b9ffc5691c152b6c1db.flv	(0, 0)(1, 1)(2, 3)(3, 4)(4, 5)
5c4792c066b3e445d46c603878b1be0a33808111.flv,6cc806641ede517d2ba98b9ffc5691c152b6c1db.flv	(5, 0)(6, 3)(7, 4)(8, 5)
5c4792c066b3e445d46c603878b1be0a33808111.flv,6f5bbd3e080c65e9a9e52404c9054b2203d3f540.flv	(0, 0)(2, 2)(3, 3)(4, 4)
5c4792c066b3e445d46c603878b1be0a33808111.flv,6f5bbd3e080c65e9a9e52404c9054b2203d3f540.flv	(5, 0)(6, 2)(7, 3)(8, 4)
5c4792c066b3e445d46c603878b1be0a33808111.flv,84ce12a5fff66f4cd789c90bf61156f44fe21fbc.flv	(0, 0)(2, 2)(3, 3)(4, 4)
5c4792c066b3e445d46c603878b1be0a33808111.flv,84ce12a5fff66f4cd789c90bf61156f44fe21fbc.flv	(5, 0)(6, 2)(7, 3)(8, 4)
5c4792c066b3e445d46c603878b1be0a33808111.flv,8d6bd2b5607cbd53fd782843392105c020b9aa7d.flv	(0, 1)(1, 2)(2, 3)(4, 4)
5c4792c066b3e445d46c603878b1be0a33808111.flv,8d6bd2b5607cbd53fd782843392105c020b9aa7d.flv	(6, 3)(8, 4)
5c4792c066b3e445d46c603878b1be0a33808111.flv,9110765efc621b8e551b94889875201f36a48d49.flv	(0, 1)
5c4792c066b3e445d46c603878b1be0a33808111.flv,9110765efc621b8e551b94889875201f36a48d49.flv	(5, 1)
5c4792c066b3e445d46c603878b1be0a33808111.flv,925548514617c04feb99967cd1d40d985c467a2f.flv	(0, 3)(2, 4)(4, 6)
5c4792c066b3e445d46c603878b1be0a33808111.flv,925548514617c04feb99967cd1d40d985c467a2f.flv	(5, 3)(6, 4)(8, 6)
5c4792c066b3e445d46c603878b1be0a33808111.flv,934c1d493bed0e2fae442e8970d787f176ac89cb.flv	(0, 0)(1, 1)(2, 2)(3, 3)(4, 4)
5c4792c066b3e445d46c603878b1be0a33808111.flv,934c1d493bed0e2fae442e8970d787f176ac89cb.flv	(5, 0)(6, 2)(7, 3)(8, 4)
5c4792c066b3e445d46c603878b1be0a33808111.flv,ab3d22a99b1f0fee38cf842f51b1dce60bed631f.flv	(0, 0)(1, 2)(2, 3)(4, 4)
5c4792c066b3e445d46c603878b1be0a33808111.flv,ab3d22a99b1f0fee38cf842f51b1dce60bed631f.flv	(5, 0)(6, 3)(8, 4)
5c4792c066b3e445d46c603878b1be0a33808111.flv,b3e2f9a02ee873972fcb0ce144996ad850c7b4af.flv	(0, 0)(2, 2)(3, 3)(4, 4)
5c4792c066b3e445d46c603878b1be0a33808111.flv,b3e2f9a02ee873972fcb0ce144996ad850c7b4af.flv	(5, 0)(6, 2)(7, 3)(8, 4)
5c4792c066b3e445d46c603878b1be0a33808111.flv,ce1451b329a9cd5ad178f0927644f81fad4c69c2.flv	(0, 0)(2, 2)(3, 3)(4, 4)
5c4792c066b3e445d46c603878b1be0a33808111.flv,ce1451b329a9cd5ad178f0927644f81fad4c69c2.flv	(5, 0)(6, 2)(7, 3)(8, 4)
5c4792c066b3e445d46c603878b1be0a33808111.flv,de71afa5fe2363589c28021940d2902d8701efdf.flv	(1, 4)(3, 6)(4, 7)
5c4792c066b3e445d46c603878b1be0a33808111.flv,de71afa5fe2363589c28021940d2902d8701efdf.flv	(7, 6)(8, 7)
5c4792c066b3e445d46c603878b1be0a33808111.flv,df4001c1e9d3e8fe3c61d9b6bac46cd377e6d2be.flv	(0, 0)(2, 2)(3, 3)(4, 4)
5c4792c066b3e445d46c603878b1be0a33808111.flv,df4001c1e9d3e8fe3c61d9b6bac46cd377e6d2be.flv	(5, 0)(6, 2)(7, 3)(8, 4)
5c4792c066b3e445d46c603878b1be0a33808111.flv,df839544c199b12b5de023c1ee8511b947f5c999.flv	(0, 0)(2, 2)(3, 3)(4, 4)
5c4792c066b3e445d46c603878b1be0a33808111.flv,df839544c199b12b5de023c1ee8511b947f5c999.flv	(4, 5)
5c4792c066b3e445d46c603878b1be0a33808111.flv,df839544c199b12b5de023c1ee8511b947f5c999.flv	(5, 0)(6, 2)(7, 3)(8, 4)
5c4792c066b3e445d46c603878b1be0a33808111.flv,df839544c199b12b5de023c1ee8511b947f5c999.flv	(8, 5)
5c4792c066b3e445d46c603878b1be0a33808111.flv,e018528afcd7682556a4049b76d76105f60fa922.flv	(0, 0)(4, 3)
5c4792c066b3e445d46c603878b1be0a33808111.flv,e018528afcd7682556a4049b76d76105f60fa922.flv	(5, 0)(8, 3)
5f6d3fba8821f4e3358d5ff9dd6d3bc55b03b119.flv,5f6d3fba8821f4e3358d5ff9dd6d3bc55b03b119.flv	(0, 0)(1, 1)(2, 2)(3, 3)(4, 4)(5, 5)(6, 6)(7, 7)(8, 8)(9, 9)(10, 10)
5f6d3fba8821f4e3358d5ff9dd6d3bc55b03b119.flv,6cc806641ede517d2ba98b9ffc5691c152b6c1db.flv	(7, 3)(8, 5)
5f6d3fba8821f4e3358d5ff9dd6d3bc55b03b119.flv,6f5bbd3e080c65e9a9e52404c9054b2203d3f540.flv	(4, 0)(5, 0)(6, 1)(7, 2)(8, 3)
5f6d3fba8821f4e3358d5ff9dd6d3bc55b03b119.flv,84ce12a5fff66f4cd789c90bf61156f44fe21fbc.flv	(4, 0)(5, 0)(6, 1)(7, 2)(8, 3)
5f6d3fba8821f4e3358d5ff9dd6d3bc55b03b119.flv,8d6bd2b5607cbd53fd782843392105c020b9aa7d.flv	(4, 0)(5, 1)(6, 2)(8, 4)
5f6d3fba8821f4e3358d5ff9dd6d3bc55b03b119.flv,9110765efc621b8e551b94889875201f36a48d49.flv	(4, 1)(6, 2)(8, 3)
5f6d3fba8821f4e3358d5ff9dd6d3bc55b03b119.flv,925548514617c04feb99967cd1d40d985c467a2f.flv	(4, 3)(6, 4)(7, 5)(8, 6)
5f6d3fba8821f4e3358d5ff9dd6d3bc55b03b119.flv,934c1d493bed0e2fae442e8970d787f176ac89cb.flv	(4, 0)(5, 0)(6, 1)(7, 3)(8, 4)
5f6d3fba8821f4e3358d5ff9dd6d3bc55b03b119.flv,ab3d22a99b1f0fee38cf842f51b1dce60bed631f.flv	(4, 0)(5, 0)(6, 2)(7, 3)(8, 4)
5f6d3fba8821f4e3358d5ff9dd6d3bc55b03b119.flv,b3e2f9a02ee873972fcb0ce144996ad850c7b4af.flv	(4, 0)(5, 0)(6, 1)(7, 2)(8, 3)
5f6d3fba8821f4e3358d5ff9dd6d3bc55b03b119.flv,ce1451b329a9cd5ad178f0927644f81fad4c69c2.flv	(4, 0)(5, 0)(6, 1)(7, 2)(8, 3)
5f6d3fba8821f4e3358d5ff9dd6d3bc55b03b119.flv,de71afa5fe2363589c28021940d2902d8701efdf.flv	(4, 1)(5, 2)(6, 4)(7, 6)(8, 7)
5f6d3fba8821f4e3358d5ff9dd6d3bc55b03b119.flv,df4001c1e9d3e8fe3c61d9b6bac46cd377e6d2be.flv	(4, 0)(5, 0)(6, 1)(7, 2)(8, 3)
5f6d3fba8821f4e3358d5ff9dd6d3bc55b03b119.flv,df839544c199b12b5de023c1ee8511b947f5c999.flv	(4, 0)(5, 0)(6, 2)(8, 4)
5f6d3fba8821f4e3358d5ff9dd6d3bc55b03b119.flv,df839544c199b12b5de023c1ee8511b947f5c999.flv	(8, 5)
5f6d3fba8821f4e3358d5ff9dd6d3bc55b03b119.flv,e018528afcd7682556a4049b76d76105f60fa922.flv	(6, 1)(7, 2)(8, 3)
6cc806641ede517d2ba98b9ffc5691c152b6c1db.flv,6cc806641ede517d2ba98b9ffc5691c152b6c1db.flv	(0, 0)(1, 1)(2, 2)(3, 3)(4, 4)(5, 5)
6cc806641ede517d2ba98b9ffc5691c152b6c1db.flv,6f5bbd3e080c65e9a9e52404c9054b2203d3f540.flv	(0, 0)(3, 2)(4, 3)(5, 4)
6cc806641ede517d2ba98b9ffc5691c152b6c1db.flv,84ce12a5fff66f4cd789c90bf61156f44fe21fbc.flv	(0, 0)(3, 2)(4, 3)(5, 4)
6cc806641ede517d2ba98b9ffc5691c152b6c1db.flv,8d6bd2b5607cbd53fd782843392105c020b9aa7d.flv	(0, 1)(1, 2)(2, 2)(3, 3)(5, 4)
6cc806641ede517d2ba98b9ffc5691c152b6c1db.flv,9110765efc621b8e551b94889875201f36a48d49.flv	(0, 1)
6cc806641ede517d2ba98b9ffc5691c152b6c1db.flv,925548514617c04feb99967cd1d40d985c467a2f.flv	(0, 3)(3, 5)(5, 6)
6cc806641ede517d2ba98b9ffc5691c152b6c1db.flv,934c1d493bed0e2fae442e8970d787f176ac89cb.flv	(0, 0)(1, 1)(2, 1)(3, 2)(4, 3)(5, 4)
6cc806641ede517d2ba98b9ffc5691c152b6c1db.flv,ab3d22a99b1f0fee38cf842f51b1dce60bed631f.flv	(0, 0)(1, 2)(2, 2)(3, 3)(5, 4)
6cc806641ede517d2ba98b9ffc5691c152b6c1db.flv,b3e2f9a02ee873972fcb0ce144996ad850c7b4af.flv	(0, 0)(3, 2)(4, 3)(5, 4)
6cc806641ede517d2ba98b9ffc5691c152b6c1db.flv,ce1451b329a9cd5ad178f0927644f81fad4c69c2.flv	(0, 0)(3, 2)(4, 3)(5, 4)
6cc806641ede517d2ba98b9ffc5691c152b6c1db.flv,de71afa5fe2363589c28021940d2902d8701efdf.flv	(1, 4)(2, 5)(3, 6)(5, 7)
6cc806641ede517d2ba98b9ffc5691c152b6c1db.flv,df4001c1e9d3e8fe3c61d9b6bac46cd377e6d2be.flv	(0, 0)(3, 2)(4, 3)(5, 4)
6cc806641ede517d2ba98b9ffc5691c152b6c1db.flv,df839544c199b12b5de023c1ee8511b947f5c999.flv	(0, 0)(3, 2)(4, 3)(5, 4)
6cc806641ede517d2ba98b9ffc5691c152b6c1db.flv,df839544c199b12b5de023c1ee8511b947f5c999.flv	(4, 5)
6cc806641ede517d2ba98b9ffc5691c152b6c1db.flv,e018528afcd7682556a4049b76d76105f60fa922.flv	(0, 0)(4, 2)(5, 3)
6f5bbd3e080c65e9a9e52404c9054b2203d3f540.flv,6f5bbd3e080c65e9a9e52404c9054b2203d3f540.flv	(0, 0)(1, 1)(2, 2)(3, 3)(4, 4)
6f5bbd3e080c65e9a9e52404c9054b2203d3f540.flv,84ce12a5fff66f4cd789c90bf61156f44fe21fbc.flv	(0, 0)(1, 1)(2, 2)(3, 3)(4, 4)
6f5bbd3e080c65e9a9e52404c9054b2203d3f540.flv,8d6bd2b5607cbd53fd782843392105c020b9aa7d.flv	(0, 0)(1, 2)(2, 3)(3, 4)
6f5bbd3e080c65e9a9e52404c9054b2203d3f540.flv,9110765efc621b8e551b94889875201f36a48d49.flv	(0, 1)(1, 2)(3, 3)
6f5bbd3e080c65e9a9e52404c9054b2203d3f540.flv,925548514617c04feb99967cd1d40d985c467a2f.flv	(0, 3)(1, 4)(2, 5)(3, 6)
6f5bbd3e080c65e9a9e52404c9054b2203d3f540.flv,934c1d493bed0e2fae442e8970d787f176ac89cb.flv	(0, 0)(1, 1)(2, 2)(3, 3)(4, 4)
6f5bbd3e080c65e9a9e52404c9054b2203d3f540.flv,ab3d22a99b1f0fee38cf842f51b1dce60bed631f.flv	(0, 0)(1, 2)(2, 3)(3, 4)
6f5bbd3e080c65e9a9e52404c9054b2203d3f540.flv,b3e2f9a02ee873972fcb0ce144996ad850c7b4af.flv	(0, 0)(1, 1)(2, 2)(3, 3)(4, 4)
6f5bbd3e080c65e9a9e52404c9054b2203d3f540.flv,ce1451b329a9cd5ad178f0927644f81fad4c69c2.flv	(0, 0)(1, 1)(2, 2)(3, 3)(4, 4)
6f5bbd3e080c65e9a9e52404c9054b2203d3f540.flv,de71afa5fe2363589c28021940d2902d8701efdf.flv	(0, 1)(0, 2)(1, 4)(2, 5)(4, 7)
6f5bbd3e080c65e9a9e52404c9054b2203d3f540.flv,df4001c1e9d3e8fe3c61d9b6bac46cd377e6d2be.flv	(0, 0)(1, 1)(2, 2)(3, 3)(4, 4)
6f5bbd3e080c65e9a9e52404c9054b2203d3f540.flv,df839544c199b12b5de023c1ee8511b947f5c999.flv	(0, 0)(2, 2)(3, 3)(4, 4)
6f5bbd3e080c65e9a9e52404c9054b2203d3f540.flv,df839544c199b12b5de023c1ee8511b947f5c999.flv	(3, 5)
6f5bbd3e080c65e9a9e52404c9054b2203d3f540.flv,e018528afcd7682556a4049b76d76105f60fa922.flv	(1, 1)(2, 2)(3, 3)
811a34d320785afe0f50b9ff7a67a8b7c22e9891.flv,811a34d320785afe0f50b9ff7a67a8b7c22e9891.flv	(0, 0)(1, 1)(2, 2)(3, 3)(4, 4)(5, 5)(6, 6)(7, 7)(8, 8)(9, 9)(10, 10)(11, 11)(12, 12)(13, 13)(14, 14)(15, 15)
811a34d320785afe0f50b9ff7a67a8b7c22e9891.flv,d31adc1a71b72bb36f32b67cb6d52d4840a322c5.flv	(1, 11)(2, 12)(3, 13)(4, 15)(5, 16)(6, 17)(7, 18)(8, 20)(9, 21)(10, 22)(11, 23)(12, 24)(13, 25)
811a34d320785afe0f50b9ff7a67a8b7c22e9891.flv,df839544c199b12b5de023c1ee8511b947f5c999.flv	(0, 7)(1, 8)
811a34d320785afe0f50b9ff7a67a8b7c22e9891.flv,df839544c199b12b5de023c1ee8511b947f5c999.flv	(3, 14)
811a34d320785afe0f50b9ff7a67a8b7c22e9891.flv,f5d187eb9c7e5cfc6eaa206f479ede5c10603c68.flv	(0, 1)(1, 2)(2, 3)
811a34d320785afe0f50b9ff7a67a8b7c22e9891.flv,f5d187eb9c7e5cfc6eaa206f479ede5c10603c68.flv	(3, 7)(4, 8)(5, 9)(6, 10)(8, 12)(9, 14)
84ce12a5fff66f4cd789c90bf61156f44fe21fbc.flv,84ce12a5fff66f4cd789c90bf61156f44fe21fbc.flv	(0, 0)(1, 1)(2, 2)(3, 3)(4, 4)
84ce12a5fff66f4cd789c90bf61156f44fe21fbc.flv,8d6bd2b5607cbd53fd782843392105c020b9aa7d.flv	(0, 0)(1, 2)(2, 3)(3, 4)
84ce12a5fff66f4cd789c90bf61156f44fe21fbc.flv,9110765efc621b8e551b94889875201f36a48d49.flv	(0, 1)(1, 2)(3, 3)
84ce12a5fff66f4cd789c90bf61156f44fe21fbc.flv,925548514617c04feb99967cd1d40d985c467a2f.flv	(0, 3)(1, 4)(2, 5)(3, 6)
84ce12a5fff66f4cd789c90bf61156f44fe21fbc.flv,934c1d493bed0e2fae442e8970d787f176ac89cb.flv	(0, 0)(1, 1)(2, 2)(3, 3)(4, 4)
84ce12a5fff66f4cd789c90bf61156f44fe21fbc.flv,ab3d22a99b1f0fee38cf842f51b1dce60bed631f.flv	(0, 0)(1, 2)(2, 3)(3, 4)
84ce12a5fff66f4cd789c90bf61156f44fe21fbc.flv,b3e2f9a02ee873972fcb0ce144996ad850c7b4af.flv	(0, 0)(1, 1)(2, 2)(3, 3)(4, 4)
84ce12a5fff66f4cd789c90bf61156f44fe21fbc.flv,ce1451b329a9cd5ad178f0927644f81fad4c69c2.flv	(0, 0)(1, 1)(2, 2)(3, 3)(4, 4)
84ce12a5fff66f4cd789c90bf61156f44fe21fbc.flv,de71afa5fe2363589c28021940d2902d8701efdf.flv	(0, 2)(0, 3)(1, 4)(2, 6)(3, 7)
84ce12a5fff66f4cd789c90bf61156f44fe21fbc.flv,df4001c1e9d3e8fe3c61d9b6bac46cd377e6d2be.flv	(0, 0)(1, 1)(2, 2)(3, 3)(4, 4)
84ce12a5fff66f4cd789c90bf61156f44fe21fbc.flv,df839544c199b12b5de023c1ee8511b947f5c999.flv	(0, 0)(2, 2)(3, 3)(4, 4)
84ce12a5fff66f4cd789c90bf61156f44fe21fbc.flv,df839544c199b12b5de023c1ee8511b947f5c999.flv	(3, 5)
84ce12a5fff66f4cd789c90bf61156f44fe21fbc.flv,e018528afcd7682556a4049b76d76105f60fa922.flv	(1, 1)(2, 2)(3, 3)
8d6bd2b5607cbd53fd782843392105c020b9aa7d.flv,8d6bd2b5607cbd53fd782843392105c020b9aa7d.flv	(0, 0)(1, 1)(2, 2)(3, 3)(4, 4)
8d6bd2b5607cbd53fd782843392105c020b9aa7d.flv,9110765efc621b8e551b94889875201f36a48d49.flv	(0, 1)(2, 2)(3, 3)
8d6bd2b5607cbd53fd782843392105c020b9aa7d.flv,925548514617c04feb99967cd1d40d985c467a2f.flv	(1, 3)(2, 4)(4, 6)
8d6bd2b5607cbd53fd782843392105c020b9aa7d.flv,934c1d493bed0e2fae442e8970d787f176ac89cb.flv	(1, 0)(2, 1)(3, 2)(4, 3)
8d6bd2b5607cbd53fd782843392105c020b9aa7d.flv,ab3d22a99b1f0fee38cf842f51b1dce60bed631f.flv	(0, 0)(2, 2)(3, 3)(4, 4)
8d6bd2b5607cbd53fd782843392105c020b9aa7d.flv,b3e2f9a02ee873972fcb0ce144996ad850c7b4af.flv	(0, 0)(2, 1)(3, 2)(4, 3)
8d6bd2b5607cbd53fd782843392105c020b9aa7d.flv,ce1451b329a9cd5ad178f0927644f81fad4c69c2.flv	(0, 0)(2, 1)(3, 2)(4, 3)
8d6bd2b5607cbd53fd782843392105c020b9aa7d.flv,de71afa5fe2363589c28021940d2902d8701efdf.flv	(0, 2)(1, 3)(2, 5)(3, 6)(4, 7)
8d6bd2b5607cbd53fd782843392105c020b9aa7d.flv,df4001c1e9d3e8fe3c61d9b6bac46cd377e6d2be.flv	(0, 0)(2, 1)(3, 2)(4, 3)
8d6bd2b5607cbd53fd782843392105c020b9aa7d.flv,df839544c199b12b5de023c1ee8511b947f5c999.flv	(0, 0)(2, 2)(4, 4)
8d6bd2b5607cbd53fd782843392105c020b9aa7d.flv,df839544c199b12b5de023c1ee8511b947f5c999.flv	(3, 5)(4, 5)
8d6bd2b5607cbd53fd782843392105c020b9aa7d.flv,e018528afcd7682556a4049b76d76105f60fa922.flv	(1, 0)(2, 1)(4, 3)
9110765efc621b8e551b94889875201f36a48d49.flv,9110765efc621b8e551b94889875201f36a48d49.flv	(0, 0)(1, 1)(2, 2)(3, 3)
9110765efc621b8e551b94889875201f36a48d49.flv,925548514617c04feb99967cd1d40d985c467a2f.flv	(1, 3)(2, 4)(3, 6)
9110765efc621b8e551b94889875201f36a48d49.flv,934c1d493bed0e2fae442e8970d787f176ac89cb.flv	(1, 0)(2, 1)(3, 3)
9110765efc621b8e551b94889875201f36a48d49.flv,ab3d22a99b1f0fee38cf842f51b1dce60bed631f.flv	(1, 0)(2, 2)(3, 4)
9110765efc621b8e551b94889875201f36a48d49.flv,b3e2f9a02ee873972fcb0ce144996ad850c7b4af.flv	(1, 0)(2, 1)(3, 3)
9110765efc621b8e551b94889875201f36a48d49.flv,ce1451b329a9cd5ad178f0927644f81fad4c69c2.flv	(1, 0)(2, 1)(3, 3)
9110765efc621b8e551b94889875201f36a48d49.flv,de71afa5fe2363589c28021940d2902d8701efdf.flv	(1, 2)(1, 3)(2, 4)(3, 7)
9110765efc621b8e551b94889875201f36a48d49.flv,df4001c1e9d3e8fe3c61d9b6bac46cd377e6d2be.flv	(1, 0)(2, 1)(3, 3)
9110765efc621b8e551b94889875201f36a48d49.flv,df839544c199b12b5de023c1ee8511b947f5c999.flv	(1, 0)(2, 2)
9110765efc621b8e551b94889875201f36a48d49.flv,df839544c199b12b5de023c1ee8511b947f5c999.flv	(3, 5)
9110765efc621b8e551b94889875201f36a48d49.flv,e018528afcd7682556a4049b76d76105f60fa922.flv	(2, 1)(3, 3)
925548514617c04feb99967cd1d40d985c467a2f.flv,925548514617c04feb99967cd1d40d985c467a2f.flv	(0, 0)(1, 1)(2, 2)(3, 3)(4, 4)(5, 5)(6, 6)(7, 7)(8, 8)(9, 9)(10, 10)(11, 11)(12, 12)(13, 13)(14, 14)(15, 15)(16, 16)(17, 17)(18, 18)(19, 19)(20, 20)(21, 21)(22, 22)(23, 23)
925548514617c04feb99967cd1d40d985c467a2f.flv,934c1d493bed0e2fae442e8970d787f176ac89cb.flv	(3, 0)(4, 1)(5, 2)(6, 3)
925548514617c04feb99967cd1d40d985c467a2f.flv,ab3d22a99b1f0fee38cf842f51b1dce60bed631f.flv	(3, 0)(4, 2)(5, 3)(6, 4)
925548514617c04feb99967cd1d40d985c467a2f.flv,b3e2f9a02ee873972fcb0ce144996ad850c7b4af.flv	(3, 0)(4, 1)(5, 2)(6, 3)
925548514617c04feb99967cd1d40d985c467a2f.flv,ce1451b329a9cd5ad178f0927644f81fad4c69c2.flv	(3, 0)(4, 1)(5, 2)(6, 3)
925548514617c04feb99967cd1d40d985c467a2f.flv,de71afa5fe2363589c28021940d2902d8701efdf.flv	(4, 4)(5, 6)(6, 7)
925548514617c04feb99967cd1d40d985c467a2f.flv,df4001c1e9d3e8fe3c61d9b6bac46cd377e6d2be.flv	(3, 0)(4, 1)(5, 2)(6, 3)
925548514617c04feb99967cd1d40d985c467a2f.flv,df839544c199b12b5de023c1ee8511b947f5c999.flv	(3, 0)(4, 2)(6, 4)
925548514617c04feb99967cd1d40d985c467a2f.flv,df839544c199b12b5de023c1ee8511b947f5c999.flv	(6, 5)
925548514617c04feb99967cd1d40d985c467a2f.flv,e018528afcd7682556a4049b76d76105f60fa922.flv	(3, 0)(4, 1)(5, 2)(6, 3)
934c1d493bed0e2fae442e8970d787f176ac89cb.flv,934c1d493bed0e2fae442e8970d787f176ac89cb.flv	(0, 0)(1, 1)(2, 2)(3, 3)(4, 4)
934c1d493bed0e2fae442e8970d787f176ac89cb.flv,ab3d22a99b1f0fee38cf842f51b1dce60bed631f.flv	(0, 0)(1, 2)(2, 3)(3, 4)
934c1d493bed0e2fae442e8970d787f176ac89cb.flv,b3e2f9a02ee873972fcb0ce144996ad850c7b4af.flv	(0, 0)(1, 1)(2, 2)(3, 3)(4, 4)
934c1d493bed0e2fae442e8970d787f176ac89cb.flv,ce1451b329a9cd5ad178f0927644f81fad4c69c2.flv	(0, 0)(1, 1)(2, 2)(3, 3)(4, 4)
934c1d493bed0e2fae442e8970d787f176ac89cb.flv,de71afa5fe2363589c28021940d2902d8701efdf.flv	(1, 5)(2, 6)(3, 7)
934c1d493bed0e2fae442e8970d787f176ac89cb.flv,df4001c1e9d3e8fe3c61d9b6bac46cd377e6d2be.flv	(0, 0)(1, 1)(2, 2)(3, 3)(4, 4)
934c1d493bed0e2fae442e8970d787f176ac89cb.flv,df839544c199b12b5de023c1ee8511b947f5c999.flv	(0, 0)(1, 2)(2, 2)(3, 3)(4, 4)
934c1d493bed0e2fae442e8970d787f176ac89cb.flv,df839544c199b12b5de023c1ee8511b947f5c999.flv	(3, 5)
934c1d493bed0e2fae442e8970d787f176ac89cb.flv,e018528afcd7682556a4049b76d76105f60fa922.flv	(0, 0)(1, 1)(2, 2)(3, 3)
ab3d22a99b1f0fee38cf842f51b1dce60bed631f.flv,ab3d22a99b1f0fee38cf842f51b1dce60bed631f.flv	(0, 0)(1, 1)(2, 2)(3, 3)(4, 4)
ab3d22a99b1f0fee38cf842f51b1dce60bed631f.flv,b3e2f9a02ee873972fcb0ce144996ad850c7b4af.flv	(0, 0)(2, 1)(3, 2)(4, 3)
ab3d22a99b1f0fee38cf842f51b1dce60bed631f.flv,ce1451b329a9cd5ad178f0927644f81fad4c69c2.flv	(0, 0)(2, 1)(3, 2)(4, 3)
ab3d22a99b1f0fee38cf842f51b1dce60bed631f.flv,de71afa5fe2363589c28021940d2902d8701efdf.flv	(0, 1)(0, 2)(1, 3)(2, 4)(4, 7)
ab3d22a99b1f0fee38cf842f51b1dce60bed631f.flv,df4001c1e9d3e8fe3c61d9b6bac46cd377e6d2be.flv	(0, 0)(2, 1)(3, 2)(4, 3)
ab3d22a99b1f0fee38cf842f51b1dce60bed631f.flv,df839544c199b12b5de023c1ee8511b947f5c999.flv	(0, 0)(1, 1)(2, 2)(3, 2)(4, 4)
ab3d22a99b1f0fee38cf842f51b1dce60bed631f.flv,df839544c199b12b5de023c1ee8511b947f5c999.flv	(4, 5)
ab3d22a99b1f0fee38cf842f51b1dce60bed631f.flv,e018528afcd7682556a4049b76d76105f60fa922.flv	(1, 0)(2, 1)(3, 2)(4, 3)
b3e2f9a02ee873972fcb0ce144996ad850c7b4af.flv,b3e2f9a02ee873972fcb0ce144996ad850c7b4af.flv	(0, 0)(1, 1)(2, 2)(3, 3)(4, 4)
b3e2f9a02ee873972fcb0ce144996ad850c7b4af.flv,ce1451b329a9cd5ad178f0927644f81fad4c69c2.flv	(0, 0)(1, 1)(2, 2)(3, 3)(4, 4)
b3e2f9a02ee873972fcb0ce144996ad850c7b4af.flv,de71afa5fe2363589c28021940d2902d8701efdf.flv	(0, 1)(0, 2)(1, 4)(2, 5)(4, 7)
b3e2f9a02ee873972fcb0ce144996ad850c7b4af.flv,df4001c1e9d3e8fe3c61d9b6bac46cd377e6d2be.flv	(0, 0)(1, 1)(2, 2)(3, 3)(4, 4)
b3e2f9a02ee873972fcb0ce144996ad850c7b4af.flv,df839544c199b12b5de023c1ee8511b947f5c999.flv	(0, 0)(2, 2)(3, 3)(4, 4)
b3e2f9a02ee873972fcb0ce144996ad850c7b4af.flv,df839544c199b12b5de023c1ee8511b947f5c999.flv	(3, 5)
b3e2f9a02ee873972fcb0ce144996ad850c7b4af.flv,e018528afcd7682556a4049b76d76105f60fa922.flv	(1, 1)(2, 2)(3, 3)
ce1451b329a9cd5ad178f0927644f81fad4c69c2.flv,ce1451b329a9cd5ad178f0927644f81fad4c69c2.flv	(0, 0)(1, 1)(2, 2)(3, 3)(4, 4)
ce1451b329a9cd5ad178f0927644f81fad4c69c2.flv,de71afa5fe2363589c28021940d2902d8701efdf.flv	(0, 1)(0, 2)(1, 4)(2, 5)(4, 7)
ce1451b329a9cd5ad178f0927644f81fad4c69c2.flv,df4001c1e9d3e8fe3c61d9b6bac46cd377e6d2be.flv	(0, 0)(1, 1)(2, 2)(3, 3)(4, 4)
ce1451b329a9cd5ad178f0927644f81fad4c69c2.flv,df839544c199b12b5de023c1ee8511b947f5c999.flv	(0, 0)(2, 2)(3, 3)(4, 4)
ce1451b329a9cd5ad178f0927644f81fad4c69c2.flv,df839544c199b12b5de023c1ee8511b947f5c999.flv	(3, 5)
ce1451b329a9cd5ad178f0927644f81fad4c69c2.flv,e018528afcd7682556a4049b76d76105f60fa922.flv	
d31adc1a71b72bb36f32b67cb6d52d4840a322c5.flv,d31adc1a71b72bb36f32b67cb6d52d4840a322c5.flv	(0, 0)(1, 1)(2, 2)(3, 3)(4, 4)(5, 5)(6, 6)(7, 7)(8, 8)(9, 9)(10, 10)(11, 11)(12, 12)(13, 13)(14, 14)(15, 15)(16, 16)(17, 17)(18, 18)(19, 19)(20, 20)(21, 21)(22, 22)(23, 23)(24, 24)(25, 25)(26, 26)
d31adc1a71b72bb36f32b67cb6d52d4840a322c5.flv,df839544c199b12b5de023c1ee8511b947f5c999.flv	(11, 7)
d31adc1a71b72bb36f32b67cb6d52d4840a322c5.flv,df839544c199b12b5de023c1ee8511b947f5c999.flv	(13, 14)
d31adc1a71b72bb36f32b67cb6d52d4840a322c5.flv,f5d187eb9c7e5cfc6eaa206f479ede5c10603c68.flv	(11, 1)(12, 3)
d31adc1a71b72bb36f32b67cb6d52d4840a322c5.flv,f5d187eb9c7e5cfc6eaa206f479ede5c10603c68.flv	(13, 7)(16, 8)(17, 10)(20, 12)(21, 13)(22, 14)
de71afa5fe2363589c28021940d2902d8701efdf.flv,de71afa5fe2363589c28021940d2902d8701efdf.flv	(0, 0)(1, 1)(2, 2)(3, 3)(4, 4)(5, 5)(6, 6)(7, 7)(8, 8)
de71afa5fe2363589c28021940d2902d8701efdf.flv,df4001c1e9d3e8fe3c61d9b6bac46cd377e6d2be.flv	(1, 0)(2, 0)(4, 1)(5, 2)(7, 4)
de71afa5fe2363589c28021940d2902d8701efdf.flv,df839544c199b12b5de023c1ee8511b947f5c999.flv	(1, 0)(2, 0)(3, 1)(4, 2)(6, 3)(7, 4)
de71afa5fe2363589c28021940d2902d8701efdf.flv,df839544c199b12b5de023c1ee8511b947f5c999.flv	(7, 5)
de71afa5fe2363589c28021940d2902d8701efdf.flv,e018528afcd7682556a4049b76d76105f60fa922.flv	(3, 0)(4, 1)(6, 2)(7, 3)
df4001c1e9d3e8fe3c61d9b6bac46cd377e6d2be.flv,df4001c1e9d3e8fe3c61d9b6bac46cd377e6d2be.flv	(0, 0)(1, 1)(2, 2)(3, 3)(4, 4)
df4001c1e9d3e8fe3c61d9b6bac46cd377e6d2be.flv,df839544c199b12b5de023c1ee8511b947f5c999.flv	(0, 0)(2, 2)(3, 4)
df4001c1e9d3e8fe3c61d9b6bac46cd377e6d2be.flv,df839544c199b12b5de023c1ee8511b947f5c999.flv	(3, 5)
df4001c1e9d3e8fe3c61d9b6bac46cd377e6d2be.flv,e018528afcd7682556a4049b76d76105f60fa922.flv	(1, 1)(2, 2)(3, 3)
df839544c199b12b5de023c1ee8511b947f5c999.flv,df839544c199b12b5de023c1ee8511b947f5c999.flv	(0, 0)(1, 1)(2, 2)(3, 3)(4, 4)(5, 5)(6, 6)(7, 7)(8, 8)(9, 9)(10, 10)(11, 11)(12, 12)(13, 13)(14, 14)(15, 15)
df839544c199b12b5de023c1ee8511b947f5c999.flv,e018528afcd7682556a4049b76d76105f60fa922.flv	(1, 0)(2, 1)(4, 3)
e018528afcd7682556a4049b76d76105f60fa922.flv,e018528afcd7682556a4049b76d76105f60fa922.flv	(0, 0)(1, 1)(2, 2)(3, 3)
f5d187eb9c7e5cfc6eaa206f479ede5c10603c68.flv,f5d187eb9c7e5cfc6eaa206f479ede5c10603c68.flv	(0, 0)(1, 1)(2, 2)(3, 3)(4, 4)(5, 5)(6, 6)(7, 7)(8, 8)(9, 9)(10, 10)(11, 11)(12, 12)(13, 13)(14, 14)
