0421e862855ae81fd14e804d0758ab7917b5335c.flv,0421e862855ae81fd14e804d0758ab7917b5335c.flv	(0, 0)(1, 1)(2, 2)(3, 3)(4, 4)(5, 5)(6, 6)(7, 7)(8, 8)(9, 9)(10, 10)(11, 11)(12, 12)(13, 13)(14, 14)(15, 15)(16, 16)(17, 17)(18, 18)(19, 19)(20, 20)(21, 21)(22, 22)(23, 23)(24, 24)(25, 25)
0421e862855ae81fd14e804d0758ab7917b5335c.flv,1a9a30abe7dee2eaa52c82490ee117cc399f583e.flv	
0421e862855ae81fd14e804d0758ab7917b5335c.flv,200130e0c39f0239a22ad3f873feac30e88134df.flv	(4, 0)
0421e862855ae81fd14e804d0758ab7917b5335c.flv,25b4ccc2b3166b565dde7192ed3b7b43921439dd.flv	(0, 1)(1, 2)(2, 4)
0421e862855ae81fd14e804d0758ab7917b5335c.flv,25ba77da725f9247cf8a84bb370cf40ac74297d2.flv	(6, 38)
0421e862855ae81fd14e804d0758ab7917b5335c.flv,25ba77da725f9247cf8a84bb370cf40ac74297d2.flv	(23, 91)
0421e862855ae81fd14e804d0758ab7917b5335c.flv,283043f1c1433d9205416d2922764421d3d7e34e.flv	
0421e862855ae81fd14e804d0758ab7917b5335c.flv,31a250020d2cd699bc5fc42897f7522043713cf5.flv	(1, 3)(2, 4)
0421e862855ae81fd14e804d0758ab7917b5335c.flv,694b83f937e8ae9a390c5ed1004d5ef1f8643ae4.flv	(4, 2)(5, 3)
0421e862855ae81fd14e804d0758ab7917b5335c.flv,7033506abf8c15d8f22f26f9ad88dd531cbffb8f.flv	(5, 36)(6, 37)
0421e862855ae81fd14e804d0758ab7917b5335c.flv,704ed7f6755163d92e4344ede58a30e14ceb5ed4.flv	(6, 38)
0421e862855ae81fd14e804d0758ab7917b5335c.flv,743b4b30bf4fa11e3231dd0cc319016db1cb5b73.flv	(8, 50)
0421e862855ae81fd14e804d0758ab7917b5335c.flv,7759574accbb8bf3b47365c39f31ba8a728481c4.flv	(0, 9)(2, 13)
0421e862855ae81fd14e804d0758ab7917b5335c.flv,7759574accbb8bf3b47365c39f31ba8a728481c4.flv	(4, 22)(5, 23)(6, 24)
0421e862855ae81fd14e804d0758ab7917b5335c.flv,81898f5820b268138f9c80284d0118105ffc3712.flv	(0, 3)(1, 4)
0421e862855ae81fd14e804d0758ab7917b5335c.flv,81898f5820b268138f9c80284d0118105ffc3712.flv	(6, 26)
0421e862855ae81fd14e804d0758ab7917b5335c.flv,8bb9090a95a07edf2fd021d64335bf7b4f428eb2.flv	(0, 19)(1, 21)
0421e862855ae81fd14e804d0758ab7917b5335c.flv,952cdd6aa1a8c2f63f9900960b3e18ffb217b97f.flv	(3, 14)
0421e862855ae81fd14e804d0758ab7917b5335c.flv,96642d7998cdd226b395153b7d8f3d36655c0176.flv	
0421e862855ae81fd14e804d0758ab7917b5335c.flv,96642d7998cdd226b395153b7d8f3d36655c0176.flv	(18, 65)(21, 69)
0421e862855ae81fd14e804d0758ab7917b5335c.flv,9f3d3762943c662470d78368a29a067952a97933.flv	(0, 0)(2, 1)
0421e862855ae81fd14e804d0758ab7917b5335c.flv,a257de343d6734f0fc478da98cfedf773ea407a4.mp4	(0, 0)(1, 3)(2, 4)
0421e862855ae81fd14e804d0758ab7917b5335c.flv,aa314017a4a18f05208d8702c27d16d57df3f55f.mp4	(0, 0)(1, 2)
0421e862855ae81fd14e804d0758ab7917b5335c.flv,aba6851ca7f78f3a83216005bef58766e3dfb26d.flv	
0421e862855ae81fd14e804d0758ab7917b5335c.flv,aba6851ca7f78f3a83216005bef58766e3dfb26d.flv	(4, 0)
0421e862855ae81fd14e804d0758ab7917b5335c.flv,db06eed340d0873fc48b2129115f16c79c48678c.flv	(24, 37)
0421e862855ae81fd14e804d0758ab7917b5335c.flv,e7831eba03ee7083a9d547fdde6adadaa05f3eeb.flv	(7, 19)
1a9a30abe7dee2eaa52c82490ee117cc399f583e.flv,1a9a30abe7dee2eaa52c82490ee117cc399f583e.flv	(0, 0)(1, 1)(2, 2)(3, 3)(4, 4)(5, 5)(6, 6)(7, 7)(8, 8)(9, 9)(10, 10)(11, 11)(12, 12)(13, 13)(14, 14)(15, 15)(16, 16)(17, 17)(18, 18)(19, 19)(20, 20)(21, 21)(22, 22)(23, 23)(24, 24)(25, 25)(26, 26)(27, 27)(28, 28)(29, 29)(30, 30)(31, 31)(32, 32)(33, 33)(34, 34)(35, 35)(36, 36)(37, 37)(38, 38)(39, 39)(40, 40)(41, 41)(42, 42)(43, 43)(44, 44)(45, 45)(46, 46)(47, 47)(48, 48)(49, 49)(50, 50)(51, 51)(52, 52)(53, 53)(54, 54)(55, 55)(56, 56)(57, 57)(58, 58)(59, 59)(60, 60)(61, 61)(62, 62)(63, 63)(64, 64)(65, 65)(66, 66)(67, 67)(68, 68)(69, 69)(70, 70)(71, 71)(72, 72)(73, 73)(74, 74)(75, 75)(76, 76)(77, 77)(78, 78)(79, 79)(80, 80)(81, 81)(82, 82)(83, 83)(84, 84)(85, 85)(86, 86)(87, 87)(88, 88)(89, 89)(90, 90)(91, 91)(92, 92)(93, 93)(94, 94)(95, 95)(96, 96)(97, 97)(98, 98)(99, 99)(100, 100)(101, 101)(102, 102)(103, 103)(104, 104)(105, 105)(106, 106)(107, 107)(108, 108)(109, 109)(110, 110)(111, 111)(112, 112)(113, 113)(114, 114)(115, 115)(116, 116)(117, 117)(118, 118)(119, 119)(120, 120)(121, 121)(122, 122)(123, 123)(124, 124)(125, 125)(126, 126)(127, 127)(128, 128)(129, 129)(130, 130)(131, 131)(132, 132)(133, 133)(134, 134)(135, 135)(136, 136)(137, 137)(138, 138)(139, 139)(140, 140)(141, 141)(142, 142)(143, 143)(144, 144)(145, 145)(146, 146)(147, 147)(148, 148)(149, 149)(150, 150)(151, 151)(152, 152)(153, 153)(154, 154)(155, 155)(156, 156)(157, 157)(158, 158)(159, 159)(160, 160)(161, 161)(162, 162)(163, 163)(164, 164)(165, 165)(166, 166)(167, 167)(168, 168)(169, 169)(170, 170)(171, 171)(172, 172)(173, 173)(174, 174)(175, 175)(176, 176)(177, 177)(178, 178)(179, 179)(180, 180)(181, 181)(182, 182)(183, 183)(184, 184)(185, 185)(186, 186)(187, 187)(188, 188)(189, 189)(190, 190)(191, 191)(192, 192)(193, 193)(194, 194)(195, 195)(196, 196)(197, 197)(198, 198)(199, 199)(200, 200)(201, 201)(202, 202)(203, 203)(204, 204)(205, 205)(206, 206)(207, 207)(208, 208)
1a9a30abe7dee2eaa52c82490ee117cc399f583e.flv,200130e0c39f0239a22ad3f873feac30e88134df.flv	(26, 0)
1a9a30abe7dee2eaa52c82490ee117cc399f583e.flv,25b4ccc2b3166b565dde7192ed3b7b43921439dd.flv	(22, 13)(23, 13)(25, 14)(26, 15)(28, 16)(29, 17)
1a9a30abe7dee2eaa52c82490ee117cc399f583e.flv,25ba77da725f9247cf8a84bb370cf40ac74297d2.flv	(0, 14)(2, 15)(3, 16)(4, 17)(5, 18)(6, 19)(8, 22)(9, 23)(11, 24)(12, 25)(16, 29)(18, 30)(19, 31)(20, 32)(25, 36)(26, 37)(29, 39)(31, 40)(32, 41)(35, 45)(39, 48)(41, 49)(44, 51)(53, 57)(60, 63)(63, 66)(66, 69)(68, 71)(71, 74)(72, 75)(78, 80)(80, 82)(86, 86)(88, 87)(89, 88)(90, 89)(92, 92)(94, 93)(96, 95)(97, 96)(98, 97)(100, 98)(101, 99)(103, 102)(104, 103)(105, 105)(108, 107)(110, 109)(112, 111)
1a9a30abe7dee2eaa52c82490ee117cc399f583e.flv,283043f1c1433d9205416d2922764421d3d7e34e.flv	(86, 0)(89, 2)(90, 3)(91, 4)(92, 6)(94, 7)(96, 8)(97, 9)(100, 10)(101, 11)(103, 13)(104, 15)(106, 16)(107, 17)(109, 21)(110, 22)(112, 24)(113, 25)(114, 26)(115, 27)(117, 29)(121, 31)(123, 32)(125, 33)(126, 35)(127, 36)(128, 37)
1a9a30abe7dee2eaa52c82490ee117cc399f583e.flv,31a250020d2cd699bc5fc42897f7522043713cf5.flv	
1a9a30abe7dee2eaa52c82490ee117cc399f583e.flv,694b83f937e8ae9a390c5ed1004d5ef1f8643ae4.flv	(25, 0)(31, 6)(32, 7)(34, 10)(35, 12)(36, 13)(39, 15)(41, 16)(45, 19)(47, 20)(56, 26)(57, 28)(61, 32)(62, 33)(63, 34)(65, 35)(73, 45)(76, 50)(89, 60)(102, 77)(113, 91)
1a9a30abe7dee2eaa52c82490ee117cc399f583e.flv,7033506abf8c15d8f22f26f9ad88dd531cbffb8f.flv	(0, 12)(6, 16)(8, 17)(16, 26)(20, 31)(24, 35)(26, 38)(28, 39)
1a9a30abe7dee2eaa52c82490ee117cc399f583e.flv,704ed7f6755163d92e4344ede58a30e14ceb5ed4.flv	(8, 9)(9, 11)(11, 13)(14, 15)(18, 18)(19, 20)(20, 22)(21, 24)(25, 26)(26, 27)(27, 28)(29, 29)(31, 30)(32, 31)(34, 35)(36, 41)(39, 43)(41, 44)(43, 45)(45, 46)(47, 50)(49, 52)(51, 54)(53, 56)(54, 57)(56, 59)(58, 61)(60, 62)(61, 63)(68, 69)(72, 74)(80, 85)(86, 87)(88, 88)(94, 97)(97, 99)(98, 101)(100, 102)(101, 103)(102, 104)(103, 105)(104, 107)
1a9a30abe7dee2eaa52c82490ee117cc399f583e.flv,743b4b30bf4fa11e3231dd0cc319016db1cb5b73.flv	(6, 7)(8, 9)(9, 11)(11, 13)(12, 14)(21, 24)(24, 26)(26, 27)(29, 29)(41, 44)(43, 45)(45, 46)(47, 50)(49, 52)(51, 55)(57, 61)(61, 63)(62, 64)(63, 65)(66, 68)(68, 69)(69, 71)(70, 72)(72, 74)(75, 81)(76, 82)(79, 84)(80, 85)(86, 87)(88, 88)(89, 89)(91, 92)(98, 101)(104, 107)
1a9a30abe7dee2eaa52c82490ee117cc399f583e.flv,7759574accbb8bf3b47365c39f31ba8a728481c4.flv	(86, 57)(89, 58)(90, 60)(91, 62)(92, 63)
1a9a30abe7dee2eaa52c82490ee117cc399f583e.flv,81898f5820b268138f9c80284d0118105ffc3712.flv	(8, 10)(11, 11)(15, 13)(18, 14)(21, 17)(33, 21)(35, 25)(36, 26)(37, 27)(39, 28)(41, 29)(53, 33)(55, 34)(59, 36)(60, 37)(63, 39)(66, 40)(75, 45)(80, 49)(89, 51)(90, 52)(92, 54)(94, 55)(98, 57)(100, 58)
1a9a30abe7dee2eaa52c82490ee117cc399f583e.flv,8bb9090a95a07edf2fd021d64335bf7b4f428eb2.flv	(0, 26)(1, 27)(2, 28)(7, 31)(8, 32)(9, 34)(11, 35)
1a9a30abe7dee2eaa52c82490ee117cc399f583e.flv,8bb9090a95a07edf2fd021d64335bf7b4f428eb2.flv	(24, 51)(26, 53)(27, 54)(32, 58)(33, 59)
1a9a30abe7dee2eaa52c82490ee117cc399f583e.flv,952cdd6aa1a8c2f63f9900960b3e18ffb217b97f.flv	(0, 14)(3, 15)(4, 16)(6, 18)(7, 19)(8, 20)(9, 22)(11, 23)(12, 25)(14, 26)(19, 32)(21, 34)(25, 37)(26, 38)(27, 40)(32, 43)(33, 45)(36, 48)(39, 50)(45, 54)(47, 55)(48, 56)(53, 60)(55, 62)(64, 71)(65, 72)(66, 74)(71, 79)(75, 83)(78, 87)(80, 88)(81, 89)(86, 91)(94, 100)(100, 105)(104, 111)(109, 114)(117, 123)(119, 124)(120, 125)(123, 130)(124, 131)(125, 133)(133, 142)(136, 146)(137, 147)(138, 148)(139, 149)(142, 151)(143, 152)(145, 153)(146, 155)(150, 158)(151, 159)(155, 162)(156, 163)(160, 167)(166, 172)(167, 173)(171, 179)(175, 183)(186, 191)(189, 192)(190, 193)(191, 195)(195, 198)(197, 200)(202, 202)
1a9a30abe7dee2eaa52c82490ee117cc399f583e.flv,96642d7998cdd226b395153b7d8f3d36655c0176.flv	(0, 1)(2, 2)(3, 3)(6, 5)(8, 7)(11, 10)(18, 16)(19, 17)(20, 18)(21, 19)(29, 24)(31, 25)(32, 26)(34, 28)(36, 31)(39, 32)(41, 34)(42, 35)(45, 37)(46, 38)(50, 40)(51, 41)(53, 42)(63, 52)(66, 54)(71, 59)(72, 60)(73, 61)(76, 64)(78, 65)(79, 66)
1a9a30abe7dee2eaa52c82490ee117cc399f583e.flv,9f3d3762943c662470d78368a29a067952a97933.flv	(0, 2)(9, 7)(11, 8)(16, 10)(18, 12)(19, 13)(20, 15)(21, 16)(26, 18)(34, 21)
1a9a30abe7dee2eaa52c82490ee117cc399f583e.flv,a257de343d6734f0fc478da98cfedf773ea407a4.mp4	(8, 9)(18, 15)(23, 18)(34, 24)(35, 26)(36, 27)(51, 33)(53, 34)(60, 36)(66, 41)(68, 42)(70, 43)(76, 46)(78, 47)(80, 48)(97, 54)(99, 55)(100, 56)(104, 58)(108, 59)(110, 61)(112, 63)(113, 64)(117, 65)(118, 66)(138, 71)(139, 72)(142, 73)
1a9a30abe7dee2eaa52c82490ee117cc399f583e.flv,aa314017a4a18f05208d8702c27d16d57df3f55f.mp4	(13, 11)(14, 12)(16, 15)(18, 16)
1a9a30abe7dee2eaa52c82490ee117cc399f583e.flv,aba6851ca7f78f3a83216005bef58766e3dfb26d.flv	
1a9a30abe7dee2eaa52c82490ee117cc399f583e.flv,aba6851ca7f78f3a83216005bef58766e3dfb26d.flv	
1a9a30abe7dee2eaa52c82490ee117cc399f583e.flv,db06eed340d0873fc48b2129115f16c79c48678c.flv	(86, 0)(90, 3)(92, 6)(94, 7)(96, 8)(103, 13)(104, 14)(109, 20)(110, 21)(112, 22)(121, 30)(126, 32)(128, 33)(130, 36)(132, 37)
1a9a30abe7dee2eaa52c82490ee117cc399f583e.flv,e7831eba03ee7083a9d547fdde6adadaa05f3eeb.flv	(0, 8)
200130e0c39f0239a22ad3f873feac30e88134df.flv,200130e0c39f0239a22ad3f873feac30e88134df.flv	(0, 0)(1, 1)(2, 2)(3, 3)
200130e0c39f0239a22ad3f873feac30e88134df.flv,25b4ccc2b3166b565dde7192ed3b7b43921439dd.flv	(0, 15)
200130e0c39f0239a22ad3f873feac30e88134df.flv,25ba77da725f9247cf8a84bb370cf40ac74297d2.flv	(0, 37)
200130e0c39f0239a22ad3f873feac30e88134df.flv,31a250020d2cd699bc5fc42897f7522043713cf5.flv	(0, 0)
200130e0c39f0239a22ad3f873feac30e88134df.flv,5aff6ecadb439bb9c16a215188258f9474052fae.flv	(0, 20)
200130e0c39f0239a22ad3f873feac30e88134df.flv,694b83f937e8ae9a390c5ed1004d5ef1f8643ae4.flv	
200130e0c39f0239a22ad3f873feac30e88134df.flv,7033506abf8c15d8f22f26f9ad88dd531cbffb8f.flv	
200130e0c39f0239a22ad3f873feac30e88134df.flv,704ed7f6755163d92e4344ede58a30e14ceb5ed4.flv	(0, 35)
200130e0c39f0239a22ad3f873feac30e88134df.flv,743b4b30bf4fa11e3231dd0cc319016db1cb5b73.flv	(0, 12)
200130e0c39f0239a22ad3f873feac30e88134df.flv,7759574accbb8bf3b47365c39f31ba8a728481c4.flv	(0, 22)
200130e0c39f0239a22ad3f873feac30e88134df.flv,81898f5820b268138f9c80284d0118105ffc3712.flv	
200130e0c39f0239a22ad3f873feac30e88134df.flv,8bb9090a95a07edf2fd021d64335bf7b4f428eb2.flv	(0, 53)
200130e0c39f0239a22ad3f873feac30e88134df.flv,952cdd6aa1a8c2f63f9900960b3e18ffb217b97f.flv	(0, 14)
200130e0c39f0239a22ad3f873feac30e88134df.flv,96642d7998cdd226b395153b7d8f3d36655c0176.flv	(0, 24)
200130e0c39f0239a22ad3f873feac30e88134df.flv,9f3d3762943c662470d78368a29a067952a97933.flv	(0, 16)
200130e0c39f0239a22ad3f873feac30e88134df.flv,aa314017a4a18f05208d8702c27d16d57df3f55f.mp4	(0, 12)
200130e0c39f0239a22ad3f873feac30e88134df.flv,aba6851ca7f78f3a83216005bef58766e3dfb26d.flv	(0, 0)
200130e0c39f0239a22ad3f873feac30e88134df.flv,e7831eba03ee7083a9d547fdde6adadaa05f3eeb.flv	
25b4ccc2b3166b565dde7192ed3b7b43921439dd.flv,25b4ccc2b3166b565dde7192ed3b7b43921439dd.flv	(0, 0)(1, 1)(2, 2)(3, 3)(4, 4)(5, 5)(6, 6)(7, 7)(8, 8)(9, 9)(10, 10)(11, 11)(12, 12)(13, 13)(14, 14)(15, 15)(16, 16)(17, 17)(18, 18)(19, 19)(20, 20)(21, 21)(22, 22)(23, 23)(24, 24)(25, 25)(26, 26)(27, 27)(28, 28)(29, 29)(30, 30)(31, 31)(32, 32)(33, 33)(34, 34)(35, 35)(36, 36)(37, 37)(38, 38)(39, 39)(40, 40)(41, 41)(42, 42)(43, 43)(44, 44)(45, 45)(46, 46)(47, 47)(48, 48)(49, 49)(50, 50)(51, 51)(52, 52)(53, 53)(54, 54)(55, 55)(56, 56)(57, 57)(58, 58)(59, 59)(60, 60)(61, 61)(62, 62)(63, 63)(64, 64)(65, 65)(66, 66)(67, 67)(68, 68)(69, 69)(70, 70)(71, 71)(72, 72)(73, 73)(74, 74)(75, 75)(76, 76)(77, 77)(78, 78)(79, 79)(80, 80)(81, 81)(82, 82)
25b4ccc2b3166b565dde7192ed3b7b43921439dd.flv,25ba77da725f9247cf8a84bb370cf40ac74297d2.flv	(13, 34)(15, 37)(17, 38)
25b4ccc2b3166b565dde7192ed3b7b43921439dd.flv,283043f1c1433d9205416d2922764421d3d7e34e.flv	(37, 1)(38, 2)
25b4ccc2b3166b565dde7192ed3b7b43921439dd.flv,31a250020d2cd699bc5fc42897f7522043713cf5.flv	(1, 2)(2, 3)
25b4ccc2b3166b565dde7192ed3b7b43921439dd.flv,5aff6ecadb439bb9c16a215188258f9474052fae.flv	(62, 7)(64, 10)
25b4ccc2b3166b565dde7192ed3b7b43921439dd.flv,694b83f937e8ae9a390c5ed1004d5ef1f8643ae4.flv	(13, 0)(14, 1)(15, 2)(16, 3)(17, 5)(18, 6)
25b4ccc2b3166b565dde7192ed3b7b43921439dd.flv,7033506abf8c15d8f22f26f9ad88dd531cbffb8f.flv	(13, 32)(14, 33)(15, 34)(16, 35)(17, 37)(18, 38)(19, 39)
25b4ccc2b3166b565dde7192ed3b7b43921439dd.flv,704ed7f6755163d92e4344ede58a30e14ceb5ed4.flv	(13, 33)(13, 34)(14, 35)(17, 39)(18, 40)(19, 41)
25b4ccc2b3166b565dde7192ed3b7b43921439dd.flv,743b4b30bf4fa11e3231dd0cc319016db1cb5b73.flv	(13, 33)(13, 34)(14, 35)(15, 37)(17, 39)(18, 40)
25b4ccc2b3166b565dde7192ed3b7b43921439dd.flv,7759574accbb8bf3b47365c39f31ba8a728481c4.flv	(1, 9)(3, 12)
25b4ccc2b3166b565dde7192ed3b7b43921439dd.flv,7759574accbb8bf3b47365c39f31ba8a728481c4.flv	(14, 22)
25b4ccc2b3166b565dde7192ed3b7b43921439dd.flv,81898f5820b268138f9c80284d0118105ffc3712.flv	(1, 3)(2, 4)(4, 8)
25b4ccc2b3166b565dde7192ed3b7b43921439dd.flv,81898f5820b268138f9c80284d0118105ffc3712.flv	(14, 24)(15, 25)(17, 26)(18, 28)(19, 29)
25b4ccc2b3166b565dde7192ed3b7b43921439dd.flv,8bb9090a95a07edf2fd021d64335bf7b4f428eb2.flv	(1, 19)(2, 21)(3, 22)(4, 24)
25b4ccc2b3166b565dde7192ed3b7b43921439dd.flv,8bb9090a95a07edf2fd021d64335bf7b4f428eb2.flv	(15, 53)
25b4ccc2b3166b565dde7192ed3b7b43921439dd.flv,952cdd6aa1a8c2f63f9900960b3e18ffb217b97f.flv	
25b4ccc2b3166b565dde7192ed3b7b43921439dd.flv,952cdd6aa1a8c2f63f9900960b3e18ffb217b97f.flv	(13, 38)(15, 41)(16, 42)(17, 43)(18, 45)
25b4ccc2b3166b565dde7192ed3b7b43921439dd.flv,96642d7998cdd226b395153b7d8f3d36655c0176.flv	(14, 23)(15, 24)(17, 25)
25b4ccc2b3166b565dde7192ed3b7b43921439dd.flv,9f3d3762943c662470d78368a29a067952a97933.flv	(1, 0)
25b4ccc2b3166b565dde7192ed3b7b43921439dd.flv,a257de343d6734f0fc478da98cfedf773ea407a4.mp4	(1, 0)(2, 3)
25b4ccc2b3166b565dde7192ed3b7b43921439dd.flv,aa314017a4a18f05208d8702c27d16d57df3f55f.mp4	(2, 2)(4, 4)
25b4ccc2b3166b565dde7192ed3b7b43921439dd.flv,aba6851ca7f78f3a83216005bef58766e3dfb26d.flv	
25b4ccc2b3166b565dde7192ed3b7b43921439dd.flv,aba6851ca7f78f3a83216005bef58766e3dfb26d.flv	(15, 0)
25b4ccc2b3166b565dde7192ed3b7b43921439dd.flv,db06eed340d0873fc48b2129115f16c79c48678c.flv	(40, 9)
25b4ccc2b3166b565dde7192ed3b7b43921439dd.flv,e7831eba03ee7083a9d547fdde6adadaa05f3eeb.flv	(14, 14)(14, 15)(15, 17)(18, 21)
25ba77da725f9247cf8a84bb370cf40ac74297d2.flv,25ba77da725f9247cf8a84bb370cf40ac74297d2.flv	(0, 0)(1, 1)(2, 2)(3, 3)(4, 4)(5, 5)(6, 6)(7, 7)(8, 8)(9, 9)(10, 10)(11, 11)(12, 12)(13, 13)(14, 14)(15, 15)(16, 16)(17, 17)(18, 18)(19, 19)(20, 20)(21, 21)(22, 22)(23, 23)(24, 24)(25, 25)(26, 26)(27, 27)(28, 28)(29, 29)(30, 30)(31, 31)(32, 32)(33, 33)(34, 34)(35, 35)(36, 36)(37, 37)(38, 38)(39, 39)(40, 40)(41, 41)(42, 42)(43, 43)(44, 44)(45, 45)(46, 46)(47, 47)(48, 48)(49, 49)(50, 50)(51, 51)(52, 52)(53, 53)(54, 54)(55, 55)(56, 56)(57, 57)(58, 58)(59, 59)(60, 60)(61, 61)(62, 62)(63, 63)(64, 64)(65, 65)(66, 66)(67, 67)(68, 68)(69, 69)(70, 70)(71, 71)(72, 72)(73, 73)(74, 74)(75, 75)(76, 76)(77, 77)(78, 78)(79, 79)(80, 80)(81, 81)(82, 82)(83, 83)(84, 84)(85, 85)(86, 86)(87, 87)(88, 88)(89, 89)(90, 90)(91, 91)(92, 92)(93, 93)(94, 94)(95, 95)(96, 96)(97, 97)(98, 98)(99, 99)(100, 100)(101, 101)(102, 102)(103, 103)(104, 104)(105, 105)(106, 106)(107, 107)(108, 108)(109, 109)(110, 110)(111, 111)
25ba77da725f9247cf8a84bb370cf40ac74297d2.flv,283043f1c1433d9205416d2922764421d3d7e34e.flv	(91, 4)
25ba77da725f9247cf8a84bb370cf40ac74297d2.flv,31a250020d2cd699bc5fc42897f7522043713cf5.flv	(0, 0)(3, 1)(4, 2)(5, 3)(8, 4)
25ba77da725f9247cf8a84bb370cf40ac74297d2.flv,31a250020d2cd699bc5fc42897f7522043713cf5.flv	
25ba77da725f9247cf8a84bb370cf40ac74297d2.flv,694b83f937e8ae9a390c5ed1004d5ef1f8643ae4.flv	(35, 0)(37, 2)
25ba77da725f9247cf8a84bb370cf40ac74297d2.flv,7033506abf8c15d8f22f26f9ad88dd531cbffb8f.flv	(14, 12)(24, 20)(29, 27)(31, 31)(32, 32)(33, 33)(34, 34)
25ba77da725f9247cf8a84bb370cf40ac74297d2.flv,704ed7f6755163d92e4344ede58a30e14ceb5ed4.flv	(22, 9)(23, 11)(24, 13)(30, 18)(31, 20)(32, 22)(36, 26)(37, 27)(38, 28)(39, 29)(40, 30)(42, 35)(48, 43)(49, 44)(51, 45)(54, 49)(57, 56)(59, 59)(61, 61)(63, 62)(64, 63)(66, 65)(69, 68)(71, 69)(75, 74)(78, 79)(82, 85)(86, 87)(87, 88)(96, 99)(97, 101)(98, 102)(99, 103)(103, 107)
25ba77da725f9247cf8a84bb370cf40ac74297d2.flv,743b4b30bf4fa11e3231dd0cc319016db1cb5b73.flv	(22, 9)(23, 11)(24, 13)(28, 16)(34, 25)(35, 26)(39, 29)(42, 35)(43, 37)(46, 42)(49, 44)(50, 45)(52, 46)(59, 59)(61, 61)(63, 62)(64, 63)(65, 64)(66, 65)(69, 68)(75, 74)(76, 77)(77, 78)(78, 79)(80, 83)(81, 84)(82, 85)(98, 102)(101, 105)(103, 107)
25ba77da725f9247cf8a84bb370cf40ac74297d2.flv,7759574accbb8bf3b47365c39f31ba8a728481c4.flv	(35, 20)
25ba77da725f9247cf8a84bb370cf40ac74297d2.flv,81898f5820b268138f9c80284d0118105ffc3712.flv	(22, 10)(24, 11)(25, 12)(28, 13)(34, 17)(40, 20)(43, 24)(45, 25)(48, 28)(49, 29)(56, 32)(57, 33)(62, 36)(66, 39)(77, 44)(78, 45)(88, 51)(89, 52)(92, 54)(93, 55)(97, 57)(98, 58)
25ba77da725f9247cf8a84bb370cf40ac74297d2.flv,8bb9090a95a07edf2fd021d64335bf7b4f428eb2.flv	(14, 26)(15, 28)(20, 31)(24, 35)
25ba77da725f9247cf8a84bb370cf40ac74297d2.flv,8bb9090a95a07edf2fd021d64335bf7b4f428eb2.flv	(35, 51)(37, 53)(38, 55)
25ba77da725f9247cf8a84bb370cf40ac74297d2.flv,8bb9090a95a07edf2fd021d64335bf7b4f428eb2.flv	(36, 52)(37, 53)
25ba77da725f9247cf8a84bb370cf40ac74297d2.flv,952cdd6aa1a8c2f63f9900960b3e18ffb217b97f.flv	(14, 14)(16, 15)(17, 16)(20, 18)(21, 19)(22, 20)(25, 25)(30, 29)(31, 31)(32, 32)(34, 33)(35, 34)(36, 35)(37, 36)(39, 38)(43, 45)(45, 46)(47, 47)(48, 48)(49, 49)(50, 50)(56, 55)(57, 57)(60, 59)(61, 60)(62, 61)(63, 62)(68, 67)(69, 69)(74, 74)(75, 75)(76, 76)(77, 77)(78, 78)(79, 80)(81, 81)(82, 83)(84, 85)(89, 90)(93, 95)(94, 97)(96, 99)(102, 101)(107, 105)(109, 107)(111, 109)
25ba77da725f9247cf8a84bb370cf40ac74297d2.flv,96642d7998cdd226b395153b7d8f3d36655c0176.flv	(35, 22)(36, 23)(37, 24)(38, 25)
25ba77da725f9247cf8a84bb370cf40ac74297d2.flv,9f3d3762943c662470d78368a29a067952a97933.flv	(35, 14)(37, 16)
25ba77da725f9247cf8a84bb370cf40ac74297d2.flv,a257de343d6734f0fc478da98cfedf773ea407a4.mp4	(7, 1)(8, 2)(9, 3)(22, 8)(25, 11)(29, 12)(31, 16)(36, 18)(37, 19)(39, 21)(40, 22)(42, 23)(45, 26)(46, 27)(55, 31)(56, 33)(57, 34)(62, 36)(64, 38)(66, 40)(68, 41)(69, 42)(95, 55)(106, 60)(107, 61)(108, 63)(112, 65)(119, 68)(130, 72)
25ba77da725f9247cf8a84bb370cf40ac74297d2.flv,aa314017a4a18f05208d8702c27d16d57df3f55f.mp4	(28, 14)(29, 16)
25ba77da725f9247cf8a84bb370cf40ac74297d2.flv,aba6851ca7f78f3a83216005bef58766e3dfb26d.flv	(37, 0)
25ba77da725f9247cf8a84bb370cf40ac74297d2.flv,db06eed340d0873fc48b2129115f16c79c48678c.flv	(91, 4)
25ba77da725f9247cf8a84bb370cf40ac74297d2.flv,e7831eba03ee7083a9d547fdde6adadaa05f3eeb.flv	(14, 8)
25ba77da725f9247cf8a84bb370cf40ac74297d2.flv,e7831eba03ee7083a9d547fdde6adadaa05f3eeb.flv	
283043f1c1433d9205416d2922764421d3d7e34e.flv,283043f1c1433d9205416d2922764421d3d7e34e.flv	(0, 0)(1, 1)(2, 2)(3, 3)(4, 4)(5, 5)(6, 6)(7, 7)(8, 8)(9, 9)(10, 10)(11, 11)(12, 12)(13, 13)(14, 14)(15, 15)(16, 16)(17, 17)(18, 18)(19, 19)(20, 20)(21, 21)(22, 22)(23, 23)(24, 24)(25, 25)(26, 26)(27, 27)(28, 28)(29, 29)(30, 30)(31, 31)(32, 32)(33, 33)(34, 34)(35, 35)(36, 36)(37, 37)(38, 38)(39, 39)(40, 40)(41, 41)(42, 42)(43, 43)(44, 44)(45, 45)
283043f1c1433d9205416d2922764421d3d7e34e.flv,31a250020d2cd699bc5fc42897f7522043713cf5.flv	(4, 0)(5, 0)
283043f1c1433d9205416d2922764421d3d7e34e.flv,694b83f937e8ae9a390c5ed1004d5ef1f8643ae4.flv	(0, 59)(2, 61)(3, 62)(4, 64)(5, 65)(6, 67)(7, 69)(13, 79)(14, 80)(15, 82)(16, 83)(19, 85)(21, 87)(22, 88)(24, 90)(25, 91)
283043f1c1433d9205416d2922764421d3d7e34e.flv,704ed7f6755163d92e4344ede58a30e14ceb5ed4.flv	(11, 105)(12, 106)(14, 107)
283043f1c1433d9205416d2922764421d3d7e34e.flv,743b4b30bf4fa11e3231dd0cc319016db1cb5b73.flv	(10, 70)(11, 72)(12, 73)(14, 74)(15, 76)
283043f1c1433d9205416d2922764421d3d7e34e.flv,7759574accbb8bf3b47365c39f31ba8a728481c4.flv	(0, 57)(2, 58)(3, 60)(4, 61)(6, 63)
283043f1c1433d9205416d2922764421d3d7e34e.flv,81898f5820b268138f9c80284d0118105ffc3712.flv	(9, 56)(10, 58)
283043f1c1433d9205416d2922764421d3d7e34e.flv,952cdd6aa1a8c2f63f9900960b3e18ffb217b97f.flv	(0, 99)(7, 104)(8, 105)(9, 107)(10, 108)(11, 109)(12, 110)(15, 112)(21, 114)(25, 117)(27, 120)(28, 121)(29, 122)(30, 123)(37, 129)
283043f1c1433d9205416d2922764421d3d7e34e.flv,9f3d3762943c662470d78368a29a067952a97933.flv	
283043f1c1433d9205416d2922764421d3d7e34e.flv,a257de343d6734f0fc478da98cfedf773ea407a4.mp4	(11, 61)(12, 62)(19, 65)(30, 69)(31, 70)(39, 73)
283043f1c1433d9205416d2922764421d3d7e34e.flv,aba6851ca7f78f3a83216005bef58766e3dfb26d.flv	
283043f1c1433d9205416d2922764421d3d7e34e.flv,db06eed340d0873fc48b2129115f16c79c48678c.flv	(0, 0)(1, 1)(2, 2)(3, 3)(4, 4)(5, 5)(6, 6)(7, 7)(8, 8)(9, 9)(10, 10)(11, 11)(12, 12)(13, 13)(14, 14)(15, 15)(16, 16)(17, 17)(18, 18)(19, 19)(20, 20)(21, 21)(22, 22)(23, 23)(24, 24)(25, 25)(26, 26)(27, 27)(28, 28)(29, 29)(30, 30)(31, 31)(32, 32)(33, 33)(34, 34)(35, 35)(36, 36)(37, 37)(38, 38)(39, 39)(40, 40)(41, 41)(42, 42)(43, 43)(44, 44)(45, 45)
283043f1c1433d9205416d2922764421d3d7e34e.flv,e7831eba03ee7083a9d547fdde6adadaa05f3eeb.flv	(3, 43)(4, 44)
31a250020d2cd699bc5fc42897f7522043713cf5.flv,31a250020d2cd699bc5fc42897f7522043713cf5.flv	(0, 0)(1, 1)(2, 2)(3, 3)(4, 4)
31a250020d2cd699bc5fc42897f7522043713cf5.flv,5aff6ecadb439bb9c16a215188258f9474052fae.flv	(0, 20)
31a250020d2cd699bc5fc42897f7522043713cf5.flv,694b83f937e8ae9a390c5ed1004d5ef1f8643ae4.flv	
31a250020d2cd699bc5fc42897f7522043713cf5.flv,7033506abf8c15d8f22f26f9ad88dd531cbffb8f.flv	
31a250020d2cd699bc5fc42897f7522043713cf5.flv,704ed7f6755163d92e4344ede58a30e14ceb5ed4.flv	
31a250020d2cd699bc5fc42897f7522043713cf5.flv,743b4b30bf4fa11e3231dd0cc319016db1cb5b73.flv	
31a250020d2cd699bc5fc42897f7522043713cf5.flv,7759574accbb8bf3b47365c39f31ba8a728481c4.flv	(2, 10)(3, 11)(4, 13)
31a250020d2cd699bc5fc42897f7522043713cf5.flv,81898f5820b268138f9c80284d0118105ffc3712.flv	(0, 1)(1, 3)
31a250020d2cd699bc5fc42897f7522043713cf5.flv,8bb9090a95a07edf2fd021d64335bf7b4f428eb2.flv	(3, 21)
31a250020d2cd699bc5fc42897f7522043713cf5.flv,952cdd6aa1a8c2f63f9900960b3e18ffb217b97f.flv	
31a250020d2cd699bc5fc42897f7522043713cf5.flv,96642d7998cdd226b395153b7d8f3d36655c0176.flv	
31a250020d2cd699bc5fc42897f7522043713cf5.flv,9f3d3762943c662470d78368a29a067952a97933.flv	
31a250020d2cd699bc5fc42897f7522043713cf5.flv,a257de343d6734f0fc478da98cfedf773ea407a4.mp4	
31a250020d2cd699bc5fc42897f7522043713cf5.flv,aa314017a4a18f05208d8702c27d16d57df3f55f.mp4	(0, 0)(3, 2)
31a250020d2cd699bc5fc42897f7522043713cf5.flv,aba6851ca7f78f3a83216005bef58766e3dfb26d.flv	
31a250020d2cd699bc5fc42897f7522043713cf5.flv,e7831eba03ee7083a9d547fdde6adadaa05f3eeb.flv	
5aff6ecadb439bb9c16a215188258f9474052fae.flv,5aff6ecadb439bb9c16a215188258f9474052fae.flv	(0, 0)(1, 1)(2, 2)(3, 3)(4, 4)(5, 5)(6, 6)(7, 7)(8, 8)(9, 9)(10, 10)(11, 11)(12, 12)(13, 13)(14, 14)(15, 15)(16, 16)(17, 17)(18, 18)(19, 19)(20, 20)(21, 21)(22, 22)(23, 23)(24, 24)(25, 25)(26, 26)(27, 27)(28, 28)(29, 29)(30, 30)(31, 31)(32, 32)(33, 33)(34, 34)(35, 35)(36, 36)(37, 37)(38, 38)(39, 39)(40, 40)(41, 41)(42, 42)(43, 43)(44, 44)(45, 45)(46, 46)(47, 47)(48, 48)(49, 49)(50, 50)(51, 51)(52, 52)(53, 53)(54, 54)(55, 55)(56, 56)(57, 57)(58, 58)(59, 59)(60, 60)(61, 61)(62, 62)(63, 63)(64, 64)(65, 65)(66, 66)(67, 67)(68, 68)(69, 69)(70, 70)(71, 71)(72, 72)(73, 73)(74, 74)(75, 75)(76, 76)(77, 77)(78, 78)(79, 79)(80, 80)(81, 81)(82, 82)(83, 83)(84, 84)(85, 85)(86, 86)(87, 87)(88, 88)(89, 89)(90, 90)(91, 91)(92, 92)(93, 93)(94, 94)(95, 95)(96, 96)(97, 97)(98, 98)(99, 99)(100, 100)(101, 101)(102, 102)(103, 103)(104, 104)(105, 105)(106, 106)(107, 107)(108, 108)(109, 109)(110, 110)
5aff6ecadb439bb9c16a215188258f9474052fae.flv,7759574accbb8bf3b47365c39f31ba8a728481c4.flv	(17, 71)
5aff6ecadb439bb9c16a215188258f9474052fae.flv,bdce7faffa2ce63db64ddab4fa10ac6752079020.flv	(20, 97)(21, 99)
694b83f937e8ae9a390c5ed1004d5ef1f8643ae4.flv,694b83f937e8ae9a390c5ed1004d5ef1f8643ae4.flv	(0, 0)(1, 1)(2, 2)(3, 3)(4, 4)(5, 5)(6, 6)(7, 7)(8, 8)(9, 9)(10, 10)(11, 11)(12, 12)(13, 13)(14, 14)(15, 15)(16, 16)(17, 17)(18, 18)(19, 19)(20, 20)(21, 21)(22, 22)(23, 23)(24, 24)(25, 25)(26, 26)(27, 27)(28, 28)(29, 29)(30, 30)(31, 31)(32, 32)(33, 33)(34, 34)(35, 35)(36, 36)(37, 37)(38, 38)(39, 39)(40, 40)(41, 41)(42, 42)(43, 43)(44, 44)(45, 45)(46, 46)(47, 47)(48, 48)(49, 49)(50, 50)(51, 51)(52, 52)(53, 53)(54, 54)(55, 55)(56, 56)(57, 57)(58, 58)(59, 59)(60, 60)(61, 61)(62, 62)(63, 63)(64, 64)(65, 65)(66, 66)(67, 67)(68, 68)(69, 69)(70, 70)(71, 71)(72, 72)(73, 73)(74, 74)(75, 75)(76, 76)(77, 77)(78, 78)(79, 79)(80, 80)(81, 81)(82, 82)(83, 83)(84, 84)(85, 85)(86, 86)(87, 87)(88, 88)(89, 89)(90, 90)(91, 91)(92, 92)(93, 93)(94, 94)(95, 95)(96, 96)(97, 97)(98, 98)(99, 99)
694b83f937e8ae9a390c5ed1004d5ef1f8643ae4.flv,7033506abf8c15d8f22f26f9ad88dd531cbffb8f.flv	(0, 32)(1, 33)(2, 34)(3, 35)
694b83f937e8ae9a390c5ed1004d5ef1f8643ae4.flv,704ed7f6755163d92e4344ede58a30e14ceb5ed4.flv	(78, 105)(79, 106)(80, 107)
694b83f937e8ae9a390c5ed1004d5ef1f8643ae4.flv,743b4b30bf4fa11e3231dd0cc319016db1cb5b73.flv	
694b83f937e8ae9a390c5ed1004d5ef1f8643ae4.flv,7759574accbb8bf3b47365c39f31ba8a728481c4.flv	(0, 20)(1, 21)(2, 22)(3, 23)
694b83f937e8ae9a390c5ed1004d5ef1f8643ae4.flv,81898f5820b268138f9c80284d0118105ffc3712.flv	(0, 22)(1, 23)(2, 25)
694b83f937e8ae9a390c5ed1004d5ef1f8643ae4.flv,8bb9090a95a07edf2fd021d64335bf7b4f428eb2.flv	(1, 35)(3, 39)(4, 41)(5, 42)(9, 53)(11, 59)(12, 62)
694b83f937e8ae9a390c5ed1004d5ef1f8643ae4.flv,952cdd6aa1a8c2f63f9900960b3e18ffb217b97f.flv	(0, 40)(2, 41)(5, 43)(6, 45)(12, 48)(13, 49)(15, 51)(19, 54)(22, 57)(28, 63)(33, 67)(37, 70)(44, 76)(45, 78)(47, 79)(48, 80)(50, 81)(59, 88)(60, 90)(61, 91)(63, 94)(67, 95)(68, 96)(75, 100)(82, 104)(84, 105)(85, 106)(87, 107)(88, 109)(90, 111)(91, 112)
694b83f937e8ae9a390c5ed1004d5ef1f8643ae4.flv,96642d7998cdd226b395153b7d8f3d36655c0176.flv	(0, 22)(1, 23)(2, 24)(6, 26)(7, 27)(9, 28)(22, 41)(23, 42)(25, 46)(26, 47)(30, 49)(32, 50)(34, 53)(42, 59)(44, 60)(51, 65)(53, 68)(55, 69)(57, 71)(58, 72)(59, 73)
694b83f937e8ae9a390c5ed1004d5ef1f8643ae4.flv,9f3d3762943c662470d78368a29a067952a97933.flv	
694b83f937e8ae9a390c5ed1004d5ef1f8643ae4.flv,9f3d3762943c662470d78368a29a067952a97933.flv	
694b83f937e8ae9a390c5ed1004d5ef1f8643ae4.flv,a257de343d6734f0fc478da98cfedf773ea407a4.mp4	(6, 23)(16, 29)(19, 30)(22, 33)(24, 34)(32, 37)(42, 43)(51, 46)(87, 59)(90, 61)(91, 62)
694b83f937e8ae9a390c5ed1004d5ef1f8643ae4.flv,aba6851ca7f78f3a83216005bef58766e3dfb26d.flv	(2, 0)
694b83f937e8ae9a390c5ed1004d5ef1f8643ae4.flv,db06eed340d0873fc48b2129115f16c79c48678c.flv	(59, 0)(62, 3)(65, 5)(67, 6)(69, 7)(75, 9)(77, 10)(82, 14)(88, 20)(91, 22)
694b83f937e8ae9a390c5ed1004d5ef1f8643ae4.flv,e7831eba03ee7083a9d547fdde6adadaa05f3eeb.flv	(1, 14)(1, 15)(2, 17)(4, 19)(5, 20)(6, 21)
7033506abf8c15d8f22f26f9ad88dd531cbffb8f.flv,7033506abf8c15d8f22f26f9ad88dd531cbffb8f.flv	(0, 0)(1, 1)(2, 2)(3, 3)(4, 4)(5, 5)(6, 6)(7, 7)(8, 8)(9, 9)(10, 10)(11, 11)(12, 12)(13, 13)(14, 14)(15, 15)(16, 16)(17, 17)(18, 18)(19, 19)(20, 20)(21, 21)(22, 22)(23, 23)(24, 24)(25, 25)(26, 26)(27, 27)(28, 28)(29, 29)(30, 30)(31, 31)(32, 32)(33, 33)(34, 34)(35, 35)(36, 36)(37, 37)(38, 38)(39, 39)(40, 40)(41, 41)(42, 42)(43, 43)(44, 44)(45, 45)
7033506abf8c15d8f22f26f9ad88dd531cbffb8f.flv,704ed7f6755163d92e4344ede58a30e14ceb5ed4.flv	(15, 6)(17, 9)(18, 11)(25, 16)(27, 18)(28, 19)(33, 25)
7033506abf8c15d8f22f26f9ad88dd531cbffb8f.flv,743b4b30bf4fa11e3231dd0cc319016db1cb5b73.flv	(15, 7)(17, 9)(18, 11)(19, 13)(20, 14)(28, 20)(31, 24)(33, 25)(37, 28)(38, 29)(39, 30)
7033506abf8c15d8f22f26f9ad88dd531cbffb8f.flv,7759574accbb8bf3b47365c39f31ba8a728481c4.flv	(32, 19)(34, 22)(36, 23)(37, 24)
7033506abf8c15d8f22f26f9ad88dd531cbffb8f.flv,81898f5820b268138f9c80284d0118105ffc3712.flv	(37, 26)
7033506abf8c15d8f22f26f9ad88dd531cbffb8f.flv,8bb9090a95a07edf2fd021d64335bf7b4f428eb2.flv	(33, 52)(34, 53)
7033506abf8c15d8f22f26f9ad88dd531cbffb8f.flv,952cdd6aa1a8c2f63f9900960b3e18ffb217b97f.flv	(20, 19)(27, 21)
7033506abf8c15d8f22f26f9ad88dd531cbffb8f.flv,96642d7998cdd226b395153b7d8f3d36655c0176.flv	(36, 32)(39, 42)
7033506abf8c15d8f22f26f9ad88dd531cbffb8f.flv,9f3d3762943c662470d78368a29a067952a97933.flv	(33, 14)(34, 15)
7033506abf8c15d8f22f26f9ad88dd531cbffb8f.flv,a257de343d6734f0fc478da98cfedf773ea407a4.mp4	(19, 9)(33, 13)(38, 16)(39, 17)
7033506abf8c15d8f22f26f9ad88dd531cbffb8f.flv,aa314017a4a18f05208d8702c27d16d57df3f55f.mp4	(19, 7)(22, 10)(25, 12)(27, 15)(28, 16)
7033506abf8c15d8f22f26f9ad88dd531cbffb8f.flv,aba6851ca7f78f3a83216005bef58766e3dfb26d.flv	
7033506abf8c15d8f22f26f9ad88dd531cbffb8f.flv,e7831eba03ee7083a9d547fdde6adadaa05f3eeb.flv	(33, 14)
704ed7f6755163d92e4344ede58a30e14ceb5ed4.flv,704ed7f6755163d92e4344ede58a30e14ceb5ed4.flv	(0, 0)(1, 1)(2, 2)(3, 3)(4, 4)(5, 5)(6, 6)(7, 7)(8, 8)(9, 9)(10, 10)(11, 11)(12, 12)(13, 13)(14, 14)(15, 15)(16, 16)(17, 17)(18, 18)(19, 19)(20, 20)(21, 21)(22, 22)(23, 23)(24, 24)(25, 25)(26, 26)(27, 27)(28, 28)(29, 29)(30, 30)(31, 31)(32, 32)(33, 33)(34, 34)(35, 35)(36, 36)(37, 37)(38, 38)(39, 39)(40, 40)(41, 41)(42, 42)(43, 43)(44, 44)(45, 45)(46, 46)(47, 47)(48, 48)(49, 49)(50, 50)(51, 51)(52, 52)(53, 53)(54, 54)(55, 55)(56, 56)(57, 57)(58, 58)(59, 59)(60, 60)(61, 61)(62, 62)(63, 63)(64, 64)(65, 65)(66, 66)(67, 67)(68, 68)(69, 69)(70, 70)(71, 71)(72, 72)(73, 73)(74, 74)(75, 75)(76, 76)(77, 77)(78, 78)(79, 79)(80, 80)(81, 81)(82, 82)(83, 83)(84, 84)(85, 85)(86, 86)(87, 87)(88, 88)(89, 89)(90, 90)(91, 91)(92, 92)(93, 93)(94, 94)(95, 95)(96, 96)(97, 97)(98, 98)(99, 99)(100, 100)(101, 101)(102, 102)(103, 103)(104, 104)(105, 105)(106, 106)(107, 107)
704ed7f6755163d92e4344ede58a30e14ceb5ed4.flv,743b4b30bf4fa11e3231dd0cc319016db1cb5b73.flv	(6, 7)(7, 8)(9, 9)(13, 13)(15, 15)(16, 16)(18, 18)(21, 22)(22, 23)(24, 24)(25, 25)(27, 27)(29, 29)(30, 30)(31, 32)(32, 33)(33, 34)(35, 35)(37, 37)(39, 39)(41, 41)(44, 44)(46, 46)(47, 48)(48, 49)(52, 52)(53, 54)(56, 56)(57, 58)(59, 59)(61, 61)(62, 62)(63, 63)(65, 65)(66, 67)(68, 68)(69, 69)(70, 71)(72, 72)(74, 74)(75, 76)(76, 77)(79, 79)(81, 81)(82, 82)(83, 84)(85, 85)(86, 86)(87, 87)(88, 88)(89, 89)(90, 91)(92, 92)(94, 95)(95, 96)(99, 99)(100, 101)(102, 102)(104, 104)(105, 105)(107, 107)
704ed7f6755163d92e4344ede58a30e14ceb5ed4.flv,7759574accbb8bf3b47365c39f31ba8a728481c4.flv	(33, 19)(34, 20)
704ed7f6755163d92e4344ede58a30e14ceb5ed4.flv,81898f5820b268138f9c80284d0118105ffc3712.flv	(9, 10)(18, 14)(33, 21)(35, 22)(37, 24)(41, 26)(42, 27)(50, 31)(56, 33)(62, 37)(63, 38)(65, 39)(74, 43)(79, 45)(82, 47)(85, 49)(97, 55)(99, 56)(101, 57)(102, 58)
704ed7f6755163d92e4344ede58a30e14ceb5ed4.flv,8bb9090a95a07edf2fd021d64335bf7b4f428eb2.flv	(6, 30)(9, 32)(10, 33)(11, 34)(12, 35)
704ed7f6755163d92e4344ede58a30e14ceb5ed4.flv,952cdd6aa1a8c2f63f9900960b3e18ffb217b97f.flv	(6, 17)(9, 20)(12, 22)(13, 23)(14, 25)(15, 26)(18, 29)(19, 30)(20, 31)(24, 33)(25, 34)(26, 35)(27, 36)(28, 37)(29, 38)(35, 43)(37, 45)(42, 47)(45, 50)(46, 51)(50, 53)(52, 54)(61, 60)(62, 62)(68, 69)(69, 70)(70, 71)(72, 73)(79, 78)(81, 79)(82, 80)(92, 91)(107, 101)
704ed7f6755163d92e4344ede58a30e14ceb5ed4.flv,96642d7998cdd226b395153b7d8f3d36655c0176.flv	(33, 21)(34, 22)(35, 24)(37, 25)
704ed7f6755163d92e4344ede58a30e14ceb5ed4.flv,9f3d3762943c662470d78368a29a067952a97933.flv	
704ed7f6755163d92e4344ede58a30e14ceb5ed4.flv,a257de343d6734f0fc478da98cfedf773ea407a4.mp4	(13, 10)(18, 12)(22, 13)(24, 15)
704ed7f6755163d92e4344ede58a30e14ceb5ed4.flv,a257de343d6734f0fc478da98cfedf773ea407a4.mp4	(105, 61)(106, 62)(107, 64)
704ed7f6755163d92e4344ede58a30e14ceb5ed4.flv,aba6851ca7f78f3a83216005bef58766e3dfb26d.flv	
704ed7f6755163d92e4344ede58a30e14ceb5ed4.flv,aba6851ca7f78f3a83216005bef58766e3dfb26d.flv	(35, 0)
704ed7f6755163d92e4344ede58a30e14ceb5ed4.flv,e7831eba03ee7083a9d547fdde6adadaa05f3eeb.flv	(37, 18)
743b4b30bf4fa11e3231dd0cc319016db1cb5b73.flv,743b4b30bf4fa11e3231dd0cc319016db1cb5b73.flv	(0, 0)(1, 1)(2, 2)(3, 3)(4, 4)(5, 5)(6, 6)(7, 7)(8, 8)(9, 9)(10, 10)(11, 11)(12, 12)(13, 13)(14, 14)(15, 15)(16, 16)(17, 17)(18, 18)(19, 19)(20, 20)(21, 21)(22, 22)(23, 23)(24, 24)(25, 25)(26, 26)(27, 27)(28, 28)(29, 29)(30, 30)(31, 31)(32, 32)(33, 33)(34, 34)(35, 35)(36, 36)(37, 37)(38, 38)(39, 39)(40, 40)(41, 41)(42, 42)(43, 43)(44, 44)(45, 45)(46, 46)(47, 47)(48, 48)(49, 49)(50, 50)(51, 51)(52, 52)(53, 53)(54, 54)(55, 55)(56, 56)(57, 57)(58, 58)(59, 59)(60, 60)(61, 61)(62, 62)(63, 63)(64, 64)(65, 65)(66, 66)(67, 67)(68, 68)(69, 69)(70, 70)(71, 71)(72, 72)(73, 73)(74, 74)(75, 75)(76, 76)(77, 77)(78, 78)(79, 79)(80, 80)(81, 81)(82, 82)(83, 83)(84, 84)(85, 85)(86, 86)(87, 87)(88, 88)(89, 89)(90, 90)(91, 91)(92, 92)(93, 93)(94, 94)(95, 95)(96, 96)(97, 97)(98, 98)(99, 99)(100, 100)(101, 101)(102, 102)(103, 103)(104, 104)(105, 105)(106, 106)(107, 107)
743b4b30bf4fa11e3231dd0cc319016db1cb5b73.flv,7759574accbb8bf3b47365c39f31ba8a728481c4.flv	(35, 22)
743b4b30bf4fa11e3231dd0cc319016db1cb5b73.flv,81898f5820b268138f9c80284d0118105ffc3712.flv	(13, 11)(18, 14)(20, 15)(25, 17)(27, 18)(29, 19)(35, 22)(36, 23)(37, 24)(41, 26)(42, 27)(61, 35)(65, 39)(74, 43)(78, 44)(82, 47)(85, 49)(89, 51)(97, 55)(99, 56)
743b4b30bf4fa11e3231dd0cc319016db1cb5b73.flv,8bb9090a95a07edf2fd021d64335bf7b4f428eb2.flv	(9, 32)(12, 34)(13, 35)
743b4b30bf4fa11e3231dd0cc319016db1cb5b73.flv,952cdd6aa1a8c2f63f9900960b3e18ffb217b97f.flv	(9, 20)(11, 21)(12, 22)(13, 23)(14, 25)(15, 26)(18, 29)(19, 30)(20, 31)(27, 36)(28, 37)(29, 38)(35, 43)(37, 45)(45, 50)(46, 51)(48, 52)(50, 53)(52, 54)(61, 60)(68, 69)(69, 70)(70, 71)(78, 76)(79, 78)(81, 79)(82, 80)(86, 83)(92, 91)(94, 94)(107, 101)
743b4b30bf4fa11e3231dd0cc319016db1cb5b73.flv,96642d7998cdd226b395153b7d8f3d36655c0176.flv	(33, 21)(34, 22)(35, 23)
743b4b30bf4fa11e3231dd0cc319016db1cb5b73.flv,9f3d3762943c662470d78368a29a067952a97933.flv	(34, 13)
743b4b30bf4fa11e3231dd0cc319016db1cb5b73.flv,a257de343d6734f0fc478da98cfedf773ea407a4.mp4	(12, 10)(13, 11)(26, 18)(27, 19)(29, 21)(37, 25)(42, 27)(44, 28)(46, 29)(50, 30)(56, 33)(59, 34)(63, 36)(64, 37)(74, 44)(105, 56)
743b4b30bf4fa11e3231dd0cc319016db1cb5b73.flv,aa314017a4a18f05208d8702c27d16d57df3f55f.mp4	(12, 11)(13, 12)
743b4b30bf4fa11e3231dd0cc319016db1cb5b73.flv,aba6851ca7f78f3a83216005bef58766e3dfb26d.flv	(9, 0)
743b4b30bf4fa11e3231dd0cc319016db1cb5b73.flv,db06eed340d0873fc48b2129115f16c79c48678c.flv	(105, 11)
743b4b30bf4fa11e3231dd0cc319016db1cb5b73.flv,e7831eba03ee7083a9d547fdde6adadaa05f3eeb.flv	(33, 13)(34, 14)(38, 21)
7759574accbb8bf3b47365c39f31ba8a728481c4.flv,7759574accbb8bf3b47365c39f31ba8a728481c4.flv	(0, 0)(1, 1)(2, 2)(3, 3)(4, 4)(5, 5)(6, 6)(7, 7)(8, 8)(9, 9)(10, 10)(11, 11)(12, 12)(13, 13)(14, 14)(15, 15)(16, 16)(17, 17)(18, 18)(19, 19)(20, 20)(21, 21)(22, 22)(23, 23)(24, 24)(25, 25)(26, 26)(27, 27)(28, 28)(29, 29)(30, 30)(31, 31)(32, 32)(33, 33)(34, 34)(35, 35)(36, 36)(37, 37)(38, 38)(39, 39)(40, 40)(41, 41)(42, 42)(43, 43)(44, 44)(45, 45)(46, 46)(47, 47)(48, 48)(49, 49)(50, 50)(51, 51)(52, 52)(53, 53)(54, 54)(55, 55)(56, 56)(57, 57)(58, 58)(59, 59)(60, 60)(61, 61)(62, 62)(63, 63)(64, 64)(65, 65)(66, 66)(67, 67)(68, 68)(69, 69)(70, 70)(71, 71)(72, 72)(73, 73)(74, 74)
7759574accbb8bf3b47365c39f31ba8a728481c4.flv,81898f5820b268138f9c80284d0118105ffc3712.flv	(20, 22)(22, 23)(32, 27)(50, 31)
7759574accbb8bf3b47365c39f31ba8a728481c4.flv,8bb9090a95a07edf2fd021d64335bf7b4f428eb2.flv	(9, 19)(11, 21)(14, 25)
7759574accbb8bf3b47365c39f31ba8a728481c4.flv,952cdd6aa1a8c2f63f9900960b3e18ffb217b97f.flv	(12, 10)(14, 14)
7759574accbb8bf3b47365c39f31ba8a728481c4.flv,952cdd6aa1a8c2f63f9900960b3e18ffb217b97f.flv	(20, 39)(21, 40)(40, 50)(42, 51)(45, 53)(47, 54)(52, 56)(53, 57)(57, 59)(60, 62)(62, 63)(69, 69)
7759574accbb8bf3b47365c39f31ba8a728481c4.flv,96642d7998cdd226b395153b7d8f3d36655c0176.flv	(20, 20)(22, 21)(25, 24)(29, 28)(30, 29)(32, 30)(35, 31)(39, 34)(40, 35)(42, 37)(47, 40)(50, 43)(60, 53)(66, 57)(68, 59)
7759574accbb8bf3b47365c39f31ba8a728481c4.flv,9f3d3762943c662470d78368a29a067952a97933.flv	(27, 13)(29, 14)
7759574accbb8bf3b47365c39f31ba8a728481c4.flv,a257de343d6734f0fc478da98cfedf773ea407a4.mp4	(9, 0)(10, 2)(11, 3)(13, 4)(14, 5)
7759574accbb8bf3b47365c39f31ba8a728481c4.flv,aa314017a4a18f05208d8702c27d16d57df3f55f.mp4	(9, 0)(13, 4)(14, 5)
7759574accbb8bf3b47365c39f31ba8a728481c4.flv,aba6851ca7f78f3a83216005bef58766e3dfb26d.flv	
7759574accbb8bf3b47365c39f31ba8a728481c4.flv,aba6851ca7f78f3a83216005bef58766e3dfb26d.flv	
7759574accbb8bf3b47365c39f31ba8a728481c4.flv,db06eed340d0873fc48b2129115f16c79c48678c.flv	(57, 0)(58, 2)(60, 3)(61, 4)(63, 6)
7759574accbb8bf3b47365c39f31ba8a728481c4.flv,e7831eba03ee7083a9d547fdde6adadaa05f3eeb.flv	(22, 15)
81898f5820b268138f9c80284d0118105ffc3712.flv,81898f5820b268138f9c80284d0118105ffc3712.flv	(0, 0)(1, 1)(2, 2)(3, 3)(4, 4)(5, 5)(6, 6)(7, 7)(8, 8)(9, 9)(10, 10)(11, 11)(12, 12)(13, 13)(14, 14)(15, 15)(16, 16)(17, 17)(18, 18)(19, 19)(20, 20)(21, 21)(22, 22)(23, 23)(24, 24)(25, 25)(26, 26)(27, 27)(28, 28)(29, 29)(30, 30)(31, 31)(32, 32)(33, 33)(34, 34)(35, 35)(36, 36)(37, 37)(38, 38)(39, 39)(40, 40)(41, 41)(42, 42)(43, 43)(44, 44)(45, 45)(46, 46)(47, 47)(48, 48)(49, 49)(50, 50)(51, 51)(52, 52)(53, 53)(54, 54)(55, 55)(56, 56)(57, 57)(58, 58)
81898f5820b268138f9c80284d0118105ffc3712.flv,8bb9090a95a07edf2fd021d64335bf7b4f428eb2.flv	(3, 19)(8, 24)(9, 25)
81898f5820b268138f9c80284d0118105ffc3712.flv,952cdd6aa1a8c2f63f9900960b3e18ffb217b97f.flv	(11, 23)(12, 26)(13, 27)(15, 31)(16, 32)(17, 33)(20, 41)(22, 43)(23, 44)(24, 45)(25, 46)(28, 48)(32, 54)(37, 62)(38, 64)(39, 65)(40, 67)(45, 78)(46, 79)(48, 80)(49, 81)(51, 88)(54, 91)(56, 95)(58, 99)
81898f5820b268138f9c80284d0118105ffc3712.flv,96642d7998cdd226b395153b7d8f3d36655c0176.flv	(10, 7)(11, 10)(12, 12)(15, 18)(18, 24)(19, 26)(20, 28)(21, 29)(26, 34)(27, 35)(28, 37)(33, 50)(42, 64)
81898f5820b268138f9c80284d0118105ffc3712.flv,9f3d3762943c662470d78368a29a067952a97933.flv	(22, 12)(26, 17)(28, 18)
81898f5820b268138f9c80284d0118105ffc3712.flv,a257de343d6734f0fc478da98cfedf773ea407a4.mp4	(10, 9)(18, 19)(20, 22)(21, 23)(25, 26)(27, 27)(30, 29)(32, 31)(39, 38)(40, 40)(42, 42)(48, 46)(54, 50)(56, 52)
81898f5820b268138f9c80284d0118105ffc3712.flv,aa314017a4a18f05208d8702c27d16d57df3f55f.mp4	(3, 1)(4, 2)(7, 3)
81898f5820b268138f9c80284d0118105ffc3712.flv,aba6851ca7f78f3a83216005bef58766e3dfb26d.flv	
81898f5820b268138f9c80284d0118105ffc3712.flv,db06eed340d0873fc48b2129115f16c79c48678c.flv	(56, 9)(58, 10)
81898f5820b268138f9c80284d0118105ffc3712.flv,e7831eba03ee7083a9d547fdde6adadaa05f3eeb.flv	(25, 17)(28, 21)
8bb9090a95a07edf2fd021d64335bf7b4f428eb2.flv,8bb9090a95a07edf2fd021d64335bf7b4f428eb2.flv	(0, 0)(1, 1)(2, 2)(3, 3)(4, 4)(5, 5)(6, 6)(7, 7)(8, 8)(9, 9)(10, 10)(11, 11)(12, 12)(13, 13)(14, 14)(15, 15)(16, 16)(17, 17)(18, 18)(19, 19)(20, 20)(21, 21)(22, 22)(23, 23)(24, 24)(25, 25)(26, 26)(27, 27)(28, 28)(29, 29)(30, 30)(31, 31)(32, 32)(33, 33)(34, 34)(35, 35)(36, 36)(37, 37)(38, 38)(39, 39)(40, 40)(41, 41)(42, 42)(43, 43)(44, 44)(45, 45)(46, 46)(47, 47)(48, 48)(49, 49)(50, 50)(51, 51)(52, 52)(53, 53)(54, 54)(55, 55)(56, 56)(57, 57)(58, 58)(59, 59)(60, 60)(61, 61)(62, 62)(63, 63)(64, 64)(65, 65)(66, 66)(67, 67)(68, 68)(69, 69)(70, 70)(71, 71)(72, 72)(73, 73)(74, 74)(75, 75)(76, 76)(77, 77)(78, 78)(79, 79)(80, 80)(81, 81)(82, 82)(83, 83)(84, 84)(85, 85)(86, 86)(87, 87)(88, 88)(89, 89)(90, 90)(91, 91)(92, 92)(93, 93)(94, 94)(95, 95)(96, 96)(97, 97)(98, 98)(99, 99)(100, 100)(101, 101)(102, 102)(103, 103)(104, 104)(105, 105)(106, 106)(107, 107)(108, 108)(109, 109)(110, 110)(111, 111)(112, 112)(113, 113)(114, 114)(115, 115)(116, 116)(117, 117)(118, 118)(119, 119)(120, 120)(121, 121)(122, 122)(123, 123)(124, 124)(125, 125)(126, 126)(127, 127)(128, 128)(129, 129)(130, 130)(131, 131)(132, 132)(133, 133)(134, 134)(135, 135)(136, 136)(137, 137)(138, 138)(139, 139)(140, 140)(141, 141)(142, 142)(143, 143)(144, 144)(145, 145)(146, 146)(147, 147)(148, 148)(149, 149)(150, 150)(151, 151)(152, 152)(153, 153)(154, 154)(155, 155)(156, 156)(157, 157)(158, 158)(159, 159)(160, 160)(161, 161)(162, 162)(163, 163)(164, 164)(165, 165)(166, 166)(167, 167)(168, 168)(169, 169)(170, 170)(171, 171)(172, 172)(173, 173)(174, 174)(175, 175)(176, 176)(177, 177)(178, 178)(179, 179)(180, 180)(181, 181)(182, 182)(183, 183)(184, 184)(185, 185)(186, 186)(187, 187)(188, 188)(189, 189)(190, 190)(191, 191)(192, 192)(193, 193)
8bb9090a95a07edf2fd021d64335bf7b4f428eb2.flv,952cdd6aa1a8c2f63f9900960b3e18ffb217b97f.flv	(22, 11)(24, 12)(25, 14)
8bb9090a95a07edf2fd021d64335bf7b4f428eb2.flv,96642d7998cdd226b395153b7d8f3d36655c0176.flv	(26, 1)(32, 5)(35, 7)
8bb9090a95a07edf2fd021d64335bf7b4f428eb2.flv,9f3d3762943c662470d78368a29a067952a97933.flv	(19, 0)
8bb9090a95a07edf2fd021d64335bf7b4f428eb2.flv,9f3d3762943c662470d78368a29a067952a97933.flv	(52, 15)(53, 16)
8bb9090a95a07edf2fd021d64335bf7b4f428eb2.flv,a257de343d6734f0fc478da98cfedf773ea407a4.mp4	(21, 3)(25, 5)
8bb9090a95a07edf2fd021d64335bf7b4f428eb2.flv,aa314017a4a18f05208d8702c27d16d57df3f55f.mp4	(19, 0)(21, 2)(24, 4)(25, 5)
8bb9090a95a07edf2fd021d64335bf7b4f428eb2.flv,aa314017a4a18f05208d8702c27d16d57df3f55f.mp4	
8bb9090a95a07edf2fd021d64335bf7b4f428eb2.flv,aba6851ca7f78f3a83216005bef58766e3dfb26d.flv	
8bb9090a95a07edf2fd021d64335bf7b4f428eb2.flv,aba6851ca7f78f3a83216005bef58766e3dfb26d.flv	
8bb9090a95a07edf2fd021d64335bf7b4f428eb2.flv,aba6851ca7f78f3a83216005bef58766e3dfb26d.flv	(53, 0)
8bb9090a95a07edf2fd021d64335bf7b4f428eb2.flv,db06eed340d0873fc48b2129115f16c79c48678c.flv	(81, 9)
8bb9090a95a07edf2fd021d64335bf7b4f428eb2.flv,e7831eba03ee7083a9d547fdde6adadaa05f3eeb.flv	(51, 14)(53, 17)(55, 19)
952cdd6aa1a8c2f63f9900960b3e18ffb217b97f.flv,952cdd6aa1a8c2f63f9900960b3e18ffb217b97f.flv	(0, 0)(1, 1)(2, 2)(3, 3)(4, 4)(5, 5)(6, 6)(7, 7)(8, 8)(9, 9)(10, 10)(11, 11)(12, 12)(13, 13)(14, 14)(15, 15)(16, 16)(17, 17)(18, 18)(19, 19)(20, 20)(21, 21)(22, 22)(23, 23)(24, 24)(25, 25)(26, 26)(27, 27)(28, 28)(29, 29)(30, 30)(31, 31)(32, 32)(33, 33)(34, 34)(35, 35)(36, 36)(37, 37)(38, 38)(39, 39)(40, 40)(41, 41)(42, 42)(43, 43)(44, 44)(45, 45)(46, 46)(47, 47)(48, 48)(49, 49)(50, 50)(51, 51)(52, 52)(53, 53)(54, 54)(55, 55)(56, 56)(57, 57)(58, 58)(59, 59)(60, 60)(61, 61)(62, 62)(63, 63)(64, 64)(65, 65)(66, 66)(67, 67)(68, 68)(69, 69)(70, 70)(71, 71)(72, 72)(73, 73)(74, 74)(75, 75)(76, 76)(77, 77)(78, 78)(79, 79)(80, 80)(81, 81)(82, 82)(83, 83)(84, 84)(85, 85)(86, 86)(87, 87)(88, 88)(89, 89)(90, 90)(91, 91)(92, 92)(93, 93)(94, 94)(95, 95)(96, 96)(97, 97)(98, 98)(99, 99)(100, 100)(101, 101)(102, 102)(103, 103)(104, 104)(105, 105)(106, 106)(107, 107)(108, 108)(109, 109)(110, 110)(111, 111)(112, 112)(113, 113)(114, 114)(115, 115)(116, 116)(117, 117)(118, 118)(119, 119)(120, 120)(121, 121)(122, 122)(123, 123)(124, 124)(125, 125)(126, 126)(127, 127)(128, 128)(129, 129)(130, 130)(131, 131)(132, 132)(133, 133)(134, 134)(135, 135)(136, 136)(137, 137)(138, 138)(139, 139)(140, 140)(141, 141)(142, 142)(143, 143)(144, 144)(145, 145)(146, 146)(147, 147)(148, 148)(149, 149)(150, 150)(151, 151)(152, 152)(153, 153)(154, 154)(155, 155)(156, 156)(157, 157)(158, 158)(159, 159)(160, 160)(161, 161)(162, 162)(163, 163)(164, 164)(165, 165)(166, 166)(167, 167)(168, 168)(169, 169)(170, 170)(171, 171)(172, 172)(173, 173)(174, 174)(175, 175)(176, 176)(177, 177)(178, 178)(179, 179)(180, 180)(181, 181)(182, 182)(183, 183)(184, 184)(185, 185)(186, 186)(187, 187)(188, 188)(189, 189)(190, 190)(191, 191)(192, 192)(193, 193)(194, 194)(195, 195)(196, 196)(197, 197)(198, 198)(199, 199)(200, 200)(201, 201)(202, 202)(203, 203)(204, 204)(205, 205)(206, 206)(207, 207)(208, 208)(209, 209)(210, 210)(211, 211)(212, 212)(213, 213)(214, 214)(215, 215)(216, 216)(217, 217)(218, 218)(219, 219)(220, 220)(221, 221)(222, 222)(223, 223)(224, 224)(225, 225)(226, 226)(227, 227)(228, 228)(229, 229)(230, 230)(231, 231)(232, 232)(233, 233)(234, 234)(235, 235)(236, 236)(237, 237)(238, 238)(239, 239)(240, 240)(241, 241)(242, 242)(243, 243)(244, 244)(245, 245)(246, 246)(247, 247)(248, 248)(249, 249)(250, 250)(251, 251)(252, 252)(253, 253)(254, 254)(255, 255)(256, 256)(257, 257)(258, 258)(259, 259)(260, 260)(261, 261)(262, 262)(263, 263)(264, 264)(265, 265)(266, 266)(267, 267)(268, 268)(269, 269)(270, 270)(271, 271)(272, 272)(273, 273)(274, 274)(275, 275)(276, 276)(277, 277)(278, 278)(279, 279)(280, 280)(281, 281)(282, 282)(283, 283)(284, 284)(285, 285)(286, 286)(287, 287)(288, 288)(289, 289)(290, 290)(291, 291)(292, 292)(293, 293)(294, 294)(295, 295)(296, 296)(297, 297)(298, 298)(299, 299)(300, 300)(301, 301)(302, 302)(303, 303)(304, 304)(305, 305)(306, 306)(307, 307)(308, 308)(309, 309)(310, 310)(311, 311)(312, 312)(313, 313)(314, 314)(315, 315)(316, 316)
952cdd6aa1a8c2f63f9900960b3e18ffb217b97f.flv,96642d7998cdd226b395153b7d8f3d36655c0176.flv	(20, 7)(23, 10)(32, 19)(33, 20)(34, 21)(35, 22)(36, 23)(37, 24)(41, 26)(45, 29)(47, 33)(51, 39)(56, 45)(59, 49)(62, 51)(65, 54)(72, 61)(73, 62)(78, 65)(80, 69)(81, 70)
952cdd6aa1a8c2f63f9900960b3e18ffb217b97f.flv,9f3d3762943c662470d78368a29a067952a97933.flv	(40, 14)(41, 16)
952cdd6aa1a8c2f63f9900960b3e18ffb217b97f.flv,a257de343d6734f0fc478da98cfedf773ea407a4.mp4	(15, 7)(20, 9)(22, 10)(26, 12)(30, 15)(39, 21)(41, 22)(43, 23)(45, 24)(46, 26)(47, 27)(54, 30)(55, 31)(57, 33)(65, 36)(69, 40)(95, 50)(96, 51)(100, 53)(107, 58)(113, 62)(123, 67)(146, 73)
952cdd6aa1a8c2f63f9900960b3e18ffb217b97f.flv,aa314017a4a18f05208d8702c27d16d57df3f55f.mp4	(6, 1)(11, 3)(12, 4)(14, 5)
952cdd6aa1a8c2f63f9900960b3e18ffb217b97f.flv,aba6851ca7f78f3a83216005bef58766e3dfb26d.flv	
952cdd6aa1a8c2f63f9900960b3e18ffb217b97f.flv,aba6851ca7f78f3a83216005bef58766e3dfb26d.flv	(41, 0)
952cdd6aa1a8c2f63f9900960b3e18ffb217b97f.flv,aba6851ca7f78f3a83216005bef58766e3dfb26d.flv	
952cdd6aa1a8c2f63f9900960b3e18ffb217b97f.flv,db06eed340d0873fc48b2129115f16c79c48678c.flv	(99, 0)(100, 2)(104, 7)(105, 8)(107, 9)(109, 10)(112, 14)(115, 20)(116, 21)(124, 30)(129, 33)
952cdd6aa1a8c2f63f9900960b3e18ffb217b97f.flv,e7831eba03ee7083a9d547fdde6adadaa05f3eeb.flv	(40, 14)(41, 17)(42, 19)(43, 20)(45, 21)
96642d7998cdd226b395153b7d8f3d36655c0176.flv,96642d7998cdd226b395153b7d8f3d36655c0176.flv	(0, 0)(1, 1)(2, 2)(3, 3)(4, 4)(5, 5)(6, 6)(7, 7)(8, 8)(9, 9)(10, 10)(11, 11)(12, 12)(13, 13)(14, 14)(15, 15)(16, 16)(17, 17)(18, 18)(19, 19)(20, 20)(21, 21)(22, 22)(23, 23)(24, 24)(25, 25)(26, 26)(27, 27)(28, 28)(29, 29)(30, 30)(31, 31)(32, 32)(33, 33)(34, 34)(35, 35)(36, 36)(37, 37)(38, 38)(39, 39)(40, 40)(41, 41)(42, 42)(43, 43)(44, 44)(45, 45)(46, 46)(47, 47)(48, 48)(49, 49)(50, 50)(51, 51)(52, 52)(53, 53)(54, 54)(55, 55)(56, 56)(57, 57)(58, 58)(59, 59)(60, 60)(61, 61)(62, 62)(63, 63)(64, 64)(65, 65)(66, 66)(67, 67)(68, 68)(69, 69)(70, 70)(71, 71)(72, 72)(73, 73)(74, 74)(75, 75)(76, 76)(77, 77)
96642d7998cdd226b395153b7d8f3d36655c0176.flv,9f3d3762943c662470d78368a29a067952a97933.flv	(3, 4)(6, 5)(7, 6)(9, 8)(13, 10)(18, 16)(20, 18)(24, 20)(26, 21)(27, 22)
96642d7998cdd226b395153b7d8f3d36655c0176.flv,a257de343d6734f0fc478da98cfedf773ea407a4.mp4	(10, 10)(12, 11)(17, 13)(18, 15)(19, 16)
96642d7998cdd226b395153b7d8f3d36655c0176.flv,aa314017a4a18f05208d8702c27d16d57df3f55f.mp4	(11, 10)(13, 16)
96642d7998cdd226b395153b7d8f3d36655c0176.flv,aba6851ca7f78f3a83216005bef58766e3dfb26d.flv	(1, 0)
96642d7998cdd226b395153b7d8f3d36655c0176.flv,aba6851ca7f78f3a83216005bef58766e3dfb26d.flv	
96642d7998cdd226b395153b7d8f3d36655c0176.flv,e7831eba03ee7083a9d547fdde6adadaa05f3eeb.flv	(23, 14)(24, 17)(25, 18)
9f3d3762943c662470d78368a29a067952a97933.flv,9f3d3762943c662470d78368a29a067952a97933.flv	(0, 0)(1, 1)(2, 2)(3, 3)(4, 4)(5, 5)(6, 6)(7, 7)(8, 8)(9, 9)(10, 10)(11, 11)(12, 12)(13, 13)(14, 14)(15, 15)(16, 16)(17, 17)(18, 18)(19, 19)(20, 20)(21, 21)(22, 22)(23, 23)(24, 24)(25, 25)(26, 26)(27, 27)(28, 28)(29, 29)(30, 30)(31, 31)(32, 32)(33, 33)(34, 34)(35, 35)(36, 36)(37, 37)(38, 38)(39, 39)(40, 40)(41, 41)(42, 42)(43, 43)(44, 44)(45, 45)(46, 46)(47, 47)(48, 48)(49, 49)(50, 50)(51, 51)(52, 52)(53, 53)(54, 54)(55, 55)(56, 56)(57, 57)(58, 58)(59, 59)(60, 60)(61, 61)(62, 62)(63, 63)(64, 64)(65, 65)(66, 66)(67, 67)(68, 68)(69, 69)(70, 70)(71, 71)(72, 72)(73, 73)(74, 74)(75, 75)(76, 76)(77, 77)(78, 78)(79, 79)(80, 80)(81, 81)(82, 82)(83, 83)(84, 84)
9f3d3762943c662470d78368a29a067952a97933.flv,a257de343d6734f0fc478da98cfedf773ea407a4.mp4	
9f3d3762943c662470d78368a29a067952a97933.flv,aa314017a4a18f05208d8702c27d16d57df3f55f.mp4	(0, 1)(1, 2)
9f3d3762943c662470d78368a29a067952a97933.flv,aba6851ca7f78f3a83216005bef58766e3dfb26d.flv	(1, 0)
9f3d3762943c662470d78368a29a067952a97933.flv,aba6851ca7f78f3a83216005bef58766e3dfb26d.flv	(15, 0)(16, 0)
9f3d3762943c662470d78368a29a067952a97933.flv,aba6851ca7f78f3a83216005bef58766e3dfb26d.flv	(28, 0)
9f3d3762943c662470d78368a29a067952a97933.flv,db06eed340d0873fc48b2129115f16c79c48678c.flv	(28, 2)
9f3d3762943c662470d78368a29a067952a97933.flv,e7831eba03ee7083a9d547fdde6adadaa05f3eeb.flv	(14, 14)(15, 15)(16, 17)
a257de343d6734f0fc478da98cfedf773ea407a4.mp4,a257de343d6734f0fc478da98cfedf773ea407a4.mp4	(0, 0)(1, 1)(2, 2)(3, 3)(4, 4)(5, 5)(6, 6)(7, 7)(8, 8)(9, 9)(10, 10)(11, 11)(12, 12)(13, 13)(14, 14)(15, 15)(16, 16)(17, 17)(18, 18)(19, 19)(20, 20)(21, 21)(22, 22)(23, 23)(24, 24)(25, 25)(26, 26)(27, 27)(28, 28)(29, 29)(30, 30)(31, 31)(32, 32)(33, 33)(34, 34)(35, 35)(36, 36)(37, 37)(38, 38)(39, 39)(40, 40)(41, 41)(42, 42)(43, 43)(44, 44)(45, 45)(46, 46)(47, 47)(48, 48)(49, 49)(50, 50)(51, 51)(52, 52)(53, 53)(54, 54)(55, 55)(56, 56)(57, 57)(58, 58)(59, 59)(60, 60)(61, 61)(62, 62)(63, 63)(64, 64)(65, 65)(66, 66)(67, 67)(68, 68)(69, 69)(70, 70)(71, 71)(72, 72)(73, 73)(74, 74)
a257de343d6734f0fc478da98cfedf773ea407a4.mp4,aa314017a4a18f05208d8702c27d16d57df3f55f.mp4	(0, 0)(3, 2)(5, 5)
a257de343d6734f0fc478da98cfedf773ea407a4.mp4,aa314017a4a18f05208d8702c27d16d57df3f55f.mp4	(9, 7)(10, 8)
a257de343d6734f0fc478da98cfedf773ea407a4.mp4,aba6851ca7f78f3a83216005bef58766e3dfb26d.flv	
a257de343d6734f0fc478da98cfedf773ea407a4.mp4,db06eed340d0873fc48b2129115f16c79c48678c.flv	(59, 9)(65, 15)(69, 25)(70, 27)
a257de343d6734f0fc478da98cfedf773ea407a4.mp4,e7831eba03ee7083a9d547fdde6adadaa05f3eeb.flv	(22, 17)(24, 21)(25, 22)
aa314017a4a18f05208d8702c27d16d57df3f55f.mp4,aa314017a4a18f05208d8702c27d16d57df3f55f.mp4	(0, 0)(1, 1)(2, 2)(3, 3)(4, 4)(5, 5)(6, 6)(7, 7)(8, 8)(9, 9)(10, 10)(11, 11)(12, 12)(13, 13)(14, 14)(15, 15)(16, 16)
aa314017a4a18f05208d8702c27d16d57df3f55f.mp4,aba6851ca7f78f3a83216005bef58766e3dfb26d.flv	
aa314017a4a18f05208d8702c27d16d57df3f55f.mp4,e7831eba03ee7083a9d547fdde6adadaa05f3eeb.flv	(0, 2)(1, 3)(2, 4)(4, 5)(5, 6)(7, 8)(8, 10)(9, 11)
aba6851ca7f78f3a83216005bef58766e3dfb26d.flv,aba6851ca7f78f3a83216005bef58766e3dfb26d.flv	(0, 0)(1, 1)(2, 2)(3, 3)(4, 4)(5, 5)
aba6851ca7f78f3a83216005bef58766e3dfb26d.flv,db06eed340d0873fc48b2129115f16c79c48678c.flv	
aba6851ca7f78f3a83216005bef58766e3dfb26d.flv,e7831eba03ee7083a9d547fdde6adadaa05f3eeb.flv	(0, 8)
aba6851ca7f78f3a83216005bef58766e3dfb26d.flv,e7831eba03ee7083a9d547fdde6adadaa05f3eeb.flv	
bdce7faffa2ce63db64ddab4fa10ac6752079020.flv,bdce7faffa2ce63db64ddab4fa10ac6752079020.flv	(0, 0)(1, 1)(2, 2)(3, 3)(4, 4)(5, 5)(6, 6)(7, 7)(8, 8)(9, 9)(10, 10)(11, 11)(12, 12)(13, 13)(14, 14)(15, 15)(16, 16)(17, 17)(18, 18)(19, 19)(20, 20)(21, 21)(22, 22)(23, 23)(24, 24)(25, 25)(26, 26)(27, 27)(28, 28)(29, 29)(30, 30)(31, 31)(32, 32)(33, 33)(34, 34)(35, 35)(36, 36)(37, 37)(38, 38)(39, 39)(40, 40)(41, 41)(42, 42)(43, 43)(44, 44)(45, 45)(46, 46)(47, 47)(48, 48)(49, 49)(50, 50)(51, 51)(52, 52)(53, 53)(54, 54)(55, 55)(56, 56)(57, 57)(58, 58)(59, 59)(60, 60)(61, 61)(62, 62)(63, 63)(64, 64)(65, 65)(66, 66)(67, 67)(68, 68)(69, 69)(70, 70)(71, 71)(72, 72)(73, 73)(74, 74)(75, 75)(76, 76)(77, 77)(78, 78)(79, 79)(80, 80)(81, 81)(82, 82)(83, 83)(84, 84)(85, 85)(86, 86)(87, 87)(88, 88)(89, 89)(90, 90)(91, 91)(92, 92)(93, 93)(94, 94)(95, 95)(96, 96)(97, 97)(98, 98)(99, 99)(100, 100)(101, 101)(102, 102)(103, 103)(104, 104)(105, 105)(106, 106)(107, 107)(108, 108)(109, 109)(110, 110)(111, 111)(112, 112)(113, 113)(114, 114)(115, 115)(116, 116)(117, 117)(118, 118)(119, 119)(120, 120)(121, 121)(122, 122)(123, 123)(124, 124)(125, 125)(126, 126)(127, 127)(128, 128)(129, 129)(130, 130)(131, 131)(132, 132)(133, 133)(134, 134)(135, 135)(136, 136)(137, 137)(138, 138)(139, 139)(140, 140)(141, 141)(142, 142)(143, 143)(144, 144)(145, 145)(146, 146)(147, 147)(148, 148)(149, 149)(150, 150)(151, 151)(152, 152)(153, 153)(154, 154)(155, 155)(156, 156)(157, 157)(158, 158)(159, 159)(160, 160)(161, 161)(162, 162)(163, 163)(164, 164)(165, 165)(166, 166)(167, 167)(168, 168)(169, 169)(170, 170)(171, 171)(172, 172)(173, 173)(174, 174)(175, 175)(176, 176)(177, 177)(178, 178)(179, 179)(180, 180)(181, 181)(182, 182)(183, 183)(184, 184)(185, 185)(186, 186)(187, 187)(188, 188)(189, 189)(190, 190)(191, 191)(192, 192)(193, 193)(194, 194)(195, 195)(196, 196)(197, 197)(198, 198)(199, 199)(200, 200)(201, 201)(202, 202)(203, 203)(204, 204)(205, 205)(206, 206)(207, 207)(208, 208)(209, 209)(210, 210)(211, 211)(212, 212)(213, 213)(214, 214)(215, 215)(216, 216)
db06eed340d0873fc48b2129115f16c79c48678c.flv,db06eed340d0873fc48b2129115f16c79c48678c.flv	(0, 0)(1, 1)(2, 2)(3, 3)(4, 4)(5, 5)(6, 6)(7, 7)(8, 8)(9, 9)(10, 10)(11, 11)(12, 12)(13, 13)(14, 14)(15, 15)(16, 16)(17, 17)(18, 18)(19, 19)(20, 20)(21, 21)(22, 22)(23, 23)(24, 24)(25, 25)(26, 26)(27, 27)(28, 28)(29, 29)(30, 30)(31, 31)(32, 32)(33, 33)(34, 34)(35, 35)(36, 36)(37, 37)(38, 38)(39, 39)(40, 40)(41, 41)(42, 42)(43, 43)(44, 44)(45, 45)
db06eed340d0873fc48b2129115f16c79c48678c.flv,e7831eba03ee7083a9d547fdde6adadaa05f3eeb.flv	(3, 43)(4, 44)
e7831eba03ee7083a9d547fdde6adadaa05f3eeb.flv,e7831eba03ee7083a9d547fdde6adadaa05f3eeb.flv	(0, 0)(1, 1)(2, 2)(3, 3)(4, 4)(5, 5)(6, 6)(7, 7)(8, 8)(9, 9)(10, 10)(11, 11)(12, 12)(13, 13)(14, 14)(15, 15)(16, 16)(17, 17)(18, 18)(19, 19)(20, 20)(21, 21)(22, 22)(23, 23)(24, 24)(25, 25)(26, 26)(27, 27)(28, 28)(29, 29)(30, 30)(31, 31)(32, 32)(33, 33)(34, 34)(35, 35)(36, 36)(37, 37)(38, 38)(39, 39)(40, 40)(41, 41)(42, 42)(43, 43)(44, 44)(45, 45)(46, 46)(47, 47)(48, 48)(49, 49)(50, 50)(51, 51)(52, 52)(53, 53)(54, 54)(55, 55)(56, 56)(57, 57)(58, 58)(59, 59)(60, 60)(61, 61)(62, 62)(63, 63)(64, 64)(65, 65)(66, 66)(67, 67)(68, 68)(69, 69)(70, 70)(71, 71)(72, 72)(73, 73)(74, 74)(75, 75)(76, 76)(77, 77)(78, 78)(79, 79)(80, 80)(81, 81)(82, 82)(83, 83)(84, 84)(85, 85)(86, 86)(87, 87)(88, 88)(89, 89)(90, 90)(91, 91)(92, 92)(93, 93)(94, 94)(95, 95)(96, 96)(97, 97)(98, 98)(99, 99)(100, 100)(101, 101)(102, 102)(103, 103)(104, 104)(105, 105)(106, 106)(107, 107)(108, 108)(109, 109)(110, 110)(111, 111)(112, 112)(113, 113)(114, 114)(115, 115)(116, 116)(117, 117)(118, 118)(119, 119)(120, 120)(121, 121)
