0ab11b52561e9255423b01f29f7904a6dcadd87b.flv,0ab11b52561e9255423b01f29f7904a6dcadd87b.flv	(0, 0)(1, 1)(2, 2)(3, 3)(4, 4)(5, 5)(6, 6)(7, 7)(8, 8)(9, 9)(10, 10)(11, 11)(12, 12)(13, 13)(14, 14)
0ab11b52561e9255423b01f29f7904a6dcadd87b.flv,0c06d64856ceae3c5146fd0cae9ac6fc5107083e.flv	
0ab11b52561e9255423b01f29f7904a6dcadd87b.flv,0dbcff0b6d671e1579ad468eed54d84f7e9b7289.mp4	(5, 1)
0ab11b52561e9255423b01f29f7904a6dcadd87b.flv,0dbcff0b6d671e1579ad468eed54d84f7e9b7289.mp4	(5, 4)(5, 5)
0ab11b52561e9255423b01f29f7904a6dcadd87b.flv,0dbcff0b6d671e1579ad468eed54d84f7e9b7289.mp4	(5, 9)
0ab11b52561e9255423b01f29f7904a6dcadd87b.flv,0dbcff0b6d671e1579ad468eed54d84f7e9b7289.mp4	(8, 16)(9, 17)(10, 18)(11, 20)(12, 21)(13, 22)
0ab11b52561e9255423b01f29f7904a6dcadd87b.flv,0ed02c5bbb500542f88f0d7285e56e1186ac9bf5.flv	(3, 0)(4, 1)(5, 2)
0ab11b52561e9255423b01f29f7904a6dcadd87b.flv,13f06a567cbee6f40952cc13817a7774caa72903.flv	(3, 3)(4, 4)(5, 5)(6, 6)(7, 7)(8, 8)(9, 9)(10, 10)(11, 11)(13, 12)
0ab11b52561e9255423b01f29f7904a6dcadd87b.flv,1e04e15f77363ebb7cdfb8811cd3d5d6d8b18305.flv	(5, 7)
0ab11b52561e9255423b01f29f7904a6dcadd87b.flv,2d38fff9674d85ddccdd873df98475153c20aedd.flv	
0ab11b52561e9255423b01f29f7904a6dcadd87b.flv,42fe16072c4e7fbf1d1e280df7c1ad727446a615.mp4	(3, 0)(5, 2)
0ab11b52561e9255423b01f29f7904a6dcadd87b.flv,49eccab61ab137fc0ab04c8029e3caec0fa2b35f.flv	(2, 0)(4, 2)(5, 3)(6, 5)
0ab11b52561e9255423b01f29f7904a6dcadd87b.flv,5a6a49b7660b858476a69819cdf15a13ecf13c36.mp4	(2, 0)(3, 1)(4, 2)(5, 3)
0ab11b52561e9255423b01f29f7904a6dcadd87b.flv,5a6a49b7660b858476a69819cdf15a13ecf13c36.mp4	(5, 6)
0ab11b52561e9255423b01f29f7904a6dcadd87b.flv,8ad458ed4d45f32e8baa3bf5d84ad2a2a0324300.flv	(0, 1)(1, 2)(3, 7)(4, 9)
0ab11b52561e9255423b01f29f7904a6dcadd87b.flv,afc75e8c02a5ecba44739b0623befa16afa1d896.flv	(0, 2)(1, 2)(2, 3)(4, 6)(5, 7)
0ab11b52561e9255423b01f29f7904a6dcadd87b.flv,b91aa7020c5dd0a6518d11f745b275363f854bce.flv	(5, 2)
0ab11b52561e9255423b01f29f7904a6dcadd87b.flv,cb593efe5b194fe67a8e5ffe33b35cca954cdcd4.flv	(2, 33)(3, 34)(4, 35)(5, 37)(6, 38)(7, 40)(8, 41)(9, 42)(10, 44)(11, 45)(12, 46)(13, 47)
0ab11b52561e9255423b01f29f7904a6dcadd87b.flv,cb593efe5b194fe67a8e5ffe33b35cca954cdcd4.flv	(5, 7)
0ab11b52561e9255423b01f29f7904a6dcadd87b.flv,cc3b8791039b9e7f664260d76f8ca6cc48004823.flv	(1, 3)(2, 5)
0ab11b52561e9255423b01f29f7904a6dcadd87b.flv,cc3b8791039b9e7f664260d76f8ca6cc48004823.flv	(0, 16)(2, 17)(3, 19)(4, 20)(5, 21)
0ab11b52561e9255423b01f29f7904a6dcadd87b.flv,e2d1ca4b2657cd82092765801adda59a7f71bc56.mp4	(4, 0)(5, 2)
0c06d64856ceae3c5146fd0cae9ac6fc5107083e.flv,0c06d64856ceae3c5146fd0cae9ac6fc5107083e.flv	(0, 0)(1, 1)(2, 2)(3, 3)(4, 4)
0c06d64856ceae3c5146fd0cae9ac6fc5107083e.flv,0dbcff0b6d671e1579ad468eed54d84f7e9b7289.mp4	
0c06d64856ceae3c5146fd0cae9ac6fc5107083e.flv,0dbcff0b6d671e1579ad468eed54d84f7e9b7289.mp4	(1, 4)(2, 5)
0c06d64856ceae3c5146fd0cae9ac6fc5107083e.flv,0dbcff0b6d671e1579ad468eed54d84f7e9b7289.mp4	(1, 9)
0c06d64856ceae3c5146fd0cae9ac6fc5107083e.flv,0ed02c5bbb500542f88f0d7285e56e1186ac9bf5.flv	(2, 2)
0c06d64856ceae3c5146fd0cae9ac6fc5107083e.flv,13f06a567cbee6f40952cc13817a7774caa72903.flv	
0c06d64856ceae3c5146fd0cae9ac6fc5107083e.flv,1e04e15f77363ebb7cdfb8811cd3d5d6d8b18305.flv	(0, 7)(2, 10)
0c06d64856ceae3c5146fd0cae9ac6fc5107083e.flv,2d38fff9674d85ddccdd873df98475153c20aedd.flv	(0, 2)(1, 2)(2, 3)
0c06d64856ceae3c5146fd0cae9ac6fc5107083e.flv,42fe16072c4e7fbf1d1e280df7c1ad727446a615.mp4	(0, 2)(1, 2)(2, 3)
0c06d64856ceae3c5146fd0cae9ac6fc5107083e.flv,49eccab61ab137fc0ab04c8029e3caec0fa2b35f.flv	
0c06d64856ceae3c5146fd0cae9ac6fc5107083e.flv,5a6a49b7660b858476a69819cdf15a13ecf13c36.mp4	
0c06d64856ceae3c5146fd0cae9ac6fc5107083e.flv,5a6a49b7660b858476a69819cdf15a13ecf13c36.mp4	(0, 5)(2, 6)
0c06d64856ceae3c5146fd0cae9ac6fc5107083e.flv,8ad458ed4d45f32e8baa3bf5d84ad2a2a0324300.flv	(0, 7)(2, 9)
0c06d64856ceae3c5146fd0cae9ac6fc5107083e.flv,afc75e8c02a5ecba44739b0623befa16afa1d896.flv	(0, 6)(2, 7)
0c06d64856ceae3c5146fd0cae9ac6fc5107083e.flv,b91aa7020c5dd0a6518d11f745b275363f854bce.flv	
0c06d64856ceae3c5146fd0cae9ac6fc5107083e.flv,cb593efe5b194fe67a8e5ffe33b35cca954cdcd4.flv	
0c06d64856ceae3c5146fd0cae9ac6fc5107083e.flv,cb593efe5b194fe67a8e5ffe33b35cca954cdcd4.flv	(0, 7)(1, 8)(2, 9)
0c06d64856ceae3c5146fd0cae9ac6fc5107083e.flv,cc3b8791039b9e7f664260d76f8ca6cc48004823.flv	(0, 21)(1, 21)(2, 22)
0c06d64856ceae3c5146fd0cae9ac6fc5107083e.flv,e2d1ca4b2657cd82092765801adda59a7f71bc56.mp4	(0, 1)
0dbcff0b6d671e1579ad468eed54d84f7e9b7289.mp4,0dbcff0b6d671e1579ad468eed54d84f7e9b7289.mp4	(0, 0)(1, 1)(2, 2)(3, 3)(4, 4)(5, 5)
0dbcff0b6d671e1579ad468eed54d84f7e9b7289.mp4,0ed02c5bbb500542f88f0d7285e56e1186ac9bf5.flv	(1, 2)
0dbcff0b6d671e1579ad468eed54d84f7e9b7289.mp4,0ed02c5bbb500542f88f0d7285e56e1186ac9bf5.flv	(4, 2)(5, 2)
0dbcff0b6d671e1579ad468eed54d84f7e9b7289.mp4,0ed02c5bbb500542f88f0d7285e56e1186ac9bf5.flv	(9, 2)
0dbcff0b6d671e1579ad468eed54d84f7e9b7289.mp4,13f06a567cbee6f40952cc13817a7774caa72903.flv	(1, 5)
0dbcff0b6d671e1579ad468eed54d84f7e9b7289.mp4,13f06a567cbee6f40952cc13817a7774caa72903.flv	(4, 5)(5, 5)
0dbcff0b6d671e1579ad468eed54d84f7e9b7289.mp4,13f06a567cbee6f40952cc13817a7774caa72903.flv	(9, 5)
0dbcff0b6d671e1579ad468eed54d84f7e9b7289.mp4,1e04e15f77363ebb7cdfb8811cd3d5d6d8b18305.flv	(1, 7)(2, 10)
0dbcff0b6d671e1579ad468eed54d84f7e9b7289.mp4,1e04e15f77363ebb7cdfb8811cd3d5d6d8b18305.flv	(4, 7)(5, 10)
0dbcff0b6d671e1579ad468eed54d84f7e9b7289.mp4,1e04e15f77363ebb7cdfb8811cd3d5d6d8b18305.flv	
0dbcff0b6d671e1579ad468eed54d84f7e9b7289.mp4,2d38fff9674d85ddccdd873df98475153c20aedd.flv	(1, 2)
0dbcff0b6d671e1579ad468eed54d84f7e9b7289.mp4,2d38fff9674d85ddccdd873df98475153c20aedd.flv	(4, 2)(5, 3)
0dbcff0b6d671e1579ad468eed54d84f7e9b7289.mp4,2d38fff9674d85ddccdd873df98475153c20aedd.flv	(9, 2)(9, 3)
0dbcff0b6d671e1579ad468eed54d84f7e9b7289.mp4,42fe16072c4e7fbf1d1e280df7c1ad727446a615.mp4	(1, 2)
0dbcff0b6d671e1579ad468eed54d84f7e9b7289.mp4,42fe16072c4e7fbf1d1e280df7c1ad727446a615.mp4	(4, 2)(5, 3)
0dbcff0b6d671e1579ad468eed54d84f7e9b7289.mp4,42fe16072c4e7fbf1d1e280df7c1ad727446a615.mp4	(9, 2)
0dbcff0b6d671e1579ad468eed54d84f7e9b7289.mp4,49eccab61ab137fc0ab04c8029e3caec0fa2b35f.flv	(1, 3)
0dbcff0b6d671e1579ad468eed54d84f7e9b7289.mp4,49eccab61ab137fc0ab04c8029e3caec0fa2b35f.flv	(4, 3)(5, 3)
0dbcff0b6d671e1579ad468eed54d84f7e9b7289.mp4,49eccab61ab137fc0ab04c8029e3caec0fa2b35f.flv	(9, 3)
0dbcff0b6d671e1579ad468eed54d84f7e9b7289.mp4,5a6a49b7660b858476a69819cdf15a13ecf13c36.mp4	(1, 3)
0dbcff0b6d671e1579ad468eed54d84f7e9b7289.mp4,5a6a49b7660b858476a69819cdf15a13ecf13c36.mp4	(1, 6)
0dbcff0b6d671e1579ad468eed54d84f7e9b7289.mp4,5a6a49b7660b858476a69819cdf15a13ecf13c36.mp4	(4, 3)(5, 3)
0dbcff0b6d671e1579ad468eed54d84f7e9b7289.mp4,5a6a49b7660b858476a69819cdf15a13ecf13c36.mp4	(4, 6)(5, 6)
0dbcff0b6d671e1579ad468eed54d84f7e9b7289.mp4,5a6a49b7660b858476a69819cdf15a13ecf13c36.mp4	(9, 3)
0dbcff0b6d671e1579ad468eed54d84f7e9b7289.mp4,5a6a49b7660b858476a69819cdf15a13ecf13c36.mp4	(9, 6)
0dbcff0b6d671e1579ad468eed54d84f7e9b7289.mp4,8ad458ed4d45f32e8baa3bf5d84ad2a2a0324300.flv	(2, 13)
0dbcff0b6d671e1579ad468eed54d84f7e9b7289.mp4,8ad458ed4d45f32e8baa3bf5d84ad2a2a0324300.flv	(1, 7)(2, 10)
0dbcff0b6d671e1579ad468eed54d84f7e9b7289.mp4,8ad458ed4d45f32e8baa3bf5d84ad2a2a0324300.flv	(4, 7)(5, 9)
0dbcff0b6d671e1579ad468eed54d84f7e9b7289.mp4,8ad458ed4d45f32e8baa3bf5d84ad2a2a0324300.flv	
0dbcff0b6d671e1579ad468eed54d84f7e9b7289.mp4,afc75e8c02a5ecba44739b0623befa16afa1d896.flv	(1, 7)
0dbcff0b6d671e1579ad468eed54d84f7e9b7289.mp4,afc75e8c02a5ecba44739b0623befa16afa1d896.flv	(4, 7)(5, 7)
0dbcff0b6d671e1579ad468eed54d84f7e9b7289.mp4,afc75e8c02a5ecba44739b0623befa16afa1d896.flv	(9, 7)
0dbcff0b6d671e1579ad468eed54d84f7e9b7289.mp4,b91aa7020c5dd0a6518d11f745b275363f854bce.flv	(1, 2)
0dbcff0b6d671e1579ad468eed54d84f7e9b7289.mp4,b91aa7020c5dd0a6518d11f745b275363f854bce.flv	(4, 2)(5, 2)
0dbcff0b6d671e1579ad468eed54d84f7e9b7289.mp4,b91aa7020c5dd0a6518d11f745b275363f854bce.flv	(9, 2)
0dbcff0b6d671e1579ad468eed54d84f7e9b7289.mp4,cb593efe5b194fe67a8e5ffe33b35cca954cdcd4.flv	(1, 7)(2, 10)
0dbcff0b6d671e1579ad468eed54d84f7e9b7289.mp4,cb593efe5b194fe67a8e5ffe33b35cca954cdcd4.flv	(1, 36)
0dbcff0b6d671e1579ad468eed54d84f7e9b7289.mp4,cb593efe5b194fe67a8e5ffe33b35cca954cdcd4.flv	(4, 7)(5, 9)
0dbcff0b6d671e1579ad468eed54d84f7e9b7289.mp4,cb593efe5b194fe67a8e5ffe33b35cca954cdcd4.flv	(4, 36)(5, 37)
0dbcff0b6d671e1579ad468eed54d84f7e9b7289.mp4,cb593efe5b194fe67a8e5ffe33b35cca954cdcd4.flv	(9, 7)
0dbcff0b6d671e1579ad468eed54d84f7e9b7289.mp4,cb593efe5b194fe67a8e5ffe33b35cca954cdcd4.flv	(9, 36)(9, 37)
0dbcff0b6d671e1579ad468eed54d84f7e9b7289.mp4,cb593efe5b194fe67a8e5ffe33b35cca954cdcd4.flv	(14, 39)(16, 41)(17, 42)(18, 43)(20, 45)(21, 46)(22, 47)
0dbcff0b6d671e1579ad468eed54d84f7e9b7289.mp4,cc3b8791039b9e7f664260d76f8ca6cc48004823.flv	(1, 21)
0dbcff0b6d671e1579ad468eed54d84f7e9b7289.mp4,cc3b8791039b9e7f664260d76f8ca6cc48004823.flv	(4, 21)(5, 22)
0dbcff0b6d671e1579ad468eed54d84f7e9b7289.mp4,cc3b8791039b9e7f664260d76f8ca6cc48004823.flv	(9, 21)(9, 22)
0dbcff0b6d671e1579ad468eed54d84f7e9b7289.mp4,e2d1ca4b2657cd82092765801adda59a7f71bc56.mp4	(1, 2)
0dbcff0b6d671e1579ad468eed54d84f7e9b7289.mp4,e2d1ca4b2657cd82092765801adda59a7f71bc56.mp4	(4, 2)(5, 2)
0dbcff0b6d671e1579ad468eed54d84f7e9b7289.mp4,e2d1ca4b2657cd82092765801adda59a7f71bc56.mp4	(9, 2)
0ed02c5bbb500542f88f0d7285e56e1186ac9bf5.flv,0ed02c5bbb500542f88f0d7285e56e1186ac9bf5.flv	(0, 0)(1, 1)(2, 2)(3, 3)(4, 4)(5, 5)
0ed02c5bbb500542f88f0d7285e56e1186ac9bf5.flv,13f06a567cbee6f40952cc13817a7774caa72903.flv	(2, 5)(3, 6)
0ed02c5bbb500542f88f0d7285e56e1186ac9bf5.flv,13f06a567cbee6f40952cc13817a7774caa72903.flv	(2, 5)
0ed02c5bbb500542f88f0d7285e56e1186ac9bf5.flv,1e04e15f77363ebb7cdfb8811cd3d5d6d8b18305.flv	
0ed02c5bbb500542f88f0d7285e56e1186ac9bf5.flv,2d38fff9674d85ddccdd873df98475153c20aedd.flv	
0ed02c5bbb500542f88f0d7285e56e1186ac9bf5.flv,42fe16072c4e7fbf1d1e280df7c1ad727446a615.mp4	(0, 0)(2, 2)
0ed02c5bbb500542f88f0d7285e56e1186ac9bf5.flv,49eccab61ab137fc0ab04c8029e3caec0fa2b35f.flv	(0, 1)(1, 2)(2, 3)
0ed02c5bbb500542f88f0d7285e56e1186ac9bf5.flv,5a6a49b7660b858476a69819cdf15a13ecf13c36.mp4	(0, 0)(0, 1)(1, 2)(2, 3)
0ed02c5bbb500542f88f0d7285e56e1186ac9bf5.flv,5a6a49b7660b858476a69819cdf15a13ecf13c36.mp4	(4, 12)
0ed02c5bbb500542f88f0d7285e56e1186ac9bf5.flv,8ad458ed4d45f32e8baa3bf5d84ad2a2a0324300.flv	(0, 4)
0ed02c5bbb500542f88f0d7285e56e1186ac9bf5.flv,afc75e8c02a5ecba44739b0623befa16afa1d896.flv	(0, 4)(1, 5)(2, 6)
0ed02c5bbb500542f88f0d7285e56e1186ac9bf5.flv,b91aa7020c5dd0a6518d11f745b275363f854bce.flv	(2, 2)
0ed02c5bbb500542f88f0d7285e56e1186ac9bf5.flv,cb593efe5b194fe67a8e5ffe33b35cca954cdcd4.flv	(0, 34)(1, 35)(2, 36)
0ed02c5bbb500542f88f0d7285e56e1186ac9bf5.flv,cb593efe5b194fe67a8e5ffe33b35cca954cdcd4.flv	(2, 7)
0ed02c5bbb500542f88f0d7285e56e1186ac9bf5.flv,cc3b8791039b9e7f664260d76f8ca6cc48004823.flv	(0, 18)(1, 20)(2, 21)
0ed02c5bbb500542f88f0d7285e56e1186ac9bf5.flv,e2d1ca4b2657cd82092765801adda59a7f71bc56.mp4	(1, 0)(2, 1)(2, 2)
13f06a567cbee6f40952cc13817a7774caa72903.flv,13f06a567cbee6f40952cc13817a7774caa72903.flv	(0, 0)(1, 1)(2, 2)(3, 3)(4, 4)(5, 5)(6, 6)(7, 7)(8, 8)(9, 9)(10, 10)(11, 11)(12, 12)(13, 13)(14, 14)(15, 15)
13f06a567cbee6f40952cc13817a7774caa72903.flv,1e04e15f77363ebb7cdfb8811cd3d5d6d8b18305.flv	(5, 7)
13f06a567cbee6f40952cc13817a7774caa72903.flv,2d38fff9674d85ddccdd873df98475153c20aedd.flv	
13f06a567cbee6f40952cc13817a7774caa72903.flv,42fe16072c4e7fbf1d1e280df7c1ad727446a615.mp4	(2, 0)(3, 1)(5, 2)
13f06a567cbee6f40952cc13817a7774caa72903.flv,49eccab61ab137fc0ab04c8029e3caec0fa2b35f.flv	(1, 0)(2, 1)(4, 2)(5, 3)(6, 5)
13f06a567cbee6f40952cc13817a7774caa72903.flv,5a6a49b7660b858476a69819cdf15a13ecf13c36.mp4	(1, 0)(2, 1)(4, 2)(5, 3)
13f06a567cbee6f40952cc13817a7774caa72903.flv,5a6a49b7660b858476a69819cdf15a13ecf13c36.mp4	(5, 6)
13f06a567cbee6f40952cc13817a7774caa72903.flv,8ad458ed4d45f32e8baa3bf5d84ad2a2a0324300.flv	(4, 9)
13f06a567cbee6f40952cc13817a7774caa72903.flv,afc75e8c02a5ecba44739b0623befa16afa1d896.flv	(1, 3)(2, 4)(3, 5)(5, 7)
13f06a567cbee6f40952cc13817a7774caa72903.flv,b91aa7020c5dd0a6518d11f745b275363f854bce.flv	(5, 2)
13f06a567cbee6f40952cc13817a7774caa72903.flv,cb593efe5b194fe67a8e5ffe33b35cca954cdcd4.flv	(1, 33)(3, 34)(4, 35)(5, 37)(6, 38)(7, 39)(8, 41)(9, 42)(10, 44)(11, 45)(12, 47)
13f06a567cbee6f40952cc13817a7774caa72903.flv,cb593efe5b194fe67a8e5ffe33b35cca954cdcd4.flv	(5, 36)(5, 37)
13f06a567cbee6f40952cc13817a7774caa72903.flv,cc3b8791039b9e7f664260d76f8ca6cc48004823.flv	
13f06a567cbee6f40952cc13817a7774caa72903.flv,cc3b8791039b9e7f664260d76f8ca6cc48004823.flv	(1, 17)(2, 18)(3, 19)(4, 20)(5, 21)
13f06a567cbee6f40952cc13817a7774caa72903.flv,e2d1ca4b2657cd82092765801adda59a7f71bc56.mp4	(4, 0)(5, 1)(5, 2)
1e04e15f77363ebb7cdfb8811cd3d5d6d8b18305.flv,1e04e15f77363ebb7cdfb8811cd3d5d6d8b18305.flv	(0, 0)(1, 1)(2, 2)(3, 3)(4, 4)(5, 5)(6, 6)(7, 7)(8, 8)(9, 9)(10, 10)(11, 11)(12, 12)(13, 13)(14, 14)(15, 15)(16, 16)(17, 17)(18, 18)(19, 19)(20, 20)(21, 21)(22, 22)
1e04e15f77363ebb7cdfb8811cd3d5d6d8b18305.flv,2d38fff9674d85ddccdd873df98475153c20aedd.flv	(7, 2)(10, 3)
1e04e15f77363ebb7cdfb8811cd3d5d6d8b18305.flv,42fe16072c4e7fbf1d1e280df7c1ad727446a615.mp4	(7, 2)(10, 3)
1e04e15f77363ebb7cdfb8811cd3d5d6d8b18305.flv,49eccab61ab137fc0ab04c8029e3caec0fa2b35f.flv	(7, 3)
1e04e15f77363ebb7cdfb8811cd3d5d6d8b18305.flv,5a6a49b7660b858476a69819cdf15a13ecf13c36.mp4	(7, 5)
1e04e15f77363ebb7cdfb8811cd3d5d6d8b18305.flv,5a6a49b7660b858476a69819cdf15a13ecf13c36.mp4	
1e04e15f77363ebb7cdfb8811cd3d5d6d8b18305.flv,8ad458ed4d45f32e8baa3bf5d84ad2a2a0324300.flv	(8, 11)
1e04e15f77363ebb7cdfb8811cd3d5d6d8b18305.flv,afc75e8c02a5ecba44739b0623befa16afa1d896.flv	(7, 6)
1e04e15f77363ebb7cdfb8811cd3d5d6d8b18305.flv,b91aa7020c5dd0a6518d11f745b275363f854bce.flv	(7, 2)
1e04e15f77363ebb7cdfb8811cd3d5d6d8b18305.flv,cb593efe5b194fe67a8e5ffe33b35cca954cdcd4.flv	(7, 7)(8, 8)(9, 9)(10, 10)
1e04e15f77363ebb7cdfb8811cd3d5d6d8b18305.flv,cb593efe5b194fe67a8e5ffe33b35cca954cdcd4.flv	(7, 36)(10, 37)
1e04e15f77363ebb7cdfb8811cd3d5d6d8b18305.flv,cc3b8791039b9e7f664260d76f8ca6cc48004823.flv	(7, 21)(10, 22)
1e04e15f77363ebb7cdfb8811cd3d5d6d8b18305.flv,e2d1ca4b2657cd82092765801adda59a7f71bc56.mp4	(7, 1)
2d38fff9674d85ddccdd873df98475153c20aedd.flv,2d38fff9674d85ddccdd873df98475153c20aedd.flv	(0, 0)(1, 1)(2, 2)(3, 3)
2d38fff9674d85ddccdd873df98475153c20aedd.flv,42fe16072c4e7fbf1d1e280df7c1ad727446a615.mp4	(2, 2)(3, 3)
2d38fff9674d85ddccdd873df98475153c20aedd.flv,49eccab61ab137fc0ab04c8029e3caec0fa2b35f.flv	(2, 2)
2d38fff9674d85ddccdd873df98475153c20aedd.flv,5a6a49b7660b858476a69819cdf15a13ecf13c36.mp4	
2d38fff9674d85ddccdd873df98475153c20aedd.flv,5a6a49b7660b858476a69819cdf15a13ecf13c36.mp4	(2, 6)(3, 6)
2d38fff9674d85ddccdd873df98475153c20aedd.flv,8ad458ed4d45f32e8baa3bf5d84ad2a2a0324300.flv	
2d38fff9674d85ddccdd873df98475153c20aedd.flv,afc75e8c02a5ecba44739b0623befa16afa1d896.flv	(2, 6)(3, 7)
2d38fff9674d85ddccdd873df98475153c20aedd.flv,b91aa7020c5dd0a6518d11f745b275363f854bce.flv	(2, 2)
2d38fff9674d85ddccdd873df98475153c20aedd.flv,cb593efe5b194fe67a8e5ffe33b35cca954cdcd4.flv	(2, 36)(3, 37)
2d38fff9674d85ddccdd873df98475153c20aedd.flv,cb593efe5b194fe67a8e5ffe33b35cca954cdcd4.flv	(2, 7)(3, 9)
2d38fff9674d85ddccdd873df98475153c20aedd.flv,cc3b8791039b9e7f664260d76f8ca6cc48004823.flv	(2, 21)(3, 22)
2d38fff9674d85ddccdd873df98475153c20aedd.flv,e2d1ca4b2657cd82092765801adda59a7f71bc56.mp4	(2, 1)(3, 2)
42fe16072c4e7fbf1d1e280df7c1ad727446a615.mp4,42fe16072c4e7fbf1d1e280df7c1ad727446a615.mp4	(0, 0)(1, 1)(2, 2)(3, 3)
42fe16072c4e7fbf1d1e280df7c1ad727446a615.mp4,49eccab61ab137fc0ab04c8029e3caec0fa2b35f.flv	(0, 1)(1, 2)(2, 3)
42fe16072c4e7fbf1d1e280df7c1ad727446a615.mp4,5a6a49b7660b858476a69819cdf15a13ecf13c36.mp4	(0, 1)(1, 2)(2, 3)
42fe16072c4e7fbf1d1e280df7c1ad727446a615.mp4,5a6a49b7660b858476a69819cdf15a13ecf13c36.mp4	(2, 5)(3, 6)
42fe16072c4e7fbf1d1e280df7c1ad727446a615.mp4,8ad458ed4d45f32e8baa3bf5d84ad2a2a0324300.flv	(0, 4)(1, 7)(3, 13)
42fe16072c4e7fbf1d1e280df7c1ad727446a615.mp4,afc75e8c02a5ecba44739b0623befa16afa1d896.flv	(0, 4)(1, 5)(2, 6)(3, 7)
42fe16072c4e7fbf1d1e280df7c1ad727446a615.mp4,b91aa7020c5dd0a6518d11f745b275363f854bce.flv	(2, 2)
42fe16072c4e7fbf1d1e280df7c1ad727446a615.mp4,cb593efe5b194fe67a8e5ffe33b35cca954cdcd4.flv	(0, 34)(2, 36)(3, 37)
42fe16072c4e7fbf1d1e280df7c1ad727446a615.mp4,cb593efe5b194fe67a8e5ffe33b35cca954cdcd4.flv	(2, 36)(3, 37)
42fe16072c4e7fbf1d1e280df7c1ad727446a615.mp4,cc3b8791039b9e7f664260d76f8ca6cc48004823.flv	(0, 18)(1, 19)(1, 20)(2, 21)(3, 22)
42fe16072c4e7fbf1d1e280df7c1ad727446a615.mp4,e2d1ca4b2657cd82092765801adda59a7f71bc56.mp4	(2, 1)(3, 2)
49eccab61ab137fc0ab04c8029e3caec0fa2b35f.flv,49eccab61ab137fc0ab04c8029e3caec0fa2b35f.flv	(0, 0)(1, 1)(2, 2)(3, 3)(4, 4)(5, 5)(6, 6)
49eccab61ab137fc0ab04c8029e3caec0fa2b35f.flv,5a6a49b7660b858476a69819cdf15a13ecf13c36.mp4	(0, 0)(1, 1)(2, 2)(3, 3)(4, 4)
49eccab61ab137fc0ab04c8029e3caec0fa2b35f.flv,8ad458ed4d45f32e8baa3bf5d84ad2a2a0324300.flv	(0, 3)(1, 5)(2, 7)
49eccab61ab137fc0ab04c8029e3caec0fa2b35f.flv,afc75e8c02a5ecba44739b0623befa16afa1d896.flv	(0, 3)(1, 4)
49eccab61ab137fc0ab04c8029e3caec0fa2b35f.flv,b91aa7020c5dd0a6518d11f745b275363f854bce.flv	(3, 2)
49eccab61ab137fc0ab04c8029e3caec0fa2b35f.flv,cb593efe5b194fe67a8e5ffe33b35cca954cdcd4.flv	(0, 33)(2, 35)(3, 36)(4, 37)(5, 38)
49eccab61ab137fc0ab04c8029e3caec0fa2b35f.flv,cb593efe5b194fe67a8e5ffe33b35cca954cdcd4.flv	(3, 7)
49eccab61ab137fc0ab04c8029e3caec0fa2b35f.flv,cc3b8791039b9e7f664260d76f8ca6cc48004823.flv	(0, 17)(1, 18)(3, 21)
49eccab61ab137fc0ab04c8029e3caec0fa2b35f.flv,e2d1ca4b2657cd82092765801adda59a7f71bc56.mp4	(2, 0)(3, 1)(3, 2)
5a6a49b7660b858476a69819cdf15a13ecf13c36.mp4,5a6a49b7660b858476a69819cdf15a13ecf13c36.mp4	(0, 0)(1, 1)(2, 2)(3, 3)(4, 4)(5, 5)(6, 6)(7, 7)(8, 8)(9, 9)(10, 10)(11, 11)(12, 12)(13, 13)(14, 14)
5a6a49b7660b858476a69819cdf15a13ecf13c36.mp4,8ad458ed4d45f32e8baa3bf5d84ad2a2a0324300.flv	(4, 14)
5a6a49b7660b858476a69819cdf15a13ecf13c36.mp4,afc75e8c02a5ecba44739b0623befa16afa1d896.flv	(0, 3)(3, 7)
5a6a49b7660b858476a69819cdf15a13ecf13c36.mp4,afc75e8c02a5ecba44739b0623befa16afa1d896.flv	(5, 6)(6, 7)
5a6a49b7660b858476a69819cdf15a13ecf13c36.mp4,b91aa7020c5dd0a6518d11f745b275363f854bce.flv	(2, 2)(3, 2)
5a6a49b7660b858476a69819cdf15a13ecf13c36.mp4,b91aa7020c5dd0a6518d11f745b275363f854bce.flv	(5, 2)(6, 2)
5a6a49b7660b858476a69819cdf15a13ecf13c36.mp4,cb593efe5b194fe67a8e5ffe33b35cca954cdcd4.flv	(0, 33)(2, 35)(3, 36)
5a6a49b7660b858476a69819cdf15a13ecf13c36.mp4,cb593efe5b194fe67a8e5ffe33b35cca954cdcd4.flv	(3, 7)
5a6a49b7660b858476a69819cdf15a13ecf13c36.mp4,cb593efe5b194fe67a8e5ffe33b35cca954cdcd4.flv	(3, 7)
5a6a49b7660b858476a69819cdf15a13ecf13c36.mp4,cb593efe5b194fe67a8e5ffe33b35cca954cdcd4.flv	(5, 7)
5a6a49b7660b858476a69819cdf15a13ecf13c36.mp4,cc3b8791039b9e7f664260d76f8ca6cc48004823.flv	(0, 5)
5a6a49b7660b858476a69819cdf15a13ecf13c36.mp4,cc3b8791039b9e7f664260d76f8ca6cc48004823.flv	(0, 17)(3, 21)
5a6a49b7660b858476a69819cdf15a13ecf13c36.mp4,cc3b8791039b9e7f664260d76f8ca6cc48004823.flv	(5, 21)(6, 22)
5a6a49b7660b858476a69819cdf15a13ecf13c36.mp4,e2d1ca4b2657cd82092765801adda59a7f71bc56.mp4	(2, 0)(3, 1)(3, 2)
8ad458ed4d45f32e8baa3bf5d84ad2a2a0324300.flv,8ad458ed4d45f32e8baa3bf5d84ad2a2a0324300.flv	(0, 0)(1, 1)(2, 2)(3, 3)(4, 4)(5, 5)(6, 6)(7, 7)(8, 8)(9, 9)(10, 10)(11, 11)(12, 12)(13, 13)(14, 14)(15, 15)
8ad458ed4d45f32e8baa3bf5d84ad2a2a0324300.flv,afc75e8c02a5ecba44739b0623befa16afa1d896.flv	(7, 4)(8, 5)
8ad458ed4d45f32e8baa3bf5d84ad2a2a0324300.flv,b91aa7020c5dd0a6518d11f745b275363f854bce.flv	
8ad458ed4d45f32e8baa3bf5d84ad2a2a0324300.flv,cb593efe5b194fe67a8e5ffe33b35cca954cdcd4.flv	(7, 34)(9, 35)
8ad458ed4d45f32e8baa3bf5d84ad2a2a0324300.flv,cb593efe5b194fe67a8e5ffe33b35cca954cdcd4.flv	(7, 7)(9, 9)(10, 10)
8ad458ed4d45f32e8baa3bf5d84ad2a2a0324300.flv,cc3b8791039b9e7f664260d76f8ca6cc48004823.flv	(0, 0)(1, 3)(2, 5)
8ad458ed4d45f32e8baa3bf5d84ad2a2a0324300.flv,cc3b8791039b9e7f664260d76f8ca6cc48004823.flv	(1, 16)(7, 18)(8, 19)(12, 21)(13, 22)
8ad458ed4d45f32e8baa3bf5d84ad2a2a0324300.flv,e2d1ca4b2657cd82092765801adda59a7f71bc56.mp4	(5, 0)(6, 0)(7, 1)(9, 2)
afc75e8c02a5ecba44739b0623befa16afa1d896.flv,afc75e8c02a5ecba44739b0623befa16afa1d896.flv	(0, 0)(1, 1)(2, 2)(3, 3)(4, 4)(5, 5)(6, 6)(7, 7)(8, 8)(9, 9)
afc75e8c02a5ecba44739b0623befa16afa1d896.flv,b91aa7020c5dd0a6518d11f745b275363f854bce.flv	(6, 2)
afc75e8c02a5ecba44739b0623befa16afa1d896.flv,cb593efe5b194fe67a8e5ffe33b35cca954cdcd4.flv	(2, 33)(6, 35)(7, 37)
afc75e8c02a5ecba44739b0623befa16afa1d896.flv,cb593efe5b194fe67a8e5ffe33b35cca954cdcd4.flv	(6, 7)
afc75e8c02a5ecba44739b0623befa16afa1d896.flv,cc3b8791039b9e7f664260d76f8ca6cc48004823.flv	(3, 5)
afc75e8c02a5ecba44739b0623befa16afa1d896.flv,cc3b8791039b9e7f664260d76f8ca6cc48004823.flv	(2, 16)(3, 17)(4, 18)(5, 19)(6, 21)(7, 22)
afc75e8c02a5ecba44739b0623befa16afa1d896.flv,e2d1ca4b2657cd82092765801adda59a7f71bc56.mp4	(6, 1)(7, 2)
b91aa7020c5dd0a6518d11f745b275363f854bce.flv,b91aa7020c5dd0a6518d11f745b275363f854bce.flv	(0, 0)(1, 1)(2, 2)(3, 3)
b91aa7020c5dd0a6518d11f745b275363f854bce.flv,cb593efe5b194fe67a8e5ffe33b35cca954cdcd4.flv	
b91aa7020c5dd0a6518d11f745b275363f854bce.flv,cb593efe5b194fe67a8e5ffe33b35cca954cdcd4.flv	
b91aa7020c5dd0a6518d11f745b275363f854bce.flv,cc3b8791039b9e7f664260d76f8ca6cc48004823.flv	(2, 21)
b91aa7020c5dd0a6518d11f745b275363f854bce.flv,e2d1ca4b2657cd82092765801adda59a7f71bc56.mp4	
cb593efe5b194fe67a8e5ffe33b35cca954cdcd4.flv,cb593efe5b194fe67a8e5ffe33b35cca954cdcd4.flv	(0, 0)(1, 1)(2, 2)(3, 3)(4, 4)(5, 5)(6, 6)(7, 7)(8, 8)(9, 9)(10, 10)(11, 11)(12, 12)(13, 13)(14, 14)(15, 15)(16, 16)(17, 17)(18, 18)(19, 19)(20, 20)(21, 21)(22, 22)(23, 23)(24, 24)(25, 25)(26, 26)(27, 27)(28, 28)(29, 29)(30, 30)(31, 31)(32, 32)(33, 33)(34, 34)(35, 35)(36, 36)(37, 37)(38, 38)(39, 39)(40, 40)(41, 41)(42, 42)(43, 43)(44, 44)(45, 45)(46, 46)(47, 47)
cb593efe5b194fe67a8e5ffe33b35cca954cdcd4.flv,cc3b8791039b9e7f664260d76f8ca6cc48004823.flv	(7, 21)
cb593efe5b194fe67a8e5ffe33b35cca954cdcd4.flv,cc3b8791039b9e7f664260d76f8ca6cc48004823.flv	
cb593efe5b194fe67a8e5ffe33b35cca954cdcd4.flv,cc3b8791039b9e7f664260d76f8ca6cc48004823.flv	(33, 17)(34, 19)(35, 20)(36, 21)(37, 22)
cb593efe5b194fe67a8e5ffe33b35cca954cdcd4.flv,e2d1ca4b2657cd82092765801adda59a7f71bc56.mp4	(35, 0)(36, 1)(37, 2)
cc3b8791039b9e7f664260d76f8ca6cc48004823.flv,cc3b8791039b9e7f664260d76f8ca6cc48004823.flv	(0, 0)(1, 1)(2, 2)(3, 3)(4, 4)(5, 5)(6, 6)(7, 7)(8, 8)(9, 9)(10, 10)(11, 11)(12, 12)(13, 13)(14, 14)(15, 15)(16, 16)(17, 17)(18, 18)(19, 19)(20, 20)(21, 21)(22, 22)(23, 23)(24, 24)(25, 25)(26, 26)(27, 27)(28, 28)(29, 29)(30, 30)(31, 31)
cc3b8791039b9e7f664260d76f8ca6cc48004823.flv,e2d1ca4b2657cd82092765801adda59a7f71bc56.mp4	(21, 1)(22, 2)
e2d1ca4b2657cd82092765801adda59a7f71bc56.mp4,e2d1ca4b2657cd82092765801adda59a7f71bc56.mp4	(0, 0)(1, 1)(2, 2)
